ts_code,trade_date,close,turnover_rate,turnover_rate_f,volume_ratio,pe,pe_ttm,pb,ps,ps_ttm,dv_ratio,dv_ttm,total_share,float_share,free_share,total_mv,circ_mv
002701.SZ,20251231,5.95,1.4431,2.1718,0.84,19.2667,13.7755,1.5566,1.1139,0.7197,2.0168,2.0168,255976.0469,255740.5761,169934.7795,1523057.4791,1521656.4278
002701.SZ,20251230,6.02,2.0758,3.1239,1.32,19.4933,13.9376,1.5749,1.127,0.7282,1.9934,1.9934,255976.0469,255740.5761,169934.7795,1540975.8023,1539558.2681
002701.SZ,20251229,6.06,1.6075,2.4192,1.01,19.6228,14.0302,1.5854,1.1345,0.733,1.9802,1.9802,255976.0469,255740.5761,169934.7795,1551214.8442,1549787.8912
002701.SZ,20251226,6.18,1.1661,1.755,0.66,20.0114,14.308,1.6168,1.157,0.7476,1.9417,1.9417,255976.0469,255740.5761,169934.7795,1581931.9698,1580476.7603
002701.SZ,20251225,6.18,1.7735,2.669,1.03,20.0114,14.308,1.6168,1.157,0.7476,1.9417,1.9417,255976.0469,255740.5761,169934.7795,1581931.9698,1580476.7603
002701.SZ,20251224,6.19,1.9226,2.8933,1.12,20.0438,14.3312,1.6194,1.1589,0.7488,1.9386,1.9386,255976.0469,255740.5761,169934.7795,1584491.7303,1583034.1661
002701.SZ,20251223,6.08,1.3903,2.0923,0.8,19.6876,14.0765,1.5906,1.1383,0.7355,1.9737,1.9737,255976.0469,255740.5761,169934.7795,1556334.3652,1554902.7027
002701.SZ,20251222,6.05,1.6867,2.5383,0.94,19.5905,14.007,1.5828,1.1326,0.7318,1.9835,1.9835,255976.0469,255740.5761,169934.7795,1548655.0837,1547230.4854
002701.SZ,20251219,6.15,2.0091,3.0235,1.1,19.9143,14.2386,1.6089,1.1514,0.7439,1.9512,1.9512,255976.0469,255740.5761,169934.7795,1574252.6884,1572804.543
002701.SZ,20251218,6.04,1.6356,2.4615,0.98,19.5581,13.9839,1.5802,1.1308,0.7306,1.9868,1.9868,255976.0469,255740.5761,169934.7795,1546095.3233,1544673.0796
002701.SZ,20251217,5.99,1.8382,2.7664,1.26,19.3962,13.8681,1.5671,1.1214,0.7246,2.0033,2.0033,255976.0469,255740.5761,169934.7795,1533296.5209,1531886.0508
002701.SZ,20251216,5.92,1.4808,2.2285,1.03,19.1695,13.7061,1.5488,1.1083,0.7161,2.027,2.027,255976.0469,255740.5761,169934.7795,1515378.1976,1513984.2105
002701.SZ,20251215,5.95,2.0131,3.0296,1.54,19.2667,13.7755,1.5566,1.1139,0.7197,2.0168,2.0168,255976.0469,255740.5761,169934.7795,1523057.4791,1521656.4278
002701.SZ,20251212,5.93,2.1334,3.2107,2.01,19.2019,13.7292,1.5514,1.1102,0.7173,2.0236,2.0236,255976.0469,255740.5761,169934.7795,1517937.9581,1516541.6163
002701.SZ,20251211,5.73,0.8391,1.2628,0.78,18.5543,13.2662,1.4991,1.0727,0.6931,2.0942,2.0942,255976.0469,255740.5761,169934.7795,1466742.7487,1465393.5011
002701.SZ,20251210,5.88,0.8336,1.2546,0.77,19.04,13.6135,1.5383,1.1008,0.7113,2.0408,2.0408,255976.0469,255740.5761,169934.7795,1505139.1558,1503754.5875
002701.SZ,20251209,5.85,1.3653,2.0547,1.45,18.9428,13.544,1.5304,1.0952,0.7076,2.0513,2.0513,255976.0469,255740.5761,169934.7795,1497459.8744,1496082.3702
002701.SZ,20251208,5.77,1.381,2.0784,1.47,18.6838,13.3588,1.5095,1.0802,0.698,2.0797,2.0797,255976.0469,255740.5761,169934.7795,1476981.7906,1475623.1241
002701.SZ,20251205,5.98,0.8788,1.3226,0.96,19.3638,13.845,1.5645,1.1195,0.7234,2.0067,2.0067,255976.0469,255740.5761,169934.7795,1530736.7605,1529328.6451
002701.SZ,20251204,5.91,0.9203,1.385,0.93,19.1371,13.6829,1.5461,1.1064,0.7149,2.0305,2.0305,255976.0469,255740.5761,169934.7795,1512818.4372,1511426.8048
002701.SZ,20251203,5.87,0.8466,1.2741,0.84,19.0076,13.5903,1.5357,1.0989,0.7101,2.0443,2.0443,255976.0469,255740.5761,169934.7795,1502579.3953,1501197.1817
002701.SZ,20251202,5.84,0.6782,1.0207,0.64,18.9105,13.5208,1.5278,1.0933,0.7064,2.0548,2.0548,255976.0469,255740.5761,169934.7795,1494900.1139,1493524.9644
002701.SZ,20251201,5.9,1.3718,2.0644,1.43,19.1048,13.6598,1.5435,1.1046,0.7137,2.0339,2.0339,255976.0469,255740.5761,169934.7795,1510258.6767,1508869.399
002701.SZ,20251128,5.71,0.7674,1.1549,0.74,18.4895,13.2199,1.4938,1.069,0.6907,2.1016,2.1016,255976.0469,255740.5761,169934.7795,1461623.2278,1460278.6895
002701.SZ,20251127,5.76,1.269,1.9097,1.4,18.6514,13.3356,1.5069,1.0784,0.6968,2.0833,2.0833,255976.0469,255740.5761,169934.7795,1474422.0301,1473065.7183
002701.SZ,20251126,5.64,0.9544,1.4363,1.12,18.2628,13.0578,1.4755,1.0559,0.6822,2.1277,2.1277,255976.0469,255740.5761,169934.7795,1443704.9045,1442376.8492
002701.SZ,20251125,5.62,0.9664,1.4544,1.11,18.1981,13.0115,1.4703,1.0521,0.6798,2.1352,2.1352,255976.0469,255740.5761,169934.7795,1438585.3836,1437262.0377
002701.SZ,20251124,5.57,0.8554,1.2873,0.94,18.0362,12.8957,1.4572,1.0428,0.6738,2.1544,2.1544,255976.0469,255740.5761,169934.7795,1425786.5812,1424475.0089
002701.SZ,20251121,5.55,1.1228,1.6898,1.14,17.9714,12.8494,1.452,1.039,0.6713,2.1622,2.1622,255976.0469,255740.5761,169934.7795,1420667.0603,1419360.1974
002701.SZ,20251120,5.69,0.6475,0.9744,0.56,18.4248,13.1736,1.4886,1.0652,0.6883,2.109,2.109,255976.0469,255740.5761,169934.7795,1456503.7069,1455163.878
002701.SZ,20251119,5.69,0.6644,0.9999,0.52,18.4248,13.1736,1.4886,1.0652,0.6883,2.109,2.109,255976.0469,255740.5761,169934.7795,1456503.7069,1455163.878
002701.SZ,20251118,5.74,1.0457,1.5737,0.79,18.5867,13.2893,1.5017,1.0746,0.6943,2.0906,2.0906,255976.0469,255740.5761,169934.7795,1469302.5092,1467950.9068
002701.SZ,20251117,5.86,1.0468,1.5754,0.71,18.9752,13.5672,1.5331,1.0971,0.7088,2.0478,2.0478,255976.0469,255740.5761,169934.7795,1500019.6348,1498639.7759
002701.SZ,20251114,5.93,1.5036,2.2628,1.1,19.2019,13.7292,1.5514,1.1102,0.7173,2.0236,2.0236,255976.0469,255740.5761,169934.7795,1517937.9581,1516541.6163
002701.SZ,20251113,6.14,1.5367,2.3127,1.19,19.8819,14.2154,1.6063,1.1495,0.7427,1.9544,1.9544,255976.0469,255740.5761,169934.7795,1571692.928,1570247.1373
002701.SZ,20251112,6.08,1.2745,1.918,0.94,19.6876,14.0765,1.5906,1.1383,0.7355,1.9737,1.9737,255976.0469,255740.5761,169934.7795,1556334.3652,1554902.7027
002701.SZ,20251111,6.03,1.2785,1.924,0.93,19.5257,13.9607,1.5775,1.1289,0.7294,1.99,1.99,255976.0469,255740.5761,169934.7795,1543535.5628,1542115.6739
002701.SZ,20251110,6.07,1.7909,2.6952,1.3,19.6552,14.0533,1.588,1.1364,0.7343,1.9769,1.9769,255976.0469,255740.5761,169934.7795,1553774.6047,1552345.2969
002701.SZ,20251107,5.94,0.9596,1.4441,0.62,19.2343,13.7524,1.554,1.1121,0.7185,2.0202,2.0202,255976.0469,255740.5761,169934.7795,1520497.7186,1519099.022
002701.SZ,20251106,5.97,1.1589,1.7441,0.72,19.3314,13.8218,1.5618,1.1177,0.7222,2.0101,2.0101,255976.0469,255740.5761,169934.7795,1528177.0,1526771.2393
002701.SZ,20251105,5.92,1.5888,2.391,1.02,19.1695,13.7061,1.5488,1.1083,0.7161,2.027,2.027,255976.0469,255740.5761,169934.7795,1515378.1976,1513984.2105
002701.SZ,20251104,5.88,1.3759,2.0706,0.89,19.04,13.6135,1.5383,1.1008,0.7113,2.0408,2.0408,255976.0469,255740.5761,169934.7795,1505139.1558,1503754.5875
002701.SZ,20251103,5.97,1.8307,2.7551,1.18,19.3314,13.8218,1.5618,1.1177,0.7222,2.0101,2.0101,255976.0469,255740.5761,169934.7795,1528177.0,1526771.2393
002701.SZ,20251031,6.02,1.7979,2.7058,1.25,19.4933,13.9376,1.5749,1.127,0.7282,1.9934,1.9934,255976.0469,255740.5761,169934.7795,1540975.8023,1539558.2681
002701.SZ,20251030,6.11,1.4165,2.1101,1.03,19.7848,13.6573,1.6189,1.1439,0.8597,1.964,1.964,255976.0469,255740.5761,171683.5155,1564013.6466,1562574.92
002701.SZ,20251029,6.19,1.3651,2.0335,1.0,20.0438,13.8361,1.6401,1.1589,0.8709,1.9386,1.9386,255976.0469,255740.5761,171683.5155,1584491.7303,1583034.1661
002701.SZ,20251028,6.1,1.3315,1.9834,0.88,19.7524,13.6349,1.6163,1.142,0.8582,1.9672,1.9672,255976.0469,255740.5761,171683.5155,1561453.8861,1560017.5142
002701.SZ,20251027,6.15,1.847,2.7513,1.04,19.9143,13.7467,1.6295,1.1514,0.8653,1.9512,1.9512,255976.0469,255740.5761,171683.5155,1574252.6884,1572804.543
002701.SZ,20251024,6.08,1.2532,1.8668,0.6,19.6876,13.5902,1.611,1.1383,0.8554,1.9737,1.9737,255976.0469,255740.5761,171683.5155,1556334.3652,1554902.7027
002701.SZ,20251023,6.13,1.1073,1.6495,0.46,19.8495,13.702,1.6242,1.1476,0.8625,1.9576,1.9576,255976.0469,255740.5761,171683.5155,1569133.1675,1567689.7315
002701.SZ,20251022,6.12,1.2771,1.9023,0.41,19.8171,13.6796,1.6216,1.1457,0.8611,1.9608,1.9608,255976.0469,255740.5761,171683.5155,1566573.407,1565132.3257
002701.SZ,20251021,6.23,2.094,3.1192,0.48,20.1733,13.9255,1.6507,1.1663,0.8765,1.9262,1.9262,255976.0469,255740.5761,171683.5155,1594730.7722,1593263.7891
002701.SZ,20251020,6.11,3.161,4.7087,0.66,19.7848,13.6573,1.6189,1.1439,0.8597,1.964,1.964,255976.0469,255740.5761,171683.5155,1564013.6466,1562574.92
002701.SZ,20251017,6.31,2.7513,4.0983,0.59,20.4324,14.1043,1.6719,1.1813,0.8878,1.9017,1.9017,255976.0469,255740.5761,171683.5155,1615208.8559,1613723.0352
002701.SZ,20251016,6.44,2.7577,4.1078,0.63,20.8533,14.3949,1.7064,1.2057,0.9061,1.8634,1.8634,255976.0469,255740.5761,171683.5155,1648485.742,1646969.3101
002701.SZ,20251015,6.5,4.6313,6.8988,1.27,21.0476,14.529,1.7223,1.2169,0.9145,1.8462,1.8462,255976.0469,255740.5761,171683.5155,1663844.3049,1662313.7447
002701.SZ,20251014,6.37,8.3289,12.4068,3.74,20.6267,14.2385,1.6878,1.1926,0.8962,1.8838,1.8838,255976.0469,255740.5761,171683.5155,1630567.4188,1629067.4698
002701.SZ,20251013,6.26,5.4313,8.0905,4.23,20.2705,13.9926,1.6587,1.172,0.8808,1.9169,1.9169,255976.0469,255740.5761,171683.5155,1602410.0536,1600936.0064
002701.SZ,20251010,5.69,2.3387,3.4837,2.37,18.4248,12.7185,1.5076,1.0652,0.8006,2.109,2.109,255976.0469,255740.5761,171683.5155,1456503.7069,1455163.878
002701.SZ,20251009,5.43,1.2155,1.8107,1.38,17.5828,12.1373,1.4388,1.0166,0.764,2.2099,2.2099,255976.0469,255740.5761,171683.5155,1389949.9347,1388671.3282
002701.SZ,20250930,5.41,0.958,1.4271,1.11,17.5181,12.0926,1.4335,1.0128,0.7612,2.2181,2.2181,255976.0469,255740.5761,171683.5155,1384830.4137,1383556.5167
002701.SZ,20250929,5.47,1.1972,1.7833,1.53,17.7124,12.2267,1.4494,1.0241,0.7696,2.1938,2.1938,255976.0469,255740.5761,171683.5155,1400188.9765,1398900.9513
002701.SZ,20250926,5.45,0.7032,1.0475,0.88,17.6476,12.182,1.4441,1.0203,0.7668,2.2018,2.2018,255976.0469,255740.5761,171683.5155,1395069.4556,1393786.1397
002701.SZ,20250925,5.42,0.8537,1.2716,0.95,17.5505,12.115,1.4361,1.0147,0.7626,2.214,2.214,255976.0469,255740.5761,171683.5155,1387390.1742,1386113.9225
002701.SZ,20250924,5.5,0.7025,1.0464,0.77,17.8095,12.2938,1.4573,1.0297,0.7738,2.1818,2.1818,255976.0469,255740.5761,171683.5155,1407868.258,1406573.1686
002701.SZ,20250923,5.48,0.8619,1.2838,0.92,17.7448,12.2491,1.452,1.0259,0.771,2.1898,2.1898,255976.0469,255740.5761,171683.5155,1402748.737,1401458.357
002701.SZ,20250922,5.59,0.7836,1.1673,0.83,18.1009,12.495,1.4811,1.0465,0.7865,2.1467,2.1467,255976.0469,255740.5761,171683.5155,1430906.1022,1429589.8204
002701.SZ,20250919,5.66,0.7929,1.1811,0.82,18.3276,12.6514,1.4997,1.0596,0.7963,2.1201,2.1201,255976.0469,255740.5761,171683.5155,1448824.4255,1447491.6607
002701.SZ,20250918,5.61,1.3679,2.0377,1.47,18.1657,12.5397,1.4864,1.0503,0.7893,2.139,2.139,255976.0469,255740.5761,171683.5155,1436025.6231,1434704.6319
002701.SZ,20250917,5.78,0.7752,1.1548,0.81,18.7162,12.9197,1.5315,1.0821,0.8132,2.0761,2.0761,255976.0469,255740.5761,171683.5155,1479541.5511,1478180.5299
002701.SZ,20250916,5.81,0.9569,1.4255,0.92,18.8133,12.9867,1.5394,1.0877,0.8174,2.0654,2.0654,255976.0469,255740.5761,171683.5155,1487220.8325,1485852.7471
002701.SZ,20250915,5.88,0.8066,1.2015,0.61,19.04,13.1432,1.558,1.1008,0.8273,2.0408,2.0408,255976.0469,255740.5761,171683.5155,1505139.1558,1503754.5875
002701.SZ,20250912,5.88,0.9444,1.4067,0.53,19.04,13.1432,1.558,1.1008,0.8273,2.0408,2.0408,255976.0469,255740.5761,171683.5155,1505139.1558,1503754.5875
002701.SZ,20250911,5.89,1.1684,1.7405,0.65,19.0724,13.1655,1.5606,1.1027,0.8287,2.0374,2.0374,255976.0469,255740.5761,171683.5155,1507698.9162,1506311.9932
002701.SZ,20250910,5.86,0.8958,1.3344,0.49,18.9752,13.0985,1.5527,1.0971,0.8245,2.0478,2.0478,255976.0469,255740.5761,171683.5155,1500019.6348,1498639.7759
002701.SZ,20250909,5.86,1.3765,2.0504,0.77,18.9752,13.0985,1.5527,1.0971,0.8245,2.0478,2.0478,255976.0469,255740.5761,171683.5155,1500019.6348,1498639.7759
002701.SZ,20250908,5.92,2.2742,3.3876,1.45,19.1695,13.2326,1.5686,1.1083,0.8329,2.027,2.027,255976.0469,255740.5761,171683.5155,1515378.1976,1513984.2105
002701.SZ,20250905,5.81,3.1961,4.761,2.72,18.8133,12.9867,1.5394,1.0877,0.8174,2.0654,2.0654,255976.0469,255740.5761,171683.5155,1487220.8325,1485852.7471
002701.SZ,20250904,5.57,1.2547,1.869,1.1,18.0362,12.4503,1.4759,1.0428,0.7837,2.1544,2.1544,255976.0469,255740.5761,171683.5155,1425786.5812,1424475.0089
002701.SZ,20250903,5.56,1.1237,1.6739,0.97,18.0038,12.4279,1.4732,1.0409,0.7823,2.1583,2.1583,255976.0469,255740.5761,171683.5155,1423226.8208,1421917.6031
002701.SZ,20250902,5.5,1.1475,1.7093,0.95,17.8095,12.2938,1.4573,1.0297,0.7738,2.1818,2.1818,255976.0469,255740.5761,171683.5155,1407868.258,1406573.1686
002701.SZ,20250901,5.58,1.1133,1.6583,0.9,18.0686,12.4726,1.4785,1.0447,0.7851,2.1505,2.1505,255976.0469,255740.5761,171683.5155,1428346.3417,1427032.4146
002701.SZ,20250829,5.55,1.2381,1.8633,1.02,17.9714,12.083,1.5137,1.039,0.9051,2.1622,2.1622,255976.0469,255740.5761,169934.7795,1420667.0603,1419360.1974
002701.SZ,20250828,5.61,1.0753,1.6183,0.9,18.1657,12.2136,1.53,1.0503,0.9149,2.139,2.139,255976.0469,255740.5761,169934.7795,1436025.6231,1434704.6319
002701.SZ,20250827,5.62,1.2392,1.8649,1.09,18.1981,12.2354,1.5328,1.0521,0.9165,2.1352,2.1352,255976.0469,255740.5761,169934.7795,1438585.3836,1437262.0377
002701.SZ,20250826,5.73,1.4014,2.109,1.23,18.5543,12.4748,1.5628,1.0727,0.9345,2.0942,2.0942,255976.0469,255740.5761,169934.7795,1466742.7487,1465393.5011
002701.SZ,20250825,5.64,1.2154,1.8291,1.1,18.2628,12.2789,1.5382,1.0559,0.9198,2.1277,2.1277,255976.0469,255740.5761,169934.7795,1443704.9045,1442376.8492
002701.SZ,20250822,5.63,1.1093,1.6694,1.08,18.2305,12.2571,1.5355,1.054,0.9182,2.1314,2.1314,255976.0469,255740.5761,169934.7795,1441145.144,1439819.4434
002701.SZ,20250821,5.63,1.0089,1.5184,1.03,18.2305,12.2571,1.5355,1.054,0.9182,2.1314,2.1314,255976.0469,255740.5761,169934.7795,1441145.144,1439819.4434
002701.SZ,20250820,5.58,0.9401,1.4149,0.99,18.0686,12.1483,1.5218,1.0447,0.91,2.1505,2.1505,255976.0469,255740.5761,169934.7795,1428346.3417,1427032.4146
002701.SZ,20250819,5.56,1.4001,2.1071,1.76,18.0038,12.1047,1.5164,1.0409,0.9068,2.1583,2.1583,255976.0469,255740.5761,169934.7795,1423226.8208,1421917.6031
002701.SZ,20250818,5.45,1.0892,1.6392,1.37,17.6476,11.8653,1.4864,1.0203,0.8888,2.2018,2.2018,255976.0469,255740.5761,169934.7795,1395069.4556,1393786.1397
002701.SZ,20250815,5.43,0.7175,1.0798,0.84,17.5828,11.8217,1.4809,1.0166,0.8856,2.2099,2.2099,255976.0469,255740.5761,169934.7795,1389949.9347,1388671.3282
002701.SZ,20250814,5.41,0.7568,1.139,0.92,17.5181,11.7782,1.4755,1.0128,0.8823,2.2181,2.2181,255976.0469,255740.5761,169934.7795,1384830.4137,1383556.5167
002701.SZ,20250813,5.47,0.774,1.1648,0.97,17.7124,11.9088,1.4918,1.0241,0.8921,2.1938,2.1938,255976.0469,255740.5761,169934.7795,1400188.9765,1398900.9513
002701.SZ,20250812,5.48,0.6325,0.9519,0.73,17.7448,11.9306,1.4946,1.0259,0.8937,2.1898,2.1898,255976.0469,255740.5761,169934.7795,1402748.737,1401458.357
002701.SZ,20250811,5.49,1.0855,1.6336,1.35,17.7771,11.9523,1.4973,1.0278,0.8953,2.1858,2.1858,255976.0469,255740.5761,169934.7795,1405308.4975,1404015.7628
002701.SZ,20250808,5.51,1.0399,1.565,1.44,17.8419,11.9959,1.5028,1.0315,0.8986,2.1779,2.1779,255976.0469,255740.5761,169934.7795,1410428.0184,1409130.5743
002701.SZ,20250807,5.46,0.5849,0.8802,0.71,17.68,11.887,1.4891,1.0222,0.8904,2.1978,2.1978,255976.0469,255740.5761,169934.7795,1397629.2161,1396343.5455
002701.SZ,20250806,5.47,0.6433,0.9681,0.76,17.7124,11.9088,1.4918,1.0241,0.8921,2.1938,2.1938,255976.0469,255740.5761,169934.7795,1400188.9765,1398900.9513
002701.SZ,20250805,5.46,0.9491,1.4284,1.07,17.68,11.887,1.4891,1.0222,0.8904,2.1978,2.1978,255976.0469,255740.5761,169934.7795,1397629.2161,1396343.5455
002701.SZ,20250804,5.45,0.805,1.2114,0.89,17.6476,11.8653,1.4864,1.0203,0.8888,2.2018,2.2018,255976.0469,255740.5761,169934.7795,1395069.4556,1393786.1397
002701.SZ,20250801,5.4,0.6401,0.9632,0.72,17.4857,11.7564,1.4728,1.011,0.8807,2.2222,2.2222,255976.0469,255740.5761,169934.7795,1382270.6533,1380999.1109
002701.SZ,20250731,5.39,1.0966,1.6502,1.21,17.4533,11.7346,1.47,1.0091,0.879,2.2263,2.2263,255976.0469,255740.5761,169934.7795,1379710.8928,1378441.7052
002701.SZ,20250730,5.5,0.7468,1.1239,0.76,17.8095,11.9741,1.5,1.0297,0.897,2.1818,2.1818,255976.0469,255740.5761,169934.7795,1407868.258,1406573.1686
002701.SZ,20250729,5.53,1.1461,1.7249,1.16,17.9067,12.0394,1.5082,1.0353,0.9019,2.17,2.17,255976.0469,255740.5761,169934.7795,1415547.5394,1414245.3858
002701.SZ,20250728,5.59,0.9039,1.3602,0.9,18.1009,12.1701,1.5246,1.0465,0.9116,2.1467,2.1467,255976.0469,255740.5761,169934.7795,1430906.1022,1429589.8204
002701.SZ,20250725,5.7,0.5677,0.8544,0.52,18.4571,12.4095,1.5546,1.0671,0.9296,2.1053,2.1053,255976.0469,255740.5761,169934.7795,1459063.4673,1457721.2838
002701.SZ,20250724,5.7,1.1615,1.7481,1.11,18.4571,12.4095,1.5546,1.0671,0.9296,2.1053,2.1053,255976.0469,255740.5761,169934.7795,1459063.4673,1457721.2838
002701.SZ,20250723,5.76,1.1183,1.683,0.95,18.6514,12.5402,1.5709,1.0784,0.9394,2.0833,2.0833,255976.0469,255740.5761,169934.7795,1474422.0301,1473065.7183
002701.SZ,20250722,5.74,1.1943,1.7974,0.84,18.5867,12.4966,1.5655,1.0746,0.9361,2.0906,2.0906,255976.0469,255740.5761,169934.7795,1469302.5092,1467950.9068
002701.SZ,20250721,5.66,0.9795,1.474,0.71,18.3276,12.3224,1.5437,1.0596,0.9231,2.1201,2.1201,255976.0469,255740.5761,169934.7795,1448824.4255,1447491.6607
002701.SZ,20250718,5.62,1.0228,1.5393,0.71,18.1981,12.2354,1.5328,1.0521,0.9165,2.1352,2.1352,255976.0469,255740.5761,169934.7795,1438585.3836,1437262.0377
002701.SZ,20250717,5.65,0.8949,1.3468,0.64,18.2952,12.3007,1.5409,1.0578,0.9214,2.1239,2.1239,255976.0469,255740.5761,169934.7795,1446264.665,1444934.255
002701.SZ,20250716,5.67,1.7711,2.6654,1.49,18.36,12.3442,1.5464,1.0615,0.9247,2.1164,2.1164,255976.0469,255740.5761,169934.7795,1451384.1859,1450049.0665
002701.SZ,20250715,5.75,2.4339,3.6629,2.79,18.619,12.5184,1.5682,1.0765,0.9377,2.087,2.087,255976.0469,255740.5761,169934.7795,1471862.2697,1470508.3126
002701.SZ,20250714,5.99,0.7284,1.0962,0.82,19.3962,13.0409,1.6337,1.1214,0.9769,2.0033,2.0033,255976.0469,255740.5761,169934.7795,1533296.5209,1531886.0508
002701.SZ,20250711,6.05,1.4205,2.1378,1.87,19.5905,13.1715,1.65,1.1326,0.9867,1.9835,1.9835,255976.0469,255740.5761,169934.7795,1548655.0837,1547230.4854
002701.SZ,20250710,5.95,0.6226,0.9369,0.7,19.2667,12.9538,1.6228,1.1139,0.9704,2.0168,2.0168,255976.0469,255740.5761,169934.7795,1523057.4791,1521656.4278
002701.SZ,20250709,5.96,0.7251,1.0912,0.71,19.299,12.9756,1.6255,1.1158,0.972,2.0134,2.0134,255976.0469,255740.5761,169934.7795,1525617.2395,1524213.8336
002701.SZ,20250708,5.97,0.8595,1.2935,0.8,19.3314,12.9974,1.6282,1.1177,0.9736,2.0101,2.0101,255976.0469,255740.5761,169934.7795,1528177.0,1526771.2393
002701.SZ,20250707,5.93,0.8286,1.2471,0.75,19.2019,12.9103,1.6173,1.1102,0.9671,2.0236,2.0236,255976.0469,255740.5761,169934.7795,1517937.9581,1516541.6163
002701.SZ,20250704,5.94,0.7602,1.1441,0.63,19.2343,12.932,1.62,1.1121,0.9687,2.0202,2.0202,255976.0469,255740.5761,169934.7795,1520497.7186,1519099.022
002701.SZ,20250703,5.96,1.2967,1.9515,1.05,19.299,12.9756,1.6255,1.1158,0.972,2.0134,2.0134,255976.0469,255740.5761,169934.7795,1525617.2395,1524213.8336
002701.SZ,20250702,5.87,1.3383,2.0141,0.98,19.0076,12.7796,1.6009,1.0989,0.9573,2.0443,2.0443,255976.0469,255740.5761,169934.7795,1502579.3953,1501197.1817
002701.SZ,20250701,5.9,1.1259,1.6944,0.86,19.1048,12.845,1.6091,1.1046,0.9622,2.0339,2.0339,255976.0469,255740.5761,169934.7795,1510258.6767,1508869.399
002701.SZ,20250630,5.95,1.011,1.5215,0.8,19.2667,12.9538,1.6228,1.1139,0.9704,2.0168,2.0168,255976.0469,255740.5761,169934.7795,1523057.4791,1521656.4278
002701.SZ,20250627,5.96,1.2957,1.95,1.05,19.299,12.9756,1.6255,1.1158,0.972,2.0134,2.0134,255976.0469,255740.5761,169934.7795,1525617.2395,1524213.8336
002701.SZ,20250626,6.11,1.4061,2.1161,1.15,19.7848,13.3021,1.6136,1.1439,0.9965,1.964,1.964,255976.0469,255740.5761,169934.7795,1564013.6466,1562574.92
002701.SZ,20250625,6.04,1.961,2.9512,2.05,19.5581,13.1498,1.5951,1.1308,0.985,1.9868,1.9868,255976.0469,255740.5761,169934.7795,1546095.3233,1544673.0796
002701.SZ,20250624,5.85,0.8848,1.3316,0.91,18.9428,12.7361,1.5449,1.0952,0.9541,2.0513,2.0513,255976.0469,255740.5761,169934.7795,1497459.8744,1496082.3702
002701.SZ,20250623,5.84,0.783,1.1783,0.74,18.9105,12.7143,1.5423,1.0933,0.9524,2.0548,2.0548,255976.0469,255740.5761,169934.7795,1494900.1139,1493524.9644
002701.SZ,20250620,5.82,1.1412,1.7174,1.05,18.8457,12.6708,1.537,1.0896,0.9492,2.0619,2.0619,255976.0469,255740.5761,169934.7795,1489780.593,1488410.1529
002701.SZ,20250619,5.9,1.3553,2.0397,1.28,19.1048,12.845,1.5581,1.1046,0.9622,2.0339,2.0339,255976.0469,255740.5761,169934.7795,1510258.6767,1508869.399
002701.SZ,20250618,5.85,0.6125,0.9218,0.47,18.9428,12.7361,1.5449,1.0952,0.9541,2.0513,2.0513,255976.0469,255740.5761,169934.7795,1497459.8744,1496082.3702
002701.SZ,20250617,5.84,0.967,1.4552,0.73,18.9105,12.7143,1.5423,1.0933,0.9524,2.0548,2.0548,255976.0469,255740.5761,169934.7795,1494900.1139,1493524.9644
002701.SZ,20250616,5.88,1.243,1.8706,1.0,19.04,12.8014,1.5528,1.1008,0.9589,2.0408,2.0408,255976.0469,255740.5761,169934.7795,1505139.1558,1503754.5875
002701.SZ,20250613,5.87,1.2546,1.8881,1.09,19.0076,12.7796,1.5502,1.0989,0.9573,2.0443,2.0443,255976.0469,255740.5761,169934.7795,1502579.3953,1501197.1817
002701.SZ,20250612,5.86,1.2112,1.8228,1.1,18.9752,12.7579,1.5476,1.0971,0.9557,2.0478,2.0478,255976.0469,255740.5761,169934.7795,1500019.6348,1498639.7759
002701.SZ,20250611,5.82,1.8342,2.7603,1.75,18.8457,12.6708,1.537,1.0896,0.9492,2.0619,2.0619,255976.0469,255740.5761,169934.7795,1489780.593,1488410.1529
002701.SZ,20250610,5.65,1.064,1.6012,1.04,18.2952,12.3007,1.4921,1.0578,0.9214,2.1239,2.1239,255976.0469,255740.5761,169934.7795,1446264.665,1444934.255
002701.SZ,20250609,5.74,0.8239,1.2399,0.81,18.5867,12.4966,1.5159,1.0746,0.9361,2.0906,2.0906,255976.0469,255740.5761,169934.7795,1469302.5092,1467950.9068
002701.SZ,20250606,5.74,0.8102,1.2193,0.77,18.5867,12.4966,1.5159,1.0746,0.9361,2.0906,2.0906,255976.0469,255740.5761,169934.7795,1469302.5092,1467950.9068
002701.SZ,20250605,5.74,0.9648,1.4519,0.96,18.5867,12.4966,1.5159,1.0746,0.9361,2.0906,2.0906,255976.0469,255740.5761,169934.7795,1469302.5092,1467950.9068
002701.SZ,20250604,5.75,1.5841,2.3839,1.74,18.619,12.5184,1.5185,1.0765,0.9377,2.087,2.087,255976.0469,255740.5761,169934.7795,1471862.2697,1470508.3126
002701.SZ,20250603,5.58,0.9079,1.3663,0.98,18.0686,12.1483,1.4736,1.0447,0.91,2.1505,2.1505,255976.0469,255740.5761,169934.7795,1428346.3417,1427032.4146
002701.SZ,20250530,5.54,0.8355,1.2574,0.87,17.939,12.0612,1.4631,1.0372,0.9035,2.1661,2.1661,255976.0469,255740.5761,169934.7795,1418107.2998,1416802.7916
002701.SZ,20250529,5.55,0.9886,1.4878,1.02,17.9714,12.083,1.4657,1.039,0.9051,2.1622,2.1622,255976.0469,255740.5761,169934.7795,1420667.0603,1419360.1974
002701.SZ,20250528,5.59,0.6991,1.0522,0.67,18.1009,12.1701,1.4763,1.0465,0.9116,2.1467,2.1467,255976.0469,255740.5761,169934.7795,1430906.1022,1429589.8204
002701.SZ,20250527,5.66,1.1241,1.6916,1.05,18.3276,12.3224,1.4947,1.0596,0.9231,2.1201,2.1201,255976.0469,255740.5761,169934.7795,1448824.4255,1447491.6607
002701.SZ,20250526,5.56,1.0068,1.5152,0.79,18.0038,12.1047,1.4683,1.0409,0.9068,2.1583,2.1583,255976.0469,255740.5761,169934.7795,1423226.8208,1421917.6031
002701.SZ,20250523,5.5,0.9889,1.4882,0.8,17.8095,11.9741,1.4525,1.0297,0.897,2.1818,2.1818,255976.0469,255740.5761,169934.7795,1407868.258,1406573.1686
002701.SZ,20250522,5.57,1.0367,1.5601,0.84,18.0362,12.1265,1.471,1.0428,0.9084,2.1544,2.1544,255976.0469,255740.5761,169934.7795,1425786.5812,1424475.0089
002701.SZ,20250521,5.68,1.0559,1.5891,0.87,18.3924,12.366,1.5,1.0634,0.9263,2.1127,2.1127,255976.0469,255740.5761,169934.7795,1453943.9464,1452606.4722
002701.SZ,20250520,5.62,1.2409,1.8674,1.02,18.1981,12.2354,1.4842,1.0521,0.9165,2.1352,2.1352,255976.0469,255740.5761,169934.7795,1438585.3836,1437262.0377
002701.SZ,20250519,5.59,2.0346,3.0619,1.73,18.1009,12.1701,1.4763,1.0465,0.9116,2.1467,2.1467,255976.0469,255740.5761,169934.7795,1430906.1022,1429589.8204
002701.SZ,20250516,5.44,0.7817,1.1764,0.52,17.6152,11.8435,1.4366,1.0184,0.8872,2.2059,2.2059,255976.0469,255740.5761,169934.7795,1392509.6951,1391228.734
002701.SZ,20250515,5.48,1.0608,1.5965,0.67,17.7448,11.9306,1.4472,1.0259,0.8937,2.1898,2.1898,255976.0469,255740.5761,169934.7795,1402748.737,1401458.357
002701.SZ,20250514,5.47,0.9586,1.4427,0.59,17.7124,11.9088,1.4446,1.0241,0.8921,2.1938,2.1938,255976.0469,255740.5761,169934.7795,1400188.9765,1398900.9513
002701.SZ,20250513,5.45,1.2295,1.8503,0.72,17.6476,11.8653,1.4393,1.0203,0.8888,2.2018,2.2018,255976.0469,255740.5761,169934.7795,1395069.4556,1393786.1397
002701.SZ,20250512,5.51,1.8447,2.7762,1.11,17.8419,11.9959,1.4551,1.0315,0.8986,2.1779,2.1779,255976.0469,255740.5761,169934.7795,1410428.0184,1409130.5743
002701.SZ,20250509,5.49,2.4726,3.7211,1.35,17.7771,11.9523,1.4498,1.0278,0.8953,2.1858,2.1858,255976.0469,255740.5761,169934.7795,1405308.4975,1404015.7628
002701.SZ,20250508,5.32,1.3992,2.1057,0.8,17.2267,11.5822,1.405,0.996,0.8676,2.2556,2.2556,255976.0469,255740.5761,169934.7795,1361792.5695,1360539.8649
002701.SZ,20250507,5.37,1.1879,1.7877,0.67,17.3886,11.6911,1.4182,1.0053,0.8758,2.2346,2.2346,255976.0469,255740.5761,169934.7795,1374591.3719,1373326.8937
002701.SZ,20250506,5.41,1.6617,2.5007,1.01,17.5181,11.7782,1.4287,1.0128,0.8823,2.2181,2.2181,255976.0469,255740.5761,169934.7795,1384830.4137,1383556.5167
002701.SZ,20250430,5.34,1.6056,2.4163,1.05,17.2914,11.6258,1.4102,0.9997,0.8709,2.2472,2.2472,255976.0469,255740.5761,169934.7795,1366912.0904,1365654.6764
002701.SZ,20250429,5.44,3.2886,4.8987,3.14,17.6152,11.8435,1.4366,1.0184,0.8872,2.2059,2.2059,255976.0469,255740.5761,171683.5155,1392509.6951,1391228.734
002701.SZ,20250428,5.19,1.0173,1.5154,0.99,17.1525,16.0212,1.4683,0.9597,0.9494,2.3121,2.3121,255976.0469,255740.5761,171683.5155,1328515.6834,1327293.59
002701.SZ,20250425,5.21,1.3222,1.9695,1.35,17.2186,16.0829,1.474,0.9634,0.9531,2.3033,2.3033,255976.0469,255740.5761,171683.5155,1333635.2043,1332408.4015
002701.SZ,20250424,5.16,0.9959,1.4835,0.99,17.0534,15.9286,1.4599,0.9542,0.9439,2.3256,2.3256,255976.0469,255740.5761,171683.5155,1320836.402,1319621.3727
002701.SZ,20250423,5.22,1.0042,1.4959,0.87,17.2517,16.1138,1.4768,0.9653,0.9549,2.2989,2.2989,255976.0469,255740.5761,171683.5155,1336194.9648,1334965.8072
002701.SZ,20250422,5.2,0.8968,1.3358,0.65,17.1856,16.0521,1.4712,0.9616,0.9512,2.3077,2.3077,255976.0469,255740.5761,171683.5155,1331075.4439,1329850.9957
002701.SZ,20250421,5.21,0.931,1.3867,0.66,17.2186,16.0829,1.474,0.9634,0.9531,2.3033,2.3033,255976.0469,255740.5761,171683.5155,1333635.2043,1332408.4015
002701.SZ,20250418,5.26,1.0707,1.5949,0.81,17.3839,16.2373,1.4881,0.9727,0.9622,2.2814,2.2814,255976.0469,255740.5761,171683.5155,1346434.0067,1345195.4303
002701.SZ,20250417,5.26,1.1315,1.6855,0.85,17.3839,16.2373,1.4881,0.9727,0.9622,2.2814,2.2814,255976.0469,255740.5761,171683.5155,1346434.0067,1345195.4303
002701.SZ,20250416,5.37,1.7299,2.5768,1.37,17.7474,16.5768,1.5193,0.993,0.9823,2.2346,2.2346,255976.0469,255740.5761,171683.5155,1374591.3719,1373326.8937
002701.SZ,20250415,5.38,2.0231,3.0136,1.51,17.7805,16.6077,1.5221,0.9948,0.9842,2.2305,2.2305,255976.0469,255740.5761,171683.5155,1377151.1323,1375884.2994
002701.SZ,20250414,5.14,1.0649,1.5863,0.68,16.9873,15.8668,1.4542,0.9505,0.9403,2.3346,2.3346,255976.0469,255740.5761,171683.5155,1315716.8811,1314506.5612
002701.SZ,20250411,5.06,0.6464,0.9629,0.41,16.7229,15.6199,1.4316,0.9357,0.9256,2.3715,2.3715,255976.0469,255740.5761,171683.5155,1295238.7973,1294047.3151
002701.SZ,20250410,5.08,1.1676,1.7393,0.74,16.789,15.6816,1.4372,0.9394,0.9293,2.3622,2.3622,255976.0469,255740.5761,171683.5155,1300358.3183,1299162.1266
002701.SZ,20250409,5.0,1.427,2.1256,0.95,16.5246,15.4347,1.4146,0.9246,0.9147,2.4,2.4,255976.0469,255740.5761,171683.5155,1279880.2345,1278702.8805
002701.SZ,20250408,5.01,2.3996,3.5745,1.96,16.5577,15.4655,1.4174,0.9264,0.9165,2.3952,2.3952,255976.0469,255740.5761,171683.5155,1282439.995,1281260.2863
002701.SZ,20250407,4.71,2.1913,3.2642,2.21,15.5662,14.5395,1.3325,0.871,0.8616,2.5478,2.5478,255976.0469,255740.5761,171683.5155,1205647.1809,1204538.1134
002701.SZ,20250403,5.23,0.7422,1.1055,0.74,17.2847,16.1447,1.4797,0.9671,0.9567,2.2945,2.2945,255976.0469,255740.5761,171683.5155,1338754.7253,1337523.213
002701.SZ,20250402,5.25,1.0975,1.6349,1.15,17.3508,16.2064,1.4853,0.9708,0.9604,2.2857,2.2857,255976.0469,255740.5761,171683.5155,1343874.2462,1342638.0245
002701.SZ,20250401,5.21,1.0591,1.5777,1.07,17.2186,16.0829,1.474,0.9634,0.9531,2.3033,2.3033,255976.0469,255740.5761,171683.5155,1333635.2043,1332408.4015
002701.SZ,20250331,5.09,1.0371,1.5448,0.83,16.822,15.7125,1.44,0.9412,0.9311,2.3576,2.3576,255976.0469,255740.5761,171683.5155,1302918.0787,1301719.5323
002701.SZ,20250328,5.18,1.0322,1.5376,0.77,17.1195,15.9903,1.4655,0.9579,0.9476,2.3166,2.3166,255976.0469,255740.5761,171683.5155,1325955.9229,1324736.1842
002701.SZ,20250327,5.17,0.7768,1.1571,0.59,17.0864,15.9594,1.4627,0.956,0.9458,2.3211,2.3211,255976.0469,255740.5761,171683.5155,1323396.1625,1322178.7784
002701.SZ,20250326,5.15,0.8462,1.2605,0.68,17.0203,15.8977,1.457,0.9523,0.9421,2.3301,2.3301,255976.0469,255740.5761,171683.5155,1318276.6415,1317063.9669
002701.SZ,20250325,5.15,1.2393,1.8461,1.08,17.0203,15.8977,1.457,0.9523,0.9421,2.3301,2.3301,255976.0469,255740.5761,171683.5155,1318276.6415,1317063.9669
002701.SZ,20250324,5.19,2.3538,3.5062,2.74,17.1525,16.0212,1.4683,0.9597,0.9494,2.3121,2.3121,255976.0469,255740.5761,171683.5155,1328515.6834,1327293.59
002701.SZ,20250321,5.02,1.4932,2.2243,1.6,16.5907,15.4964,1.4202,0.9283,0.9183,2.3904,2.3904,255976.0469,255740.5761,171683.5155,1284999.7554,1283817.692
002701.SZ,20250320,4.97,0.6287,0.9364,0.59,16.4255,15.3421,1.4061,0.919,0.9092,2.4145,2.4145,255976.0469,255740.5761,171683.5155,1272200.9531,1271030.6632
002701.SZ,20250319,5.01,0.5298,0.7891,0.46,16.5577,15.4655,1.4174,0.9264,0.9165,2.3952,2.3952,255976.0469,255740.5761,171683.5155,1282439.995,1281260.2863
002701.SZ,20250318,5.04,0.7341,1.0936,0.63,16.6568,15.5581,1.4259,0.932,0.922,2.381,2.381,255976.0469,255740.5761,171683.5155,1290119.2764,1288932.5035
002701.SZ,20250317,5.01,0.9065,1.3643,0.82,16.5577,15.4655,1.4174,0.9264,0.9165,2.3952,2.3952,255976.0469,255740.5761,169934.7795,1282439.995,1281260.2863
002701.SZ,20250314,5.04,1.8662,2.8084,2.17,16.6568,15.5581,1.4259,0.932,0.922,2.381,2.381,255976.0469,255740.5761,169934.7795,1290119.2764,1288932.5035
002701.SZ,20250313,4.88,1.2839,1.9321,1.73,16.128,15.0642,1.3806,0.9024,0.8927,2.459,2.459,255976.0469,255740.5761,169934.7795,1249163.1089,1248014.0114
002701.SZ,20250312,4.81,0.9677,1.4564,1.39,15.8967,14.8481,1.3608,0.8894,0.8799,2.4948,2.4948,255976.0469,255740.5761,169934.7795,1231244.7856,1230112.171
002701.SZ,20250311,4.85,0.7908,1.1901,1.19,16.0289,14.9716,1.3721,0.8968,0.8872,2.4742,2.4742,255976.0469,255740.5761,169934.7795,1241483.8275,1240341.7941
002701.SZ,20250310,4.85,0.6036,0.9083,0.86,16.0289,14.9716,1.3721,0.8968,0.8872,2.4742,2.4742,255976.0469,255740.5761,169934.7795,1241483.8275,1240341.7941
002701.SZ,20250307,4.86,0.6455,0.9714,0.86,16.0619,15.0025,1.375,0.8987,0.889,2.4691,2.4691,255976.0469,255740.5761,169934.7795,1244043.5879,1242899.1998
002701.SZ,20250306,4.91,0.7057,1.062,0.82,16.2272,15.1568,1.3891,0.9079,0.8982,2.444,2.444,255976.0469,255740.5761,169934.7795,1256842.3903,1255686.2287
002701.SZ,20250305,4.89,0.7412,1.1154,0.87,16.1611,15.0951,1.3835,0.9042,0.8945,2.454,2.454,255976.0469,255740.5761,169934.7795,1251722.8693,1250571.4171
002701.SZ,20250304,4.95,0.6327,0.9522,0.73,16.3594,15.2803,1.4004,0.9153,0.9055,2.4242,2.4242,255976.0469,255740.5761,169934.7795,1267081.4322,1265915.8517
002701.SZ,20250303,4.97,0.7804,1.1744,0.8,16.4255,15.3421,1.4061,0.919,0.9092,2.4145,2.4145,255976.0469,255740.5761,169934.7795,1272200.9531,1271030.6632
002701.SZ,20250228,4.95,0.8926,1.3433,0.93,16.3594,15.2803,1.4004,0.9153,0.9055,2.4242,2.4242,255976.0469,255740.5761,169934.7795,1267081.4322,1265915.8517
002701.SZ,20250227,5.03,1.2444,1.8728,1.42,16.6237,15.5273,1.4231,0.9301,0.9201,2.3857,2.3857,255976.0469,255740.5761,169934.7795,1287559.5159,1286375.0978
002701.SZ,20250226,4.96,0.7056,1.0618,0.79,16.3924,15.3112,1.4033,0.9172,0.9073,2.4194,2.4194,255976.0469,255740.5761,169934.7795,1269641.1926,1268473.2575
002701.SZ,20250225,4.9,0.7312,1.1003,0.73,16.1941,15.126,1.3863,0.9061,0.8964,2.449,2.449,255976.0469,255740.5761,169934.7795,1254282.6298,1253128.8229
002701.SZ,20250224,4.95,1.307,1.9669,1.31,16.3594,15.2803,1.4004,0.9153,0.9055,2.4242,2.4242,255976.0469,255740.5761,169934.7795,1267081.4322,1265915.8517
002701.SZ,20250221,4.85,0.7869,1.1842,0.76,16.0289,14.9716,1.3721,0.8968,0.8872,2.4742,2.4742,255976.0469,255740.5761,169934.7795,1241483.8275,1240341.7941
002701.SZ,20250220,4.85,0.844,1.2701,0.84,16.0289,14.9716,1.3721,0.8968,0.8872,2.4742,2.4742,255976.0469,255740.5761,169934.7795,1241483.8275,1240341.7941
002701.SZ,20250219,4.9,0.7691,1.1574,0.78,16.1941,15.126,1.3863,0.9061,0.8964,2.449,2.449,255976.0469,255740.5761,169934.7795,1254282.6298,1253128.8229
002701.SZ,20250218,4.9,1.2865,1.9362,1.43,16.1941,15.126,1.3863,0.9061,0.8964,2.449,2.449,255976.0469,255740.5761,169934.7795,1254282.6298,1253128.8229
002701.SZ,20250217,5.03,1.3103,1.9719,1.56,16.6237,15.5273,1.4231,0.9301,0.9201,2.3857,2.3857,255976.0469,255740.5761,169934.7795,1287559.5159,1286375.0978
002701.SZ,20250214,4.96,0.9492,1.4284,1.15,16.3924,15.3112,1.4033,0.9172,0.9073,2.4194,2.4194,255976.0469,255740.5761,169934.7795,1269641.1926,1268473.2575
002701.SZ,20250213,4.95,0.6959,1.0472,0.83,16.3594,15.2803,1.4004,0.9153,0.9055,2.4242,2.4242,255976.0469,255740.5761,169934.7795,1267081.4322,1265915.8517
002701.SZ,20250212,4.99,0.6679,1.0052,0.77,16.4916,15.4038,1.4118,0.9227,0.9128,2.4048,2.4048,255976.0469,255740.5761,169934.7795,1277320.474,1276145.4747
002701.SZ,20250211,5.01,0.861,1.2957,1.03,16.5577,15.4655,1.4174,0.9264,0.9165,2.3952,2.3952,255976.0469,255740.5761,169934.7795,1282439.995,1281260.2863
002701.SZ,20250210,4.97,1.0125,1.5237,1.26,16.4255,15.3421,1.4061,0.919,0.9092,2.4145,2.4145,255976.0469,255740.5761,169934.7795,1272200.9531,1271030.6632
002701.SZ,20250207,5.03,0.8759,1.3182,1.08,16.6237,15.5273,1.4231,0.9301,0.9201,2.3857,2.3857,255976.0469,255740.5761,169934.7795,1287559.5159,1286375.0978
002701.SZ,20250206,4.98,0.7928,1.1931,1.02,16.4585,15.3729,1.4089,0.9209,0.911,2.4096,2.4096,255976.0469,255740.5761,169934.7795,1274760.7136,1273588.069
002701.SZ,20250205,4.96,0.8082,1.2163,0.91,16.3924,15.3112,1.4033,0.9172,0.9073,2.4194,2.4194,255976.0469,255740.5761,169934.7795,1269641.1926,1268473.2575
002701.SZ,20250127,5.04,0.7069,1.0638,0.65,16.6568,15.5581,1.4259,0.932,0.922,2.381,2.381,255976.0469,255740.5761,169934.7795,1290119.2764,1288932.5035
002701.SZ,20250124,5.02,0.8187,1.2321,0.76,16.5907,15.4964,1.4202,0.9283,0.9183,2.3904,2.3904,255976.0469,255740.5761,169934.7795,1284999.7554,1283817.692
002701.SZ,20250123,5.07,0.9286,1.3974,0.85,16.7559,15.6508,1.4344,0.9375,0.9275,2.3669,2.3669,255976.0469,255740.5761,169934.7795,1297798.5578,1296604.7208
002701.SZ,20250122,5.01,0.6147,0.9251,0.52,16.5577,15.4655,1.4174,0.9264,0.9165,2.3952,2.3952,255976.0469,255740.5761,169934.7795,1282439.995,1281260.2863
002701.SZ,20250121,5.08,1.3491,2.0303,1.17,16.789,15.6816,1.4372,0.9394,0.9293,2.3622,2.3622,255976.0469,255740.5761,169934.7795,1300358.3183,1299162.1266
002701.SZ,20250120,5.08,1.6917,2.5458,1.5,16.789,15.6816,1.4372,0.9394,0.9293,2.3622,2.3622,255976.0469,255740.5761,169934.7795,1300358.3183,1299162.1266
002701.SZ,20250117,4.88,0.7794,1.1729,0.56,16.128,15.0642,1.3806,0.9024,0.8927,2.459,2.459,255976.0469,255740.5761,169934.7795,1249163.1089,1248014.0114
002701.SZ,20250116,4.83,1.0586,1.5931,0.68,15.9628,14.9099,1.3665,0.8931,0.8836,2.4845,2.4845,255976.0469,255740.5761,169934.7795,1236364.3065,1235226.9826
002701.SZ,20250115,4.75,1.0253,1.543,0.65,15.6984,14.6629,1.3439,0.8783,0.8689,2.5263,2.5263,255976.0469,255740.5761,169934.7795,1215886.2228,1214767.7365
002701.SZ,20250114,4.81,1.1907,1.792,0.81,15.8967,14.8481,1.3608,0.8894,0.8799,2.4948,2.4948,255976.0469,255740.5761,169934.7795,1231244.7856,1230112.171
002701.SZ,20250113,4.67,1.5805,2.3785,1.18,15.434,14.416,1.3212,0.8636,0.8543,2.5696,2.5696,255976.0469,255740.5761,169934.7795,1195408.139,1194308.4904
002701.SZ,20250110,4.79,2.161,3.2521,1.94,15.8306,14.7864,1.3552,0.8857,0.8762,2.5052,2.5052,255976.0469,255740.5761,169934.7795,1226125.2647,1224997.3595
002701.SZ,20250109,5.15,1.8712,2.816,2.01,17.0203,15.8977,1.457,0.9523,0.9421,2.3301,2.3301,255976.0469,255740.5761,169934.7795,1318276.6415,1317063.9669
002701.SZ,20250108,5.23,1.104,1.6615,1.25,17.2847,16.1447,1.4797,0.9671,0.9567,2.2945,2.2945,255976.0469,255740.5761,169934.7795,1338754.7253,1337523.213
002701.SZ,20250107,5.37,0.5998,0.9026,0.65,17.7474,16.5768,1.5193,0.993,0.9823,2.2346,2.2346,255976.0469,255740.5761,169934.7795,1374591.3719,1373326.8937
002701.SZ,20250106,5.33,0.9513,1.4317,1.09,17.6152,16.4534,1.508,0.9856,0.975,2.2514,2.2514,255976.0469,255740.5761,169934.7795,1364352.33,1363097.2706
002701.SZ,20250103,5.49,1.0469,1.5755,1.2,18.144,16.9473,1.5532,1.0152,1.0043,2.1858,2.1858,255976.0469,255740.5761,169934.7795,1405308.4975,1404015.7628
002701.SZ,20250102,5.51,0.9469,1.425,1.08,18.2101,17.009,1.5589,1.0189,1.008,2.1779,2.1779,255976.0469,255740.5761,169934.7795,1410428.0184,1409130.5743
002701.SZ,20241231,5.67,0.8847,1.3315,1.05,18.7389,17.5029,1.6041,1.0485,1.0372,2.1276,2.1164,255976.0469,255740.5761,169934.7795,1451384.1859,1450049.0665
002701.SZ,20241230,5.76,0.7946,1.1958,0.84,19.0363,17.7807,1.6296,1.0651,1.0537,2.0943,2.0833,255976.0469,255740.5761,169934.7795,1474422.0301,1473065.7183
002701.SZ,20241227,5.84,0.6855,1.0316,0.67,19.3007,18.0277,1.6522,1.0799,1.0683,2.0656,2.0548,255976.0469,255740.5761,169934.7795,1494900.1139,1493524.9644
002701.SZ,20241226,5.84,1.0342,1.5564,0.9,19.3007,18.0277,1.6522,1.0799,1.0683,2.0656,2.0548,255976.0469,255740.5761,169934.7795,1494900.1139,1493524.9644
002701.SZ,20241225,5.77,0.9709,1.4612,0.66,19.0694,17.8116,1.6324,1.067,1.0555,2.0907,2.0797,255976.0469,255740.5761,169934.7795,1476981.7906,1475623.1241
002701.SZ,20241224,5.81,0.7478,1.1254,0.37,19.2016,17.9351,1.6438,1.0744,1.0628,2.0763,2.0654,255976.0469,255740.5761,169934.7795,1487220.8325,1485852.7471
002701.SZ,20241223,5.74,1.2649,1.9037,0.56,18.9702,17.719,1.6239,1.0614,1.05,2.1016,2.0906,255976.0469,255740.5761,169934.7795,1469302.5092,1467950.9068
002701.SZ,20241220,5.85,1.1181,1.6826,0.45,19.3338,18.0586,1.6551,1.0818,1.0701,2.0621,2.0513,255976.0469,255740.5761,169934.7795,1497459.8744,1496082.3702
002701.SZ,20241219,5.95,1.6324,2.4567,0.65,19.6643,18.3673,1.6834,1.1002,1.0884,2.0274,2.0168,255976.0469,255740.5761,169934.7795,1523057.4791,1521656.4278
002701.SZ,20241218,5.98,2.6429,3.9774,1.03,19.7634,18.4599,1.6918,1.1058,1.0939,2.0173,2.0067,255976.0469,255740.5761,169934.7795,1530736.7605,1529328.6451
002701.SZ,20241217,6.12,3.4483,5.1894,1.52,20.2261,18.892,1.7315,1.1317,1.1195,1.9711,1.9608,255976.0469,255740.5761,169934.7795,1566573.407,1565132.3257
002701.SZ,20241216,5.97,2.5012,3.7642,1.27,19.7304,18.429,1.689,1.1039,1.0921,2.0207,2.0101,255976.0469,255740.5761,169934.7795,1528177.0,1526771.2393
002701.SZ,20241213,5.85,2.2333,3.361,1.27,19.3338,18.0586,1.6551,1.0818,1.0701,2.0621,2.0513,255976.0469,255740.5761,169934.7795,1497459.8744,1496082.3702
002701.SZ,20241212,5.89,1.6421,2.4712,1.0,19.466,18.182,1.6664,1.0892,1.0775,2.0481,2.0374,255976.0469,255740.5761,169934.7795,1507698.9162,1506311.9932
002701.SZ,20241211,5.79,3.0323,4.5635,2.4,19.1355,17.8733,1.6381,1.0707,1.0592,2.0835,2.0725,255976.0469,255740.5761,169934.7795,1482101.3116,1480737.9356
002701.SZ,20241210,5.52,1.9696,2.9641,1.77,18.2432,17.0399,1.5617,1.0207,1.0098,2.1854,2.1739,255976.0469,255740.5761,169934.7795,1412987.7789,1411687.9801
002701.SZ,20241209,5.39,0.9713,1.4617,0.8,17.8135,16.6386,1.5249,0.9967,0.986,2.2381,2.2263,255976.0469,255740.5761,169934.7795,1379710.8928,1378441.7052
002701.SZ,20241206,5.51,1.1763,1.7703,0.94,18.2101,17.009,1.5589,1.0189,1.008,2.1893,2.1779,255976.0469,255740.5761,169934.7795,1410428.0184,1409130.5743
002701.SZ,20241205,5.39,1.0969,1.6508,0.91,17.8135,16.6386,1.5249,0.9967,0.986,2.2381,2.2263,255976.0469,255740.5761,169934.7795,1379710.8928,1378441.7052
002701.SZ,20241204,5.4,1.1052,1.6632,0.9,17.8466,16.6694,1.5278,0.9985,0.9878,2.2339,2.2222,255976.0469,255740.5761,169934.7795,1382270.6533,1380999.1109
002701.SZ,20241203,5.57,1.2286,1.849,1.07,18.4084,17.1942,1.5759,1.03,1.0189,2.1658,2.1544,255976.0469,255740.5761,169934.7795,1425786.5812,1424475.0089
002701.SZ,20241202,5.58,1.4951,2.25,1.22,18.4415,17.2251,1.5787,1.0318,1.0208,2.1619,2.1505,255976.0469,255740.5761,169934.7795,1428346.3417,1427032.4146
002701.SZ,20241129,5.49,1.3333,2.0065,0.94,18.144,16.9473,1.5532,1.0152,1.0043,2.1973,2.1858,255976.0469,255740.5761,169934.7795,1405308.4975,1404015.7628
002701.SZ,20241128,5.4,0.8929,1.3438,0.62,17.8466,16.6694,1.5278,0.9985,0.9878,2.2339,2.2222,255976.0469,255740.5761,169934.7795,1382270.6533,1380999.1109
002701.SZ,20241127,5.41,1.188,1.7879,0.8,17.8796,16.7003,1.5306,1.0004,0.9897,2.2298,2.2181,255976.0469,255740.5761,169934.7795,1384830.4137,1383556.5167
002701.SZ,20241126,5.4,0.8511,1.2809,0.53,17.8466,16.6694,1.5278,0.9985,0.9878,2.2339,2.2222,255976.0469,255740.5761,169934.7795,1382270.6533,1380999.1109
002701.SZ,20241125,5.46,1.8475,2.7804,1.19,18.0449,16.8547,1.5447,1.0096,0.9988,2.2094,2.1978,255976.0469,255740.5761,169934.7795,1397629.2161,1396343.5455
002701.SZ,20241122,5.51,2.3348,3.5138,1.56,18.2101,17.009,1.5589,1.0189,1.008,2.1893,2.1779,255976.0469,255740.5761,169934.7795,1410428.0184,1409130.5743
002701.SZ,20241121,5.38,1.0008,1.5061,0.58,17.7805,16.6077,1.5221,0.9948,0.9842,2.2422,2.2305,255976.0469,255740.5761,169934.7795,1377151.1323,1375884.2994
002701.SZ,20241120,5.47,1.406,2.116,0.68,18.0779,16.8855,1.5476,1.0115,1.0006,2.2054,2.1938,255976.0469,255740.5761,169934.7795,1400188.9765,1398900.9513
002701.SZ,20241119,5.43,1.3855,2.0851,0.53,17.9457,16.762,1.5362,1.0041,0.9933,2.2216,2.2099,255976.0469,255740.5761,169934.7795,1389949.9347,1388671.3282
002701.SZ,20241118,5.35,1.6332,2.4578,0.59,17.6813,16.5151,1.5136,0.9893,0.9787,2.2548,2.243,255976.0469,255740.5761,169934.7795,1369471.8509,1368212.0821
002701.SZ,20241115,5.38,2.0474,3.0812,0.7,17.7805,16.6077,1.5221,0.9948,0.9842,2.2422,2.2305,255976.0469,255740.5761,169934.7795,1377151.1323,1375884.2994
002701.SZ,20241114,5.61,2.2034,3.3159,0.73,18.5406,17.3177,1.5872,1.0374,1.0262,2.1503,2.139,255976.0469,255740.5761,169934.7795,1436025.6231,1434704.6319
002701.SZ,20241113,5.87,3.0981,4.6624,1.06,19.3999,18.1203,1.6607,1.0855,1.0738,2.0551,2.0443,255976.0469,255740.5761,169934.7795,1502579.3953,1501197.1817
002701.SZ,20241112,5.69,4.0327,6.0689,1.5,18.805,17.5646,1.6098,1.0522,1.0409,2.1201,2.109,255976.0469,255740.5761,169934.7795,1456503.7069,1455163.878
002701.SZ,20241111,5.42,2.4277,3.6535,0.89,17.9127,16.7312,1.5334,1.0022,0.9915,2.2257,2.214,255976.0469,255740.5761,169934.7795,1387390.1742,1386113.9225
002701.SZ,20241108,5.47,2.8753,4.3272,0.94,18.0779,16.8855,1.5476,1.0115,1.0006,2.2054,2.1938,255976.0469,255740.5761,169934.7795,1400188.9765,1398900.9513
002701.SZ,20241107,5.44,2.558,3.8497,0.79,17.9788,16.7929,1.5391,1.0059,0.9951,2.2175,2.2059,255976.0469,255740.5761,169934.7795,1392509.6951,1391228.734
002701.SZ,20241106,5.36,2.7481,4.1358,0.92,17.7144,16.546,1.5164,0.9911,0.9805,2.2506,2.2388,255976.0469,255740.5761,169934.7795,1372031.6114,1370769.4879
002701.SZ,20241105,5.34,2.8061,4.223,0.99,17.6483,16.4842,1.5108,0.9875,0.9769,2.259,2.2472,255976.0469,255740.5761,169934.7795,1366912.0904,1365654.6764
002701.SZ,20241104,5.32,2.6919,4.0512,0.96,17.5822,16.4225,1.5051,0.9838,0.9732,2.2675,2.2556,255976.0469,255740.5761,169934.7795,1361792.5695,1360539.8649
002701.SZ,20241101,5.29,4.5013,6.7742,1.77,17.483,16.3299,1.4966,0.9782,0.9677,2.2804,2.2684,255976.0469,255740.5761,169934.7795,1354113.2881,1352867.6476
002701.SZ,20241031,5.07,3.492,5.2553,1.74,16.7559,15.6508,1.4687,0.9375,0.9275,2.3793,2.3669,255976.0469,255740.5761,169934.7795,1297798.5578,1296604.7208
002701.SZ,20241030,4.86,1.476,2.2213,0.75,16.0619,14.4702,1.4079,0.8987,0.8934,2.4822,2.4691,255976.0469,255740.5761,169934.7795,1244043.5879,1242899.1998
002701.SZ,20241029,4.8,2.0359,3.0639,1.11,15.8636,14.2916,1.3905,0.8876,0.8824,2.5132,2.5,255976.0469,255740.5761,169934.7795,1228685.0251,1227554.7653
002701.SZ,20241028,4.96,2.5646,3.8595,1.61,16.3924,14.7679,1.4368,0.9172,0.9118,2.4321,2.4194,255976.0469,255740.5761,169934.7795,1269641.1926,1268473.2575
002701.SZ,20241025,4.85,3.1607,4.7567,2.54,16.0289,14.4404,1.405,0.8968,0.8916,2.4873,2.4742,255976.0469,255740.5761,169934.7795,1241483.8275,1240341.7941
002701.SZ,20241024,4.58,0.7698,1.1585,0.61,15.1365,13.6365,1.3267,0.8469,0.842,2.6339,2.6201,255976.0469,255740.5761,169934.7795,1172370.2948,1171291.8385
002701.SZ,20241023,4.61,1.2573,1.8921,1.06,15.2357,13.7259,1.3354,0.8525,0.8475,2.6168,2.603,255976.0469,255740.5761,169934.7795,1180049.5762,1178964.0558
002701.SZ,20241022,4.67,1.4413,2.169,1.3,15.434,13.9045,1.3528,0.8636,0.8585,2.5831,2.5696,255976.0469,255740.5761,169934.7795,1195408.139,1194308.4904
002701.SZ,20241021,4.52,1.3207,1.9876,1.25,14.9382,13.4579,1.3094,0.8358,0.8309,2.6689,2.6549,255976.0469,255740.5761,169934.7795,1157011.732,1155947.404
002701.SZ,20241018,4.6,1.4412,2.1689,1.42,15.2026,13.6961,1.3325,0.8506,0.8456,2.6225,2.6087,255976.0469,255740.5761,169934.7795,1177489.8157,1176406.6501
002701.SZ,20241017,4.49,0.8457,1.2728,0.75,14.8391,13.3686,1.3007,0.8303,0.8254,2.6867,2.6726,255976.0469,255740.5761,169934.7795,1149332.4506,1148275.1867
002701.SZ,20241016,4.55,0.8671,1.305,0.62,15.0374,13.5472,1.3181,0.8414,0.8364,2.6513,2.6374,255976.0469,255740.5761,169934.7795,1164691.0134,1163619.6213
002701.SZ,20241015,4.54,1.0622,1.5943,0.59,15.0835,13.5887,1.3135,0.8439,0.839,2.6432,2.6293,257326.0436,257090.5728,171284.7762,1168260.2379,1167191.2005
002701.SZ,20241014,4.69,1.0463,1.5704,0.5,15.5818,14.0377,1.3569,0.8718,0.8667,2.5586,2.5452,257326.0436,257090.5728,171284.7762,1206859.1445,1205754.7864
002701.SZ,20241011,4.64,1.2387,1.8592,0.59,15.4157,13.888,1.3424,0.8625,0.8575,2.5862,2.5726,257326.0436,257090.5728,171284.7762,1193992.8423,1192900.2578
002701.SZ,20241010,4.73,1.3779,2.0681,0.68,15.7147,14.1574,1.3685,0.8793,0.8741,2.537,2.5237,257326.0436,257090.5728,171284.7762,1217152.1862,1216038.4093
002701.SZ,20241009,4.72,2.2742,3.4135,1.3,15.6815,14.1275,1.3656,0.8774,0.8723,2.5424,2.529,257326.0436,257090.5728,171284.7762,1214578.9258,1213467.5036
002701.SZ,20241008,5.12,3.097,4.6484,2.32,17.0104,15.3247,1.4813,0.9518,0.9462,2.3438,2.3315,257326.0436,257090.5728,171284.7762,1317509.3432,1316303.7327
002701.SZ,20240930,4.97,2.4374,3.6584,2.57,16.5121,14.8758,1.4379,0.9239,0.9185,2.4145,2.4018,257326.0436,257090.5728,171284.7762,1278910.4367,1277740.1468
002701.SZ,20240927,4.65,1.3905,2.0871,1.79,15.4489,13.918,1.3453,0.8644,0.8593,2.5806,2.5671,257326.0436,257090.5728,171284.7762,1196566.1027,1195471.1635
002701.SZ,20240926,4.54,0.8966,1.3457,1.25,15.0835,13.5887,1.3135,0.8439,0.839,2.6432,2.6293,257326.0436,257090.5728,171284.7762,1168260.2379,1167191.2005
002701.SZ,20240925,4.41,0.9133,1.3708,1.5,14.6516,13.1996,1.2759,0.8198,0.815,2.7211,2.7068,257326.0436,257090.5728,171284.7762,1134807.8523,1133769.426
002701.SZ,20240924,4.38,1.0355,1.5543,2.24,14.5519,13.1098,1.2672,0.8142,0.8094,2.7397,2.7254,257326.0436,257090.5728,171284.7762,1127088.071,1126056.7089
002701.SZ,20240923,4.16,0.5105,0.7662,1.18,13.821,12.4513,1.2036,0.7733,0.7688,2.8846,2.8695,257326.0436,257090.5728,171284.7762,1070476.3414,1069496.7828
002701.SZ,20240920,4.24,0.5381,0.8076,1.28,14.0868,12.6908,1.2267,0.7882,0.7836,2.8302,2.8153,257326.0436,257090.5728,171284.7762,1091062.4249,1090064.0287
002701.SZ,20240919,4.25,0.5895,0.8849,1.42,14.12,12.7207,1.2296,0.79,0.7854,2.8235,2.8087,257326.0436,257090.5728,171284.7762,1093635.6853,1092634.9344
002701.SZ,20240918,4.18,0.3651,0.548,0.84,13.8874,12.5112,1.2093,0.777,0.7725,2.8708,2.8558,257326.0436,257090.5728,171284.7762,1075622.8622,1074638.5943
002701.SZ,20240913,4.22,0.3035,0.4556,0.66,14.0203,12.6309,1.2209,0.7845,0.7799,2.8436,2.8287,257326.0436,257090.5728,171284.7762,1085915.904,1084922.2172
002701.SZ,20240912,4.25,0.3592,0.5392,0.7,14.12,12.7207,1.2296,0.79,0.7854,2.8235,2.8087,257326.0436,257090.5728,171284.7762,1093635.6853,1092634.9344
002701.SZ,20240911,4.24,0.4844,0.7271,0.7,14.0868,12.6908,1.2267,0.7882,0.7836,2.8302,2.8153,257326.0436,257090.5728,171284.7762,1091062.4249,1090064.0287
002701.SZ,20240910,4.25,0.5664,0.8501,0.72,14.12,12.7207,1.2296,0.79,0.7854,2.8235,2.8087,257326.0436,257090.5728,171284.7762,1093635.6853,1092634.9344
002701.SZ,20240909,4.29,0.4547,0.6825,0.51,14.2529,12.8404,1.2412,0.7975,0.7928,2.7972,2.7825,257326.0436,257090.5728,171284.7762,1103928.727,1102918.5573
002701.SZ,20240906,4.33,0.4521,0.6785,0.47,14.3858,12.9602,1.2527,0.8049,0.8002,2.7714,2.7568,257326.0436,257090.5728,171284.7762,1114221.7688,1113202.1802
002701.SZ,20240905,4.37,0.6183,0.9281,0.67,14.5187,13.0799,1.2643,0.8123,0.8076,2.746,2.7316,257326.0436,257090.5728,171284.7762,1124514.8105,1123485.8031
002701.SZ,20240904,4.43,1.35,2.0263,1.76,14.718,13.2595,1.2817,0.8235,0.8187,2.7088,2.6946,257326.0436,257090.5728,171284.7762,1139954.3731,1138911.2375
002701.SZ,20240903,4.33,1.0481,1.5731,1.59,14.3858,12.9602,1.2527,0.8049,0.8002,2.7714,2.7568,257326.0436,257090.5728,171284.7762,1114221.7688,1113202.1802
002701.SZ,20240902,4.3,0.9871,1.4815,1.7,14.2861,12.8704,1.2441,0.7993,0.7947,2.7907,2.7761,257326.0436,257090.5728,171284.7762,1106501.9875,1105489.463
002701.SZ,20240830,4.32,0.7651,1.1484,1.49,14.3526,12.9302,1.2498,0.803,0.7984,2.7778,2.7632,257326.0436,257090.5728,171284.7762,1111648.5084,1110631.2745
002701.SZ,20240829,4.35,0.4698,0.7051,0.87,14.4522,13.02,1.2585,0.8086,0.8039,2.7586,2.7441,257326.0436,257090.5728,171284.7762,1119368.2897,1118343.9917
002701.SZ,20240828,4.37,0.5718,0.8583,0.91,14.5187,13.0799,1.2643,0.8123,0.8076,2.746,2.7316,257326.0436,257090.5728,171284.7762,1124514.8105,1123485.8031
002701.SZ,20240827,4.35,0.492,0.7385,0.71,14.4522,13.02,1.2585,0.8086,0.8039,2.7586,2.7441,257326.0436,257090.5728,171284.7762,1119368.2897,1118343.9917
002701.SZ,20240826,4.33,0.6023,0.904,0.86,14.3858,12.9602,1.2527,0.8049,0.8002,2.7714,2.7568,257326.0436,257090.5728,171284.7762,1114221.7688,1113202.1802
002701.SZ,20240823,4.33,0.4387,0.6585,0.63,14.3858,12.9602,1.2527,0.8049,0.8002,2.7714,2.7568,257326.0436,257090.5728,171284.7762,1114221.7688,1113202.1802
002701.SZ,20240822,4.32,0.6098,0.9153,0.81,14.3526,12.9302,1.2498,0.803,0.7984,2.7778,2.7632,257326.0436,257090.5728,171284.7762,1111648.5084,1110631.2745
002701.SZ,20240821,4.33,0.9867,1.481,1.48,14.3858,12.9602,1.2527,0.8049,0.8002,2.7714,2.7568,257326.0436,257090.5728,171284.7762,1114221.7688,1113202.1802
002701.SZ,20240820,4.44,0.8475,1.272,1.4,14.7512,13.5478,1.3205,0.8254,0.8136,2.7027,2.6885,257326.0436,257073.8545,171268.0579,1142527.6336,1141407.914
002701.SZ,20240819,4.51,0.6103,0.9161,1.05,14.9838,13.7614,1.3413,0.8384,0.8265,2.6608,2.6468,257326.0436,257073.8545,171268.0579,1160540.4566,1159403.0838
002701.SZ,20240816,4.44,0.4102,0.6157,0.69,14.7512,13.5478,1.3205,0.8254,0.8136,2.7027,2.6885,257326.0436,257073.8545,171268.0579,1142527.6336,1141407.914
002701.SZ,20240815,4.47,0.9312,1.3977,1.71,14.8509,13.6393,1.3294,0.8309,0.8191,2.6846,2.6705,257326.0436,257073.8545,171268.0579,1150247.4149,1149120.1296
002701.SZ,20240814,4.41,0.5239,0.7863,1.0,14.6516,13.4563,1.3116,0.8198,0.8081,2.7211,2.7068,257326.0436,257073.8545,171268.0579,1134807.8523,1133695.6983
002701.SZ,20240813,4.39,0.5603,0.841,1.07,14.5851,13.3952,1.3056,0.8161,0.8045,2.7335,2.7191,257326.0436,257073.8545,171268.0579,1129661.3314,1128554.2213
002701.SZ,20240812,4.35,0.467,0.701,0.83,14.4522,13.2732,1.2937,0.8086,0.7971,2.7586,2.7441,257326.0436,257073.8545,171268.0579,1119368.2897,1118271.2671
002701.SZ,20240809,4.33,0.4945,0.7422,0.91,14.3858,13.2122,1.2878,0.8049,0.7935,2.7714,2.7568,257326.0436,257073.8545,171268.0579,1114221.7688,1113129.79
002701.SZ,20240808,4.31,0.6696,1.0051,1.29,14.3193,13.1511,1.2818,0.8012,0.7898,2.7842,2.7696,257326.0436,257073.8545,171268.0579,1109075.2479,1107988.3129
002701.SZ,20240807,4.25,0.4397,0.66,0.7,14.12,12.9681,1.264,0.79,0.7788,2.8235,2.8087,257326.0436,257073.8545,171268.0579,1093635.6853,1092563.8816
002701.SZ,20240806,4.27,0.5542,0.8318,0.92,14.1864,13.0291,1.2699,0.7938,0.7825,2.8103,2.7956,257326.0436,257073.8545,171268.0579,1098782.2062,1097705.3587
002701.SZ,20240805,4.23,0.6541,0.9818,1.19,14.0535,12.907,1.258,0.7863,0.7751,2.8369,2.822,257326.0436,257073.8545,171268.0579,1088489.1644,1087422.4045
002701.SZ,20240802,4.27,0.4135,0.6207,0.77,14.1864,13.0291,1.2699,0.7938,0.7825,2.8103,2.7956,257326.0436,257073.8545,171268.0579,1098782.2062,1097705.3587
002701.SZ,20240801,4.26,0.5341,0.8016,1.02,14.1532,12.9986,1.267,0.7919,0.7806,2.8169,2.8021,257326.0436,257073.8545,171268.0579,1096208.9457,1095134.6202
002701.SZ,20240731,4.28,0.9874,1.482,2.26,14.2197,13.0596,1.2729,0.7956,0.7843,2.8037,2.789,257326.0436,257073.8545,171268.0579,1101355.4666,1100276.0973
002701.SZ,20240730,4.08,0.4245,0.6372,0.93,13.5552,12.4493,1.2134,0.7584,0.7477,2.9412,2.9257,257326.0436,257073.8545,171268.0579,1049890.2579,1048861.3264
002701.SZ,20240729,4.09,0.3852,0.5782,0.82,13.5884,12.4798,1.2164,0.7603,0.7495,2.934,2.9186,257326.0436,257073.8545,171268.0579,1052463.5183,1051432.0649
002701.SZ,20240726,4.09,0.369,0.5538,0.72,13.5884,12.4798,1.2164,0.7603,0.7495,2.934,2.9186,257326.0436,257073.8545,171268.0579,1052463.5183,1051432.0649
002701.SZ,20240725,4.05,0.4624,0.6941,0.83,13.4555,12.3578,1.2045,0.7529,0.7422,2.963,2.9474,257326.0436,257073.8545,171268.0579,1042170.4766,1041149.1107
002701.SZ,20240724,4.04,0.5474,0.8217,1.01,13.4223,12.3273,1.2015,0.751,0.7403,2.9703,2.9547,257326.0436,257073.8545,171268.0579,1039597.2161,1038578.3722
002701.SZ,20240723,4.1,0.5252,0.7883,0.98,13.6216,12.5104,1.2194,0.7622,0.7513,2.9268,2.9115,257326.0436,257073.8545,171268.0579,1055036.7788,1054002.8035
002701.SZ,20240722,4.13,0.4413,0.6623,0.84,13.7213,12.6019,1.2283,0.7677,0.7568,2.9056,2.8903,257326.0436,257073.8545,171268.0579,1062756.5601,1061715.0191
002701.SZ,20240719,4.12,0.5923,0.8891,1.21,13.6881,12.5714,1.2253,0.7659,0.755,2.9126,2.8973,257326.0436,257073.8545,171268.0579,1060183.2996,1059144.2805
002701.SZ,20240718,4.24,0.6949,1.043,1.47,14.0868,12.9375,1.2178,0.7882,0.777,2.8302,,257326.0436,257073.8545,171268.0579,1091062.4249,1089993.1431
002701.SZ,20240717,4.19,0.4464,0.6701,0.99,13.9206,12.785,1.2034,0.7789,0.7678,2.864,,257326.0436,257073.8545,171268.0579,1078196.1227,1077139.4504
002701.SZ,20240716,4.17,0.5028,0.7547,1.08,13.8542,12.724,1.1977,0.7752,0.7642,2.8777,,257326.0436,257073.8545,171268.0579,1073049.6018,1071997.9733
002701.SZ,20240715,4.16,0.3814,0.5724,0.72,13.821,12.6934,1.1948,0.7733,0.7623,2.8846,,257326.0436,257073.8545,171268.0579,1070476.3414,1069427.2347
002701.SZ,20240712,4.16,0.4204,0.6311,0.76,13.821,12.6934,1.1948,0.7733,0.7623,2.8846,,257326.0436,257073.8545,171268.0579,1070476.3414,1069427.2347
002701.SZ,20240711,4.14,0.6072,0.9114,1.13,13.7545,12.6324,1.189,0.7696,0.7587,2.8986,2.8986,257326.0436,257073.8545,171268.0579,1065329.8205,1064285.7576
002701.SZ,20240710,4.04,0.3369,0.5057,0.6,13.4223,12.3273,1.1603,0.751,0.7403,2.9703,2.9703,257326.0436,257073.8545,171268.0579,1039597.2161,1038578.3722
002701.SZ,20240709,4.04,0.5833,0.8756,1.1,13.4223,12.3273,1.1603,0.751,0.7403,2.9703,2.9703,257326.0436,257073.8545,171268.0579,1039597.2161,1038578.3722
002701.SZ,20240708,4.0,0.7061,1.0598,1.39,13.2894,12.2052,1.1488,0.7436,0.733,3.0,3.0,257326.0436,257073.8545,171268.0579,1029304.1744,1028295.418
002701.SZ,20240705,4.12,0.538,0.8075,0.99,13.6881,12.5714,1.1833,0.7659,0.755,2.9126,2.9126,257326.0436,257073.8545,171268.0579,1060183.2996,1059144.2805
002701.SZ,20240704,4.09,0.5204,0.7811,0.95,13.5884,12.4798,1.1747,0.7603,0.7495,2.934,2.934,257326.0436,257073.8545,171268.0579,1052463.5183,1051432.0649
002701.SZ,20240703,4.15,0.4454,0.6686,0.8,13.7878,12.6629,1.1919,0.7714,0.7605,2.8916,2.8916,257326.0436,257073.8545,171268.0579,1067903.0809,1066856.4962
002701.SZ,20240702,4.16,0.4349,0.6528,0.76,13.821,12.6934,1.1948,0.7733,0.7623,2.8846,2.8846,257326.0436,257073.8545,171268.0579,1070476.3414,1069427.2347
002701.SZ,20240701,4.16,0.593,0.8901,1.02,13.821,12.6934,1.1948,0.7733,0.7623,2.8846,2.8846,257326.0436,257073.8545,171268.0579,1070476.3414,1069427.2347
002701.SZ,20240628,4.16,0.7101,1.0659,1.37,13.821,12.6934,1.1948,0.7733,0.7623,2.8846,2.8846,257326.0436,257073.8545,171268.0579,1070476.3414,1069427.2347
002701.SZ,20240627,4.17,0.5689,0.8539,1.08,13.8542,12.724,1.1977,0.7752,0.7642,2.8777,2.8777,257326.0436,257073.8545,171268.0579,1073049.6018,1071997.9733
002701.SZ,20240626,4.18,0.4752,0.7132,0.79,13.8874,12.7545,1.2005,0.777,0.766,2.8708,2.8708,257326.0436,257073.8545,171268.0579,1075622.8622,1074568.7118
002701.SZ,20240625,4.11,0.5011,0.7521,0.79,13.6549,12.5409,1.1804,0.764,0.7532,2.9197,2.9197,257326.0436,257073.8545,171268.0579,1057610.0392,1056573.542
002701.SZ,20240624,4.07,0.6633,0.9957,1.02,13.522,12.4188,1.1689,0.7566,0.7458,2.9484,2.9484,257326.0436,257073.8545,171268.0579,1047316.9975,1046290.5878
002701.SZ,20240621,4.14,0.385,0.5779,0.53,13.7545,12.6324,1.189,0.7696,0.7587,2.8986,2.8986,257326.0436,257073.8545,171268.0579,1065329.8205,1064285.7576
002701.SZ,20240620,4.15,0.6083,0.9131,0.8,13.7878,12.6629,1.1919,0.7714,0.7605,2.8916,2.8916,257326.0436,257073.8545,171268.0579,1067903.0809,1066856.4962
002701.SZ,20240619,4.21,0.8496,1.2752,1.05,13.9871,12.846,1.2092,0.7826,0.7715,2.8504,2.8504,257326.0436,257073.8545,171268.0579,1083342.6436,1082280.9274
002701.SZ,20240618,4.37,0.6522,0.979,0.61,14.5187,13.3342,1.2551,0.8123,0.8008,2.746,2.746,257326.0436,257073.8545,171268.0579,1124514.8105,1123412.7442
002701.SZ,20240617,4.34,0.765,1.1482,0.74,14.419,13.2427,1.2465,0.8068,0.7953,2.765,2.765,257326.0436,257073.8545,171268.0579,1116795.0292,1115700.5285
002701.SZ,20240614,4.35,0.7762,1.1651,0.77,14.4522,13.2732,1.2494,0.8086,0.7971,2.7586,2.7586,257326.0436,257073.8545,171268.0579,1119368.2897,1118271.2671
002701.SZ,20240613,4.38,0.778,1.1678,0.79,14.5519,13.3647,1.258,0.8142,0.8026,2.7397,2.7397,257326.0436,257073.8545,171268.0579,1127088.071,1125983.4827
002701.SZ,20240612,4.44,1.071,1.6076,1.18,14.7512,13.5478,1.2752,0.8254,0.8136,2.7027,2.7027,257326.0436,257073.8545,171268.0579,1142527.6336,1141407.914
002701.SZ,20240611,4.5,1.9362,2.9062,2.8,14.9506,13.7309,1.2924,0.8365,0.8246,2.6667,2.6667,257326.0436,257073.8545,171268.0579,1157967.1962,1156832.3453
002701.SZ,20240607,4.43,0.5749,0.863,0.84,14.718,13.5173,1.2723,0.8235,0.8118,2.7088,2.7088,257326.0436,257073.8545,171268.0579,1139954.3731,1138837.1754
002701.SZ,20240606,4.45,0.709,1.0641,1.08,14.7845,13.5783,1.2781,0.8272,0.8155,2.6966,2.6966,257326.0436,257073.8545,171268.0579,1145100.894,1143978.6525
002701.SZ,20240605,4.47,0.6501,0.9758,1.01,14.8509,13.6393,1.2838,0.8309,0.8191,2.6846,2.6846,257326.0436,257073.8545,171268.0579,1150247.4149,1149120.1296
002701.SZ,20240604,4.49,0.6615,0.9928,1.07,14.9174,13.7004,1.2896,0.8347,0.8228,2.6726,2.6726,257326.0436,257073.8545,171268.0579,1155393.9358,1154261.6067
002701.SZ,20240603,4.42,0.859,1.2893,1.52,14.6848,13.4868,1.2695,0.8216,0.81,2.7149,2.7149,257326.0436,257073.8545,171268.0579,1137381.1127,1136266.4369
002701.SZ,20240531,4.5,0.5541,0.8317,1.0,14.9506,13.7309,1.2924,0.8365,0.8246,2.6667,2.6667,257326.0436,257073.8545,171268.0579,1157967.1962,1156832.3453
002701.SZ,20240530,4.46,0.5548,0.8328,0.92,14.8177,13.6088,1.281,0.8291,0.8173,2.6906,2.6906,257326.0436,257073.8545,171268.0579,1147674.1545,1146549.3911
002701.SZ,20240529,4.5,0.5786,0.8684,0.97,14.9506,13.7309,1.2924,0.8365,0.8246,2.6667,2.6667,257326.0436,257073.8545,171268.0579,1157967.1962,1156832.3453
002701.SZ,20240528,4.52,0.5474,0.8216,0.85,15.017,13.7919,1.2982,0.8402,0.8283,2.6549,2.6549,257326.0436,257073.8545,171268.0579,1163113.7171,1161973.8223
002701.SZ,20240527,4.58,0.5888,0.8838,0.89,15.2164,13.975,1.3154,0.8514,0.8393,2.6201,2.6201,257326.0436,257073.8545,171268.0579,1178553.2797,1177398.2536
002701.SZ,20240524,4.54,0.5148,0.7727,0.77,15.0835,13.8529,1.3039,0.8439,0.832,2.6432,2.6432,257326.0436,257073.8545,171268.0579,1168260.2379,1167115.2994
002701.SZ,20240523,4.55,0.7709,1.1572,1.2,15.1167,13.8835,1.3068,0.8458,0.8338,2.6374,2.6374,257326.0436,257073.8545,171268.0579,1170833.4984,1169686.038
002701.SZ,20240522,4.67,0.5503,0.826,0.85,15.5154,14.2496,1.3413,0.8681,0.8558,2.5696,2.5696,257326.0436,257073.8545,171268.0579,1201712.6236,1200534.9005
002701.SZ,20240521,4.68,0.777,1.1662,1.26,15.5486,14.2801,1.3441,0.87,0.8576,2.5641,2.5641,257326.0436,257073.8545,171268.0579,1204285.884,1203105.6391
002701.SZ,20240520,4.7,0.698,1.0476,1.13,15.615,14.3411,1.3499,0.8737,0.8613,2.5532,2.5532,257326.0436,257073.8545,171268.0579,1209432.4049,1208247.1162
002701.SZ,20240517,4.69,0.5471,0.8212,0.88,15.5818,14.3106,1.347,0.8718,0.8594,2.5586,2.5586,257326.0436,257073.8545,171268.0579,1206859.1445,1205676.3776
002701.SZ,20240516,4.68,0.6354,0.9537,0.96,15.5486,14.2801,1.3441,0.87,0.8576,2.5641,2.5641,257326.0436,257073.8545,171268.0579,1204285.884,1203105.6391
002701.SZ,20240515,4.7,0.565,0.8481,0.8,15.615,14.3411,1.3499,0.8737,0.8613,2.5532,2.5532,257326.0436,257073.8545,171268.0579,1209432.4049,1208247.1162
002701.SZ,20240514,4.7,0.6308,0.9469,0.78,15.615,14.3411,1.3499,0.8737,0.8613,2.5532,2.5532,257326.0436,257073.8545,171268.0579,1209432.4049,1208247.1162
002701.SZ,20240513,4.7,0.7138,1.0714,0.71,15.615,14.3411,1.3499,0.8737,0.8613,2.5532,2.5532,257326.0436,257073.8545,171268.0579,1209432.4049,1208247.1162
002701.SZ,20240510,4.73,0.553,0.83,0.45,15.7147,14.4327,1.3585,0.8793,0.8668,2.537,2.537,257326.0436,257073.8545,171268.0579,1217152.1862,1215959.3318
002701.SZ,20240509,4.76,0.8475,1.2721,0.69,15.8144,14.5242,1.3671,0.8848,0.8723,2.521,2.521,257326.0436,257073.8545,171268.0579,1224871.9675,1223671.5474
002701.SZ,20240508,4.68,0.7788,1.169,0.63,15.5486,14.2801,1.3441,0.87,0.8576,2.5641,2.5641,257326.0436,257073.8545,171268.0579,1204285.884,1203105.6391
002701.SZ,20240507,4.76,1.127,1.6917,0.98,15.8144,14.5242,1.3671,0.8848,0.8723,2.521,2.521,257326.0436,257073.8545,171268.0579,1224871.9675,1223671.5474
002701.SZ,20240506,4.8,1.7402,2.612,1.7,15.9473,14.6463,1.3786,0.8923,0.8796,2.5,2.5,257326.0436,257073.8545,171268.0579,1235165.0093,1233954.5016
002701.SZ,20240430,4.67,1.6577,2.4883,2.07,15.5154,14.2496,1.3413,0.8681,0.8558,2.5696,2.5696,257326.0436,257073.8545,171268.0579,1201712.6236,1200534.9005
002701.SZ,20240429,4.51,0.8782,1.3182,1.18,20.5349,15.939,1.3437,0.825,0.8343,2.6608,2.6608,257326.0436,257073.8545,171268.0579,1160540.4566,1159403.0838
002701.SZ,20240426,4.41,0.8183,1.2283,1.13,20.0796,15.5856,1.3139,0.8067,0.8158,2.7211,2.7211,257326.0436,257073.8545,171268.0579,1134807.8523,1133695.6983
002701.SZ,20240425,4.33,0.6395,0.9599,0.9,19.7153,15.3029,1.2901,0.7921,0.801,2.7714,2.7714,257326.0436,257073.8545,171268.0579,1114221.7688,1113129.79
002701.SZ,20240424,4.25,1.1095,1.6653,1.71,19.3511,15.0201,1.2663,0.7774,0.7862,2.8235,2.8235,257326.0436,257073.8545,171268.0579,1093635.6853,1092563.8816
002701.SZ,20240423,4.36,0.5593,0.8395,0.8,19.8519,15.4089,1.299,0.7976,0.8066,2.7523,2.7523,257326.0436,257073.8545,171268.0579,1121941.5501,1120842.0056
002701.SZ,20240422,4.39,0.5934,0.8907,0.8,19.9885,15.5149,1.308,0.8031,0.8121,2.7335,2.7335,257326.0436,257073.8545,171268.0579,1129661.3314,1128554.2213
002701.SZ,20240419,4.46,0.7303,1.0962,1.03,20.3072,15.7623,1.3288,0.8159,0.8251,2.6906,2.6906,257326.0436,257073.8545,171268.0579,1147674.1545,1146549.3911
002701.SZ,20240418,4.44,0.5656,0.8489,0.74,20.2162,15.6916,1.3229,0.8122,0.8214,2.7027,2.7027,257326.0436,257073.8545,171268.0579,1142527.6336,1141407.914
002701.SZ,20240417,4.43,0.7949,1.1931,1.05,20.1706,15.6563,1.3199,0.8104,0.8195,2.7088,2.7088,257326.0436,257073.8545,171268.0579,1139954.3731,1138837.1754
002701.SZ,20240416,4.39,0.8093,1.2147,1.13,19.9885,15.5149,1.308,0.8031,0.8121,2.7335,2.7335,257326.0436,257073.8545,171268.0579,1129661.3314,1128554.2213
002701.SZ,20240415,4.47,0.8208,1.232,1.05,20.3528,15.7976,1.3318,0.8177,0.8269,2.6846,2.6846,257326.0436,257073.8545,171268.0579,1150247.4149,1149120.1296
002701.SZ,20240412,4.49,0.5674,0.8517,0.55,20.4438,15.8683,1.3378,0.8213,0.8306,2.6726,2.6726,257326.0436,257073.8545,171268.0579,1155393.9358,1154261.6067
002701.SZ,20240411,4.54,0.8412,1.2626,0.77,20.6715,16.045,1.3527,0.8305,0.8399,2.6432,2.6432,257326.0436,257073.8545,171268.0579,1168260.2379,1167115.2994
002701.SZ,20240410,4.5,0.7534,1.1308,0.7,20.4894,15.9037,1.3408,0.8232,0.8325,2.6667,2.6667,257326.0436,257073.8545,171268.0579,1157967.1962,1156832.3453
002701.SZ,20240409,4.53,0.6118,0.9183,0.58,20.6259,16.0097,1.3497,0.8287,0.838,2.649,2.649,257326.0436,257073.8545,171268.0579,1165686.9775,1164544.5609
002701.SZ,20240408,4.47,1.1437,1.7167,1.22,20.3528,15.7976,1.3318,0.8177,0.8269,2.6846,2.6846,257326.0436,257073.8545,171268.0579,1150247.4149,1149120.1296
002701.SZ,20240403,4.57,1.762,2.6448,2.44,20.8081,16.1511,1.3616,0.836,0.8454,2.6258,2.6258,257326.0436,257073.8545,171268.0579,1175980.0193,1174827.5151
002701.SZ,20240402,4.39,1.2262,1.8405,2.07,19.9885,15.5149,1.308,0.8031,0.8121,2.7335,2.7335,257326.0436,257073.8545,171268.0579,1129661.3314,1128554.2213
002701.SZ,20240401,4.29,0.6705,1.0064,1.11,19.5332,15.1615,1.2782,0.7848,0.7936,2.7972,2.7972,257326.0436,257073.8545,171268.0579,1103928.727,1102846.8358
002701.SZ,20240329,4.26,0.4359,0.6543,0.69,19.3966,15.0555,1.2693,0.7793,0.7881,2.8169,2.8169,257326.0436,257073.8545,171268.0579,1096208.9457,1095134.6202
002701.SZ,20240328,4.23,0.6021,0.9037,0.98,19.26,14.9494,1.2603,0.7738,0.7825,2.8369,2.8369,257326.0436,257073.8545,171268.0579,1088489.1644,1087422.4045
002701.SZ,20240327,4.22,0.6814,1.0227,1.19,19.2145,14.9141,1.2573,0.772,0.7807,2.8436,2.8436,257326.0436,257073.8545,171268.0579,1085915.904,1084851.666
002701.SZ,20240326,4.3,0.565,0.8481,0.99,19.5787,15.1968,1.2812,0.7866,0.7955,2.7907,2.7907,257326.0436,257073.8545,171268.0579,1106501.9875,1105417.5744
002701.SZ,20240325,4.28,0.7321,1.0989,1.25,19.4877,15.1262,1.2752,0.7829,0.7918,2.8037,2.8037,257326.0436,257073.8545,171268.0579,1101355.4666,1100276.0973
002701.SZ,20240322,4.31,0.6009,0.902,0.97,19.6242,15.2322,1.2842,0.7884,0.7973,2.7842,2.7842,257326.0436,257073.8545,171268.0579,1109075.2479,1107988.3129
002701.SZ,20240321,4.35,0.4878,0.7322,0.78,19.8064,15.3735,1.2961,0.7957,0.8047,2.7586,2.7586,257326.0436,257073.8545,171268.0579,1119368.2897,1118271.2671
002701.SZ,20240320,4.36,0.4863,0.7299,0.79,19.8519,15.4089,1.299,0.7976,0.8066,2.7523,2.7523,257326.0436,257073.8545,171268.0579,1121941.5501,1120842.0056
002701.SZ,20240319,4.35,0.553,0.83,0.84,19.8064,15.3735,1.2961,0.7957,0.8047,2.7586,2.7586,257326.0436,257073.8545,171268.0579,1119368.2897,1118271.2671
002701.SZ,20240318,4.39,0.794,1.1918,1.36,19.9885,15.5149,1.308,0.8031,0.8121,2.7335,2.7335,257326.0436,257073.8545,171268.0579,1129661.3314,1128554.2213
002701.SZ,20240315,4.41,0.7732,1.1605,1.53,20.0796,15.5856,1.3139,0.8067,0.8158,2.7211,2.7211,257326.0436,257073.8545,171268.0579,1134807.8523,1133695.6983
002701.SZ,20240314,4.34,0.5372,0.8063,1.08,19.7608,15.3382,1.2931,0.7939,0.8029,2.765,2.765,257326.0436,257073.8545,171268.0579,1116795.0292,1115700.5285
002701.SZ,20240313,4.34,0.4158,0.6241,0.77,19.7608,15.3382,1.2931,0.7939,0.8029,2.765,2.765,257326.0436,257073.8545,171268.0579,1116795.0292,1115700.5285
002701.SZ,20240312,4.35,0.754,1.1318,1.39,19.8064,15.3735,1.2961,0.7957,0.8047,2.7586,2.7586,257326.0436,257073.8545,171268.0579,1119368.2897,1118271.2671
002701.SZ,20240311,4.31,0.4452,0.6682,0.76,19.6242,15.2322,1.2842,0.7884,0.7973,2.7842,2.7842,257326.0436,257073.8545,171268.0579,1109075.2479,1107988.3129
002701.SZ,20240308,4.3,0.3747,0.5625,0.53,19.5787,15.1968,1.2812,0.7866,0.7955,2.7907,2.7907,257326.0436,257073.8545,171268.0579,1106501.9875,1105417.5744
002701.SZ,20240307,4.27,0.5062,0.7598,0.63,19.4421,15.0908,1.2722,0.7811,0.7899,2.8103,2.8103,257326.0436,257073.8545,171268.0579,1098782.2062,1097705.3587
002701.SZ,20240306,4.28,0.6293,0.9446,0.67,19.4877,15.1262,1.2752,0.7829,0.7918,2.8037,2.8037,257326.0436,257073.8545,171268.0579,1101355.4666,1100276.0973
002701.SZ,20240305,4.27,0.7637,1.1463,0.79,19.4421,15.0908,1.2722,0.7811,0.7899,2.8103,2.8103,257326.0436,257073.8545,171268.0579,1098782.2062,1097705.3587
002701.SZ,20240304,4.24,0.6504,0.9763,0.65,19.3055,14.9848,1.2633,0.7756,0.7844,2.8302,2.8302,257326.0436,257073.8545,171268.0579,1091062.4249,1089993.1431
002701.SZ,20240301,4.3,0.9733,1.4609,0.98,19.5787,15.1968,1.2812,0.7866,0.7955,2.7907,2.7907,257326.0436,257073.8545,171268.0579,1106501.9875,1105417.5744
002701.SZ,20240229,4.27,0.9725,1.4596,1.04,19.4421,15.0908,1.2722,0.7811,0.7899,2.8103,2.8103,257326.0436,257086.9028,171281.1062,1098782.2062,1097761.075
002701.SZ,20240228,4.16,1.3059,1.9601,1.53,18.9413,14.7021,1.2395,0.761,0.7696,2.8846,2.8846,257326.0436,257086.9028,171281.1062,1070476.3414,1069481.5156
002701.SZ,20240227,4.36,0.9411,1.4125,1.11,19.8519,15.4089,1.299,0.7976,0.8066,2.7523,2.7523,257326.0436,257086.9028,171281.1062,1121941.5501,1120898.8962
002701.SZ,20240226,4.23,0.7967,1.1958,0.9,19.26,14.9494,1.2603,0.7738,0.7825,2.8369,2.8369,257326.0436,257086.9028,171281.1062,1088489.1644,1087477.5988
002701.SZ,20240223,4.23,0.9368,1.406,0.91,19.26,14.9494,1.2603,0.7738,0.7825,2.8369,2.8369,257326.0436,257086.9028,171281.1062,1088489.1644,1087477.5988
002701.SZ,20240222,4.26,0.71,1.0657,0.53,19.3966,15.0555,1.2693,0.7793,0.7881,2.8169,2.8169,257326.0436,257086.9028,171281.1062,1096208.9457,1095190.2059
002701.SZ,20240221,4.27,0.8798,1.3206,0.62,19.4421,15.0908,1.2722,0.7811,0.7899,2.8103,2.8103,257326.0436,257086.9028,171281.1062,1098782.2062,1097761.075
002701.SZ,20240220,4.26,0.9324,1.3996,0.65,19.3966,15.0555,1.2693,0.7793,0.7881,2.8169,2.8169,257326.0436,257086.9028,171281.1062,1096208.9457,1095190.2059
002701.SZ,20240219,4.2,0.9901,1.4861,0.7,19.1234,14.8434,1.2514,0.7683,0.777,2.8571,2.8571,257326.0436,257086.9028,171281.1062,1080769.3831,1079764.9918
002701.SZ,20240208,4.2,1.6618,2.4943,1.36,19.1234,14.8434,1.2514,0.7683,0.777,2.8571,2.8571,257326.0436,257086.9028,171281.1062,1080769.3831,1079764.9918
002701.SZ,20240207,4.24,2.189,3.2856,2.35,19.3055,14.9848,1.2633,0.7756,0.7844,2.8302,2.8302,257326.0436,257086.9028,171281.1062,1091062.4249,1090048.4679
002701.SZ,20240206,3.98,1.2815,1.9235,1.65,18.1217,14.0659,1.1858,0.7281,0.7363,3.0151,3.0151,257326.0436,257086.9028,171281.1062,1024157.6535,1023205.8731
002701.SZ,20240205,3.69,1.0742,1.6123,1.56,16.8013,13.041,1.0994,0.675,0.6826,3.252,3.252,257326.0436,257086.9028,171281.1062,949533.1009,948650.6713
002701.SZ,20240202,3.79,0.8819,1.3237,1.42,17.2566,13.3944,1.1292,0.6933,0.7011,3.1662,3.1662,257326.0436,257086.9028,171281.1062,975265.7052,974359.3616
002701.SZ,20240201,3.85,0.6621,0.9938,1.02,17.5298,13.6065,1.1471,0.7043,0.7122,3.1169,3.1169,257326.0436,257086.9028,171281.1062,990705.2679,989784.5758
002701.SZ,20240131,3.81,0.7549,1.133,1.23,17.3477,13.4651,1.1352,0.697,0.7048,3.1496,3.1496,257326.0436,257086.9028,171281.1062,980412.2261,979501.0997
002701.SZ,20240130,3.94,0.5145,0.7723,0.79,17.9396,13.9245,1.1739,0.7207,0.7289,3.0457,3.0457,257326.0436,257086.9028,171281.1062,1013864.6118,1012922.397
002701.SZ,20240129,4.0,0.6187,0.9286,0.9,18.2128,14.1366,1.1918,0.7317,0.74,3.0,3.0,257326.0436,257086.9028,171281.1062,1029304.1744,1028347.6112
002701.SZ,20240126,4.03,0.5464,0.8201,0.8,18.3494,14.2426,1.2007,0.7372,0.7455,2.9777,2.9777,257326.0436,257086.9028,171281.1062,1037023.9557,1036060.2183
002701.SZ,20240125,4.02,0.8072,1.2117,1.13,18.3038,14.2073,1.1977,0.7354,0.7437,2.9851,2.9851,257326.0436,257086.9028,171281.1062,1034450.6953,1033489.3493
002701.SZ,20240124,3.92,0.5857,0.8792,0.82,17.8485,13.8539,1.168,0.7171,0.7252,3.0612,3.0612,257326.0436,257086.9028,171281.1062,1008718.0909,1007780.659
002701.SZ,20240123,3.86,0.6783,1.0181,0.98,17.5753,13.6418,1.1501,0.7061,0.7141,3.1088,3.1088,257326.0436,257086.9028,171281.1062,993278.5283,992355.4448
002701.SZ,20240122,3.78,0.804,1.2068,1.28,17.2111,13.3591,1.1262,0.6915,0.6993,3.1746,3.1746,257326.0436,257086.9028,171281.1062,972692.4448,971788.4926
002701.SZ,20240119,3.99,0.5271,0.7912,0.87,18.1672,14.1013,1.1888,0.7299,0.7381,3.0075,3.0075,257326.0436,257086.9028,171281.1062,1026730.914,1025776.7422
002701.SZ,20240118,4.0,0.9894,1.485,1.97,18.2128,14.1366,1.1918,0.7317,0.74,3.0,3.0,257326.0436,257086.9028,171281.1062,1029304.1744,1028347.6112
002701.SZ,20240117,4.01,0.5619,0.8434,1.19,18.2583,14.1719,1.1948,0.7335,0.7418,2.9925,2.9925,257326.0436,257086.9028,171281.1062,1031877.4348,1030918.4802
002701.SZ,20240116,4.07,0.5817,0.8731,1.34,18.5315,14.384,1.2126,0.7445,0.7529,2.9484,2.9484,257326.0436,257086.9028,171281.1062,1047316.9975,1046343.6944
002701.SZ,20240115,4.08,0.4862,0.7298,1.1,18.577,14.4193,1.2156,0.7463,0.7548,2.9412,2.9412,257326.0436,257086.9028,171281.1062,1049890.2579,1048914.5634
002701.SZ,20240112,4.09,0.4208,0.6316,0.85,18.6225,14.4547,1.2186,0.7482,0.7566,2.934,2.934,257326.0436,257086.9028,171281.1062,1052463.5183,1051485.4325
002701.SZ,20240111,4.09,0.4633,0.6954,0.9,18.6225,14.4547,1.2186,0.7482,0.7566,2.934,2.934,257326.0436,257086.9028,171281.1062,1052463.5183,1051485.4325
002701.SZ,20240110,4.06,0.3996,0.5998,0.76,18.486,14.3486,1.2097,0.7427,0.7511,2.9557,2.9557,257326.0436,257086.9028,171281.1062,1044743.737,1043772.8254
002701.SZ,20240109,4.06,0.4027,0.6045,0.71,18.486,14.3486,1.2097,0.7427,0.7511,2.9557,2.9557,257326.0436,257086.9028,171281.1062,1044743.737,1043772.8254
002701.SZ,20240108,4.04,0.5161,0.7747,0.93,18.3949,14.278,1.2037,0.739,0.7474,2.9703,2.9703,257326.0436,257086.9028,171281.1062,1039597.2161,1038631.0873
002701.SZ,20240105,4.13,0.7004,1.0513,1.3,18.8047,14.596,1.2305,0.7555,0.764,2.9056,2.9056,257326.0436,257086.9028,171281.1062,1062756.5601,1061768.9086
002701.SZ,20240104,4.16,0.5517,0.828,1.1,18.9413,14.7021,1.2395,0.761,0.7696,2.8846,2.8846,257326.0436,257086.9028,171281.1062,1070476.3414,1069481.5156
002701.SZ,20240103,4.16,0.462,0.6934,0.93,18.9413,14.7021,1.2395,0.761,0.7696,2.8846,2.8846,257326.0436,257086.9028,171281.1062,1070476.3414,1069481.5156
002701.SZ,20240102,4.14,0.5973,0.8966,1.36,18.8502,14.6314,1.2335,0.7573,0.7659,2.8986,2.8986,257326.0436,257086.9028,171281.1062,1065329.8205,1064339.7776
002701.SZ,20231229,4.14,0.4562,0.6848,1.01,18.8502,14.6314,1.2335,0.7573,0.7659,3.285,2.8986,257326.0436,257086.9028,171281.1062,1065329.8205,1064339.7776
002701.SZ,20231228,4.12,0.6361,0.9548,1.42,18.7591,14.5607,1.2275,0.7537,0.7622,3.301,2.9126,257326.0436,257086.9028,171281.1062,1060183.2996,1059198.0395
002701.SZ,20231227,4.05,0.3464,0.52,0.67,18.4404,14.3133,1.2067,0.7409,0.7492,3.358,2.963,257326.0436,257086.9028,171281.1062,1042170.4766,1041201.9563
002701.SZ,20231226,4.04,0.4565,0.6852,0.78,18.3949,14.278,1.2037,0.739,0.7474,3.3663,2.9703,257326.0436,257086.9028,171281.1062,1039597.2161,1038631.0873
002701.SZ,20231225,4.03,0.3028,0.4545,0.42,18.3494,14.2426,1.2007,0.7372,0.7455,3.3747,2.9777,257326.0436,257086.9028,171281.1062,1037023.9557,1036060.2183
002701.SZ,20231222,4.07,0.5209,0.7819,0.62,18.5315,14.384,1.2126,0.7445,0.7529,3.3415,2.9484,257326.0436,257086.9028,171281.1062,1047316.9975,1046343.6944
002701.SZ,20231221,4.07,0.6147,0.9227,0.59,18.5315,14.384,1.2126,0.7445,0.7529,3.3415,2.9484,257326.0436,257086.9028,171281.1062,1047316.9975,1046343.6944
002701.SZ,20231220,4.01,0.706,1.0597,0.6,18.2583,14.1719,1.1948,0.7335,0.7418,3.3915,2.9925,257326.0436,257086.9028,171281.1062,1031877.4348,1030918.4802
002701.SZ,20231219,4.08,0.7722,1.159,0.53,18.577,14.4193,1.2156,0.7463,0.7548,3.3333,2.9412,257326.0436,257086.9028,171281.1062,1049890.2579,1048914.5634
002701.SZ,20231218,4.1,1.0274,1.542,0.72,18.6681,14.49,1.2216,0.75,0.7585,3.3171,2.9268,257326.0436,257086.9028,171281.1062,1055036.7788,1054056.3015
002701.SZ,20231215,4.23,1.0915,1.6383,0.8,19.26,14.9494,1.2603,0.7738,0.7825,3.2151,2.8369,257326.0436,257086.9028,171281.1062,1088489.1644,1087477.5988
002701.SZ,20231214,4.28,1.6351,2.4543,1.34,19.4877,15.1262,1.2752,0.7829,0.7918,3.1776,2.8037,257326.0436,257086.9028,171281.1062,1101355.4666,1100331.944
002701.SZ,20231213,4.17,1.3926,2.0902,1.33,18.9868,14.7374,1.2424,0.7628,0.7714,3.2614,2.8777,257326.0436,257086.9028,171281.1062,1073049.6018,1072052.3847
002701.SZ,20231212,4.27,2.1599,3.242,2.83,19.4421,15.0908,1.2722,0.7811,0.7899,3.185,2.8103,257326.0436,257086.9028,171281.1062,1098782.2062,1097761.075
002701.SZ,20231211,4.1,0.8623,1.2943,1.22,18.6681,14.49,1.2216,0.75,0.7585,3.3171,2.9268,257326.0436,257086.9028,171281.1062,1055036.7788,1054056.3015
002701.SZ,20231208,4.11,0.7865,1.1805,1.19,18.7136,14.5254,1.2246,0.7518,0.7603,3.309,2.9197,257326.0436,257086.9028,171281.1062,1057610.0392,1056627.1705
002701.SZ,20231207,4.16,0.9015,1.3531,1.4,18.9413,14.7021,1.2395,0.761,0.7696,3.2692,2.8846,257326.0436,257086.9028,171281.1062,1070476.3414,1069481.5156
002701.SZ,20231206,4.16,0.5292,0.7943,0.81,18.9413,14.7021,1.2395,0.761,0.7696,3.2692,2.8846,257326.0436,257086.9028,171281.1062,1070476.3414,1069481.5156
002701.SZ,20231205,4.18,0.7306,1.0967,1.16,19.0323,14.7727,1.2454,0.7646,0.7733,3.2536,2.8708,257326.0436,257086.9028,171281.1062,1075622.8622,1074623.2537
002701.SZ,20231204,4.26,0.5951,0.8932,0.94,19.3966,15.0555,1.2693,0.7793,0.7881,3.1925,2.8169,257326.0436,257086.9028,171281.1062,1096208.9457,1095190.2059
002701.SZ,20231201,4.28,0.5456,0.8189,0.86,19.4877,15.1262,1.2752,0.7829,0.7918,3.1776,2.8037,257326.0436,257086.9028,171281.1062,1101355.4666,1100331.944
002701.SZ,20231130,4.25,0.8275,1.2421,1.41,19.3511,15.0201,1.2663,0.7774,0.7862,3.2,2.8235,257326.0436,257086.9028,171281.1062,1093635.6853,1092619.3369
002701.SZ,20231129,4.3,0.5522,0.8288,0.96,19.5787,15.1968,1.2812,0.7866,0.7955,3.1628,2.7907,257326.0436,257086.9028,171281.1062,1106501.9875,1105473.682
002701.SZ,20231128,4.32,0.6392,0.9595,1.07,19.6698,15.2675,1.2871,0.7902,0.7992,3.1481,2.7778,257326.0436,257086.9028,171281.1062,1111648.5084,1110615.4201
002701.SZ,20231127,4.34,0.6038,0.9064,1.02,19.7608,15.3382,1.2931,0.7939,0.8029,3.1336,2.765,257326.0436,257086.9028,171281.1062,1116795.0292,1115757.1582
002701.SZ,20231124,4.39,0.5323,0.7989,0.87,19.9885,15.5149,1.308,0.8031,0.8121,3.0979,2.7335,257326.0436,257086.9028,171281.1062,1129661.3314,1128611.5033
002701.SZ,20231123,4.4,0.6115,0.9178,1.02,20.034,15.5503,1.311,0.8049,0.814,3.0909,2.7273,257326.0436,257086.9028,171281.1062,1132234.5918,1131182.3723
002701.SZ,20231122,4.35,0.4805,0.7212,0.78,19.8064,15.3735,1.2961,0.7957,0.8047,3.1264,2.7586,257326.0436,257086.9028,171281.1062,1119368.2897,1118328.0272
002701.SZ,20231121,4.37,0.7595,1.14,1.33,19.8974,15.4442,1.302,0.7994,0.8084,3.1121,2.746,257326.0436,257086.9028,171281.1062,1124514.8105,1123469.7652
002701.SZ,20231120,4.37,0.5662,0.8498,0.95,19.8974,15.4442,1.302,0.7994,0.8084,3.1121,2.746,257326.0436,257086.9028,171281.1062,1124514.8105,1123469.7652
002701.SZ,20231117,4.37,0.6273,0.9416,1.06,19.8974,15.4442,1.302,0.7994,0.8084,3.1121,2.746,257326.0436,257086.9028,171281.1062,1124514.8105,1123469.7652
002701.SZ,20231116,4.37,0.5549,0.8328,0.94,19.8974,15.4442,1.302,0.7994,0.8084,3.1121,2.746,257326.0436,257086.9028,171281.1062,1124514.8105,1123469.7652
002701.SZ,20231115,4.39,0.5891,0.8842,0.98,19.9885,15.5149,1.308,0.8031,0.8121,3.0979,2.7335,257326.0436,257086.9028,171281.1062,1129661.3314,1128611.5033
002701.SZ,20231114,4.39,0.5241,0.7866,0.86,19.9885,15.5149,1.308,0.8031,0.8121,3.0979,2.7335,257326.0436,257086.9028,171281.1062,1129661.3314,1128611.5033
002701.SZ,20231113,4.4,0.6706,1.0065,1.07,20.034,15.5503,1.311,0.8049,0.814,3.0909,2.7273,257326.0436,257086.9028,171281.1062,1132234.5918,1131182.3723
002701.SZ,20231110,4.38,0.6323,0.949,0.96,19.943,15.4796,1.305,0.8012,0.8103,3.105,2.7397,257326.0436,257086.9028,171281.1062,1127088.071,1126040.6343
002701.SZ,20231109,4.37,0.5331,0.8001,0.78,19.8974,15.4442,1.302,0.7994,0.8084,3.1121,2.746,257326.0436,257086.9028,171281.1062,1124514.8105,1123469.7652
002701.SZ,20231108,4.36,0.6329,0.95,0.76,19.8519,15.4089,1.299,0.7976,0.8066,3.1193,2.7523,257326.0436,257086.9028,171281.1062,1121941.5501,1120898.8962
002701.SZ,20231107,4.37,0.5891,0.8841,0.65,19.8974,15.4442,1.302,0.7994,0.8084,3.1121,2.746,257326.0436,257086.9028,171281.1062,1124514.8105,1123469.7652
002701.SZ,20231106,4.39,0.7479,1.1225,0.85,19.9885,15.5149,1.308,0.8031,0.8121,3.0979,2.7335,257326.0436,257086.9028,171281.1062,1129661.3314,1128611.5033
002701.SZ,20231103,4.38,0.7867,1.1809,0.88,19.943,15.4796,1.305,0.8012,0.8103,3.105,2.7397,257326.0436,257086.9028,171281.1062,1127088.071,1126040.6343
002701.SZ,20231102,4.34,0.655,0.9831,0.78,19.7608,15.3382,1.2931,0.7939,0.8029,3.1336,2.765,257326.0436,257086.9028,171281.1062,1116795.0292,1115757.1582
002701.SZ,20231101,4.34,1.4083,2.1138,2.03,19.7608,15.3382,1.2931,0.7939,0.8029,3.1336,2.765,257326.0436,257086.9028,171281.1062,1116795.0292,1115757.1582
002701.SZ,20231031,4.47,0.9038,1.3565,1.28,20.3528,15.7976,1.3318,0.8177,0.8269,3.0425,2.6846,257326.0436,257086.9028,171281.1062,1150247.4149,1149178.4555
002701.SZ,20231030,4.57,0.6489,0.9739,0.93,20.8081,17.5275,1.3933,0.836,0.8196,2.9759,2.6258,257326.0436,257086.9028,171281.1062,1175980.0193,1174887.1458
002701.SZ,20231027,4.56,0.8428,1.2651,1.31,20.7625,17.4891,1.3903,0.8342,0.8178,2.9825,2.6316,257326.0436,257086.9028,171281.1062,1173406.7588,1172316.2768
002701.SZ,20231026,4.42,0.4202,0.6308,0.62,20.1251,16.9522,1.3476,0.8085,0.7927,3.0769,2.7149,257326.0436,257086.9028,171281.1062,1137381.1127,1136324.1104
002701.SZ,20231025,4.38,0.6584,0.9882,1.05,19.943,16.7988,1.3354,0.8012,0.7855,3.105,2.7397,257326.0436,257086.9028,171281.1062,1127088.071,1126040.6343
002701.SZ,20231024,4.31,0.9496,1.4254,1.72,19.6242,16.5303,1.314,0.7884,0.773,3.1555,2.7842,257326.0436,257086.9028,171281.1062,1109075.2479,1108044.5511
002701.SZ,20231023,4.32,0.6221,0.9337,1.2,19.6698,16.5687,1.3171,0.7902,0.7747,3.1481,2.7778,257326.0436,257086.9028,171281.1062,1111648.5084,1110615.4201
002701.SZ,20231020,4.41,0.5666,0.8504,1.2,20.0796,16.9138,1.3445,0.8067,0.7909,3.0839,2.7211,257326.0436,257086.9028,171281.1062,1134807.8523,1133753.2413
002701.SZ,20231019,4.41,0.6114,0.9177,1.35,20.0796,16.9138,1.3445,0.8067,0.7909,3.0839,2.7211,257326.0436,257086.9028,171281.1062,1134807.8523,1133753.2413
002701.SZ,20231018,4.42,0.3906,0.5863,0.81,20.1251,16.9522,1.3476,0.8085,0.7927,3.0769,2.7149,257326.0436,257086.9028,171281.1062,1137381.1127,1136324.1104
002701.SZ,20231017,4.49,0.5763,0.865,1.18,20.4438,17.2207,1.3689,0.8213,0.8052,3.029,2.6726,257326.0436,257086.9028,171281.1062,1155393.9358,1154320.1936
002701.SZ,20231016,4.54,0.4567,0.6855,0.87,20.6715,17.4124,1.3842,0.8305,0.8142,2.9956,2.6432,257326.0436,257086.9028,171281.1062,1168260.2379,1167174.5387
002701.SZ,20231013,4.57,0.3212,0.4821,0.55,20.8081,17.5275,1.3933,0.836,0.8196,2.9759,2.6258,257326.0436,257086.9028,171281.1062,1175980.0193,1174887.1458
002701.SZ,20231012,4.61,0.5264,0.7901,0.89,20.9902,17.6809,1.4055,0.8433,0.8268,2.9501,2.603,257326.0436,257086.9028,171281.1062,1186273.061,1185170.6219
002701.SZ,20231011,4.6,0.5421,0.8137,0.92,20.9447,17.6425,1.4025,0.8415,0.825,2.9565,2.6087,257326.0436,257086.9028,171281.1062,1183699.8006,1182599.7529
002701.SZ,20231010,4.59,0.5984,0.8982,1.03,20.8991,17.6042,1.3994,0.8396,0.8232,2.963,2.6144,257326.0436,257086.9028,171281.1062,1181126.5401,1180028.8839
002701.SZ,20231009,4.65,0.6367,0.9556,1.07,21.1723,17.8343,1.4177,0.8506,0.8339,2.9247,2.5806,257326.0436,257086.9028,171281.1062,1196566.1027,1195454.098
002701.SZ,20230928,4.66,0.6089,0.9139,1.1,21.2179,17.8727,1.4207,0.8524,0.8357,2.9185,2.5751,257326.0436,257086.9028,171281.1062,1199139.3632,1198024.967
002701.SZ,20230927,4.71,0.5697,0.8551,1.07,21.4455,18.0644,1.436,0.8616,0.8447,2.8875,2.5478,257326.0436,257086.9028,171281.1062,1212005.6654,1210879.3122
002701.SZ,20230926,4.7,0.542,0.8135,1.05,21.4,18.0261,1.4329,0.8598,0.8429,2.8936,2.5532,257326.0436,257086.9028,171281.1062,1209432.4049,1208308.4432
002701.SZ,20230925,4.74,0.5476,0.8219,1.03,21.5821,18.1795,1.4451,0.8671,0.8501,2.8692,2.5316,257326.0436,257086.9028,171281.1062,1219725.4467,1218591.9193
002701.SZ,20230922,4.74,0.7094,1.0648,1.35,21.5821,18.1795,1.4451,0.8671,0.8501,2.8692,2.5316,257326.0436,257086.9028,171281.1062,1219725.4467,1218591.9193
002701.SZ,20230921,4.75,0.4085,0.6131,0.74,21.6277,18.2179,1.4482,0.8689,0.8519,2.8632,2.5263,257326.0436,257086.9028,171281.1062,1222298.7071,1221162.7883
002701.SZ,20230920,4.78,0.4457,0.669,0.76,21.7642,18.3329,1.4573,0.8744,0.8572,2.8452,2.5105,257326.0436,257086.9028,171281.1062,1230018.4884,1228875.3954
002701.SZ,20230919,4.79,0.4815,0.7227,0.79,21.8098,18.3713,1.4604,0.8762,0.859,2.8392,2.5052,257326.0436,257086.9028,171281.1062,1232591.7488,1231446.2644
002701.SZ,20230918,4.79,0.6216,0.933,1.05,21.8098,18.3713,1.4604,0.8762,0.859,2.8392,2.5052,257326.0436,257086.9028,171281.1062,1232591.7488,1231446.2644
002701.SZ,20230915,4.79,0.6699,1.0055,1.11,21.8098,18.3713,1.4604,0.8762,0.859,2.8392,2.5052,257326.0436,257086.9028,171281.1062,1232591.7488,1231446.2644
002701.SZ,20230914,4.74,0.5484,0.8231,0.89,21.5821,18.1795,1.4451,0.8671,0.8501,2.8692,2.5316,257326.0436,257086.9028,171281.1062,1219725.4467,1218591.9193
002701.SZ,20230913,4.77,0.6104,0.9161,1.01,21.7187,18.2946,1.4543,0.8726,0.8554,2.8512,2.5157,257326.0436,257086.9028,171281.1062,1227445.228,1226304.5264
002701.SZ,20230912,4.77,0.6131,0.9203,1.01,21.7187,18.2946,1.4543,0.8726,0.8554,2.8512,2.5157,257326.0436,257086.9028,171281.1062,1227445.228,1226304.5264
002701.SZ,20230911,4.73,0.5199,0.7803,0.81,21.5366,18.1411,1.4421,0.8652,0.8483,2.8753,2.537,257326.0436,257086.9028,171281.1062,1217152.1862,1216021.0502
002701.SZ,20230908,4.73,0.7237,1.0863,1.16,21.5366,18.1411,1.4421,0.8652,0.8483,2.8753,2.537,257326.0436,257086.9028,171281.1062,1217152.1862,1216021.0502
002701.SZ,20230907,4.71,0.5988,0.8988,0.88,21.4455,18.0644,1.436,0.8616,0.8447,2.8875,2.5478,257326.0436,257086.9028,171281.1062,1212005.6654,1210879.3122
002701.SZ,20230906,4.74,0.5773,0.8665,0.78,21.5821,18.1795,1.4451,0.8671,0.8501,2.8692,2.5316,257326.0436,257086.9028,171281.1062,1219725.4467,1218591.9193
002701.SZ,20230905,4.77,0.6228,0.9348,0.65,21.7187,18.2946,1.4543,0.8726,0.8554,2.8512,2.5157,257326.0436,257086.9028,171281.1062,1227445.228,1226304.5264
002701.SZ,20230904,4.81,0.7017,1.0532,0.58,21.9008,18.448,1.4665,0.8799,0.8626,2.8274,2.4948,257326.0436,257086.9028,171281.1062,1237738.2697,1236588.0025
002701.SZ,20230901,4.81,0.6319,0.9485,0.53,21.9008,18.448,1.4665,0.8799,0.8626,2.8274,2.4948,257326.0436,257086.9028,171281.1062,1237738.2697,1236588.0025
002701.SZ,20230831,4.75,0.8806,1.3218,0.81,21.6277,18.2179,1.4482,0.8689,0.8519,2.8632,2.5263,257326.0436,257086.9028,171281.1062,1222298.7071,1221162.7883
002701.SZ,20230830,4.81,0.8715,1.3081,0.86,21.9008,18.448,1.4665,0.8799,0.8626,2.8274,2.4948,257326.0436,257086.9028,171281.1062,1237738.2697,1236588.0025
002701.SZ,20230829,4.8,1.6827,2.5257,2.09,21.8553,18.4096,1.4634,0.8781,0.8608,2.8333,2.5,257326.0436,257086.9028,171281.1062,1235165.0093,1234017.1334
002701.SZ,20230828,4.59,1.9904,2.9876,3.8,20.8991,17.6042,1.3994,0.8396,0.8232,2.963,2.6144,257326.0436,257086.9028,171281.1062,1181126.5401,1180028.8839
002701.SZ,20230825,4.41,0.5386,0.8085,1.03,20.0796,19.9272,1.3957,0.8067,0.8116,3.0839,2.7211,257326.0436,257086.9028,171281.1062,1134807.8523,1133753.2413
002701.SZ,20230824,4.38,0.3563,0.5348,0.63,19.943,19.7917,1.3862,0.8012,0.8061,3.105,2.7397,257326.0436,257086.9028,171281.1062,1127088.071,1126040.6343
002701.SZ,20230823,4.38,0.5114,0.7676,0.96,19.943,19.7917,1.3862,0.8012,0.8061,3.105,2.7397,257326.0436,257086.9028,171281.1062,1127088.071,1126040.6343
002701.SZ,20230822,4.42,0.6194,0.9297,1.24,20.1251,19.9724,1.3989,0.8085,0.8135,3.0769,2.7149,257326.0436,257086.9028,171281.1062,1137381.1127,1136324.1104
002701.SZ,20230821,4.43,0.5906,0.8865,1.18,20.1706,20.0176,1.402,0.8104,0.8153,3.07,2.7088,257326.0436,257086.9028,171281.1062,1139954.3731,1138894.9794
002701.SZ,20230818,4.51,0.5326,0.7995,1.1,20.5349,20.3791,1.4274,0.825,0.83,3.0155,2.6608,257326.0436,257086.9028,171281.1062,1160540.4566,1159461.9316
002701.SZ,20230817,4.57,0.5774,0.8666,1.22,20.8081,20.6502,1.4463,0.836,0.8411,2.9759,2.6258,257326.0436,257086.9028,171281.1062,1175980.0193,1174887.1458
002701.SZ,20230816,4.53,0.3425,0.5141,0.72,20.6259,20.4695,1.4337,0.8287,0.8337,3.0022,2.649,257326.0436,257086.9028,171281.1062,1165686.9775,1164603.6697
002701.SZ,20230815,4.54,0.456,0.6844,0.96,20.6715,20.5146,1.4369,0.8305,0.8356,2.9956,2.6432,257326.0436,257086.9028,171281.1062,1168260.2379,1167174.5387
002701.SZ,20230814,4.55,0.5895,0.8848,1.33,20.717,20.5598,1.44,0.8323,0.8374,2.989,2.6374,257326.0436,257086.9028,171281.1062,1170833.4984,1169745.4077
002701.SZ,20230811,4.53,0.4544,0.682,1.05,20.6259,20.4695,1.4337,0.8287,0.8337,3.0022,2.649,257326.0436,257086.9028,171281.1062,1165686.9775,1164603.6697
002701.SZ,20230810,4.64,0.5187,0.7786,1.2,21.1268,20.9665,1.4685,0.8488,0.854,2.931,2.5862,257326.0436,257086.9028,171281.1062,1193992.8423,1192883.229
002701.SZ,20230809,4.64,0.3518,0.5281,0.79,21.1268,20.9665,1.4685,0.8488,0.854,2.931,2.5862,257326.0436,257086.9028,171281.1062,1193992.8423,1192883.229
002701.SZ,20230808,4.69,0.4528,0.6797,1.0,21.3545,21.1924,1.4843,0.8579,0.8632,2.8998,2.5586,257326.0436,257086.9028,171281.1062,1206859.1445,1205737.5741
002701.SZ,20230807,4.69,0.4375,0.6567,0.93,21.3545,21.1924,1.4843,0.8579,0.8632,2.8998,2.5586,257326.0436,257086.9028,171281.1062,1206859.1445,1205737.5741
002701.SZ,20230804,4.72,0.4124,0.619,0.82,21.4911,21.328,1.4938,0.8634,0.8687,2.8814,2.5424,257326.0436,257086.9028,171281.1062,1214578.9258,1213450.1812
002701.SZ,20230803,4.72,0.499,0.7489,1.04,21.4911,21.328,1.4938,0.8634,0.8687,2.8814,2.5424,257326.0436,257086.9028,171281.1062,1214578.9258,1213450.1812
002701.SZ,20230802,4.73,0.416,0.6244,0.84,21.5366,21.3732,1.497,0.8652,0.8705,2.8753,2.537,257326.0436,257086.9028,171281.1062,1217152.1862,1216021.0502
002701.SZ,20230801,4.74,0.5005,0.7512,1.02,21.5821,21.4184,1.5002,0.8671,0.8724,2.8692,2.5316,257326.0436,257086.9028,171281.1062,1219725.4467,1218591.9193
002701.SZ,20230731,4.72,0.5125,0.7692,1.05,21.4911,21.328,1.4938,0.8634,0.8687,2.8814,2.5424,257326.0436,257086.9028,171281.1062,1214578.9258,1213450.1812
002701.SZ,20230728,4.69,0.5826,0.8744,1.08,21.3545,21.1924,1.4843,0.8579,0.8632,2.8998,2.5586,257326.0436,257086.9028,171281.1062,1206859.1445,1205737.5741
002701.SZ,20230727,4.63,0.3888,0.5835,0.57,21.0813,20.9213,1.4653,0.847,0.8521,2.9374,2.5918,257326.0436,257086.9028,171281.1062,1191419.5819,1190312.36
002701.SZ,20230726,4.65,0.4976,0.7468,0.77,21.1723,21.0117,1.4717,0.8506,0.8558,2.9247,2.5806,257326.0436,257086.9028,171281.1062,1196566.1027,1195454.098
002701.SZ,20230725,4.6,0.4697,0.7049,0.72,20.9447,20.7858,1.4558,0.8415,0.8466,2.9565,2.6087,257326.0436,257086.9028,171281.1062,1183699.8006,1182599.7529
002701.SZ,20230724,4.59,0.4997,0.75,0.81,20.8991,20.7406,1.4527,0.8396,0.8448,2.963,2.6144,257326.0436,257086.9028,171281.1062,1181126.5401,1180028.8839
002701.SZ,20230721,4.61,0.8474,1.2719,1.63,20.9902,20.831,1.459,0.8433,0.8485,2.9501,2.603,257326.0436,257086.9028,171281.1062,1186273.061,1185170.6219
002701.SZ,20230720,4.59,1.0917,1.6387,2.62,20.8991,20.7406,1.4527,0.8396,0.8448,2.963,2.6144,257326.0436,257086.9028,171281.1062,1181126.5401,1180028.8839
002701.SZ,20230719,4.5,0.3197,0.4799,0.72,20.4894,20.3339,1.4242,0.8232,0.8282,3.0222,2.6667,257326.0436,257086.9028,171281.1062,1157967.1962,1156891.0626
002701.SZ,20230718,4.49,0.4969,0.7459,1.21,20.4438,20.2887,1.421,0.8213,0.8264,3.029,2.6726,257326.0436,257086.9028,171281.1062,1155393.9358,1154320.1936
002701.SZ,20230717,4.46,0.3133,0.4702,0.75,20.3072,20.1532,1.4115,0.8159,0.8208,3.0493,2.6906,257326.0436,257086.9028,171281.1062,1147674.1545,1146607.5865
002701.SZ,20230714,4.46,0.3709,0.5567,0.85,20.3072,20.1532,1.4115,0.8159,0.8208,3.0493,2.6906,257326.0436,257086.9028,171281.1062,1147674.1545,1146607.5865
002701.SZ,20230713,4.49,0.5792,0.8693,1.49,20.4438,20.2887,1.421,0.8213,0.8264,3.029,5.7016,257326.0436,257086.9028,171281.1062,1155393.9358,1154320.1936
002701.SZ,20230712,4.45,0.4607,0.6914,1.22,20.2617,20.108,1.4084,0.814,0.819,3.0562,5.7528,257326.0436,257086.9028,171281.1062,1145100.894,1144036.7175
002701.SZ,20230711,4.57,0.3315,0.4976,0.85,20.8081,20.6502,1.3934,0.836,0.8411,2.9759,2.9759,257326.0436,257086.9028,171281.1062,1175980.0193,1174887.1458
002701.SZ,20230710,4.57,0.339,0.5088,0.76,20.8081,20.6502,1.3934,0.836,0.8411,2.9759,2.9759,257326.0436,257086.9028,171281.1062,1175980.0193,1174887.1458
002701.SZ,20230707,4.55,0.4792,0.7193,1.08,20.717,20.5598,1.3873,0.8323,0.8374,2.989,2.989,257326.0436,257086.9028,171281.1062,1170833.4984,1169745.4077
002701.SZ,20230706,4.52,0.3392,0.5092,0.77,20.5804,20.4243,1.3782,0.8268,0.8319,3.0088,3.0088,257326.0436,257086.9028,171281.1062,1163113.7171,1162032.8007
002701.SZ,20230705,4.54,0.3996,0.5998,0.82,20.6715,20.5146,1.3843,0.8305,0.8356,2.9956,2.9956,257326.0436,257086.9028,171281.1062,1168260.2379,1167174.5387
002701.SZ,20230704,4.53,0.392,0.5884,0.71,20.6259,20.4695,1.3812,0.8287,0.8337,3.0022,3.0022,257326.0436,257086.9028,171281.1062,1165686.9775,1164603.6697
002701.SZ,20230703,4.55,0.6156,0.9241,1.09,20.717,20.5598,1.3873,0.8323,0.8374,2.989,2.989,257326.0436,257086.9028,171281.1062,1170833.4984,1169745.4077
002701.SZ,20230630,4.51,0.4625,0.6942,0.78,20.5349,20.3791,1.3751,0.825,0.83,3.0155,3.0155,257326.0436,257086.9028,171281.1062,1160540.4566,1159461.9316
002701.SZ,20230629,4.46,0.3469,0.5208,0.54,20.3072,20.1532,1.3599,0.8159,0.8208,3.0493,3.0493,257326.0436,257086.9028,171281.1062,1147674.1545,1146607.5865
002701.SZ,20230628,4.5,0.6261,0.9397,0.92,20.4894,20.3339,1.3721,0.8232,0.8282,3.0222,3.0222,257326.0436,257086.9028,171281.1062,1157967.1962,1156891.0626
002701.SZ,20230627,4.41,0.7077,1.0622,1.03,20.0796,19.9272,1.3446,0.8067,0.8116,3.0839,3.0839,257326.0436,257086.9028,171281.1062,1134807.8523,1133753.2413
002701.SZ,20230626,4.3,0.6803,1.021,0.98,19.5787,19.4302,1.3111,0.7866,0.7914,3.1628,3.1628,257326.0436,257086.9028,171281.1062,1106501.9875,1105473.682
002701.SZ,20230621,4.34,0.5978,0.8973,0.89,19.7608,19.6109,1.3233,0.7939,0.7988,3.1336,3.1336,257326.0436,257086.9028,171281.1062,1116795.0292,1115757.1582
002701.SZ,20230620,4.4,0.6113,0.9175,0.88,20.034,19.882,1.3416,0.8049,0.8098,3.0909,3.0909,257326.0436,257086.9028,171281.1062,1132234.5918,1131182.3723
002701.SZ,20230619,4.46,0.8234,1.2359,1.13,20.3072,20.1532,1.3599,0.8159,0.8208,3.0493,3.0493,257326.0436,257086.9028,171281.1062,1147674.1545,1146607.5865
002701.SZ,20230616,4.48,0.7376,1.1071,0.86,20.3983,20.2435,1.366,0.8195,0.8245,3.0357,3.0357,257326.0436,257086.9028,171281.1062,1152820.6753,1151749.3245
002701.SZ,20230615,4.54,0.7118,1.0683,0.78,20.6715,20.5146,1.3843,0.8305,0.8356,2.9956,2.9956,257326.0436,257086.9028,171281.1062,1168260.2379,1167174.5387
002701.SZ,20230614,4.48,0.4631,0.6951,0.42,20.3983,20.2435,1.366,0.8195,0.8245,3.0357,3.0357,257326.0436,257086.9028,171281.1062,1152820.6753,1151749.3245
002701.SZ,20230613,4.46,0.7491,1.1244,0.68,20.3072,20.1532,1.3599,0.8159,0.8208,3.0493,3.0493,257326.0436,257086.9028,171281.1062,1147674.1545,1146607.5865
002701.SZ,20230612,4.46,0.9856,1.4794,0.92,20.3072,20.1532,1.3599,0.8159,0.8208,3.0493,3.0493,257326.0436,257086.9028,171281.1062,1147674.1545,1146607.5865
002701.SZ,20230609,4.53,1.3754,2.0645,1.4,20.6259,20.4695,1.3812,0.8287,0.8337,3.0022,3.0022,257326.0436,257086.9028,171281.1062,1165686.9775,1164603.6697
002701.SZ,20230608,4.54,1.0161,1.5252,1.1,20.6715,20.5146,1.3843,0.8305,0.8356,2.9956,2.9956,257326.0436,257086.9028,171281.1062,1168260.2379,1167174.5387
002701.SZ,20230607,4.41,1.3453,2.0192,1.73,20.0796,19.9272,1.3446,0.8067,0.8116,3.0839,3.0839,257326.0436,257086.9028,171281.1062,1134807.8523,1133753.2413
002701.SZ,20230606,4.5,0.7748,1.163,1.04,20.4894,20.3339,1.3721,0.8232,0.8282,3.0222,3.0222,257326.0436,257086.9028,171281.1062,1157967.1962,1156891.0626
002701.SZ,20230605,4.52,0.8526,1.2797,1.12,20.5804,20.4243,1.3782,0.8268,0.8319,3.0088,3.0088,257326.0436,257086.9028,171281.1062,1163113.7171,1162032.8007
002701.SZ,20230602,4.51,0.9092,1.3647,1.47,20.5349,20.3791,1.3751,0.825,0.83,3.0155,3.0155,257326.0436,257086.9028,171281.1062,1160540.4566,1159461.9316
002701.SZ,20230601,4.55,0.7503,1.1262,1.36,20.717,20.5598,1.3873,0.8323,0.8374,2.989,2.989,257326.0436,257086.9028,171281.1062,1170833.4984,1169745.4077
002701.SZ,20230531,4.57,0.612,0.9186,1.22,20.8081,20.6502,1.3934,0.836,0.8411,2.9759,2.9759,257326.0436,257086.9028,171281.1062,1175980.0193,1174887.1458
002701.SZ,20230530,4.62,0.5907,0.8866,1.33,21.0357,20.8761,1.4087,0.8451,0.8503,2.9437,2.9437,257326.0436,257086.9028,171281.1062,1188846.3214,1187741.4909
002701.SZ,20230529,4.68,0.9351,1.4035,2.77,21.3089,21.1473,1.427,0.8561,0.8613,2.906,2.906,257326.0436,257086.9028,171281.1062,1204285.884,1203166.7051
002701.SZ,20230526,4.73,0.1963,0.2946,0.45,21.5366,21.3732,1.4422,0.8652,0.8705,2.8753,2.8753,257326.0436,257086.9028,171281.1062,1217152.1862,1216021.0502
002701.SZ,20230525,4.74,0.4182,0.6277,0.91,21.5821,21.4184,1.4453,0.8671,0.8724,2.8692,2.8692,257326.0436,257086.9028,171281.1062,1219725.4467,1218591.9193
002701.SZ,20230524,4.79,0.3677,0.5519,0.79,21.8098,21.6443,1.4605,0.8762,0.8816,2.8392,2.8392,257326.0436,257086.9028,171281.1062,1232591.7488,1231446.2644
002701.SZ,20230523,4.8,0.3068,0.4605,0.64,21.8553,21.6895,1.4636,0.8781,0.8834,2.8333,2.8333,257326.0436,257086.9028,171281.1062,1235165.0093,1234017.1334
002701.SZ,20230522,4.8,0.3988,0.5986,0.76,21.8553,21.6895,1.4636,0.8781,0.8834,2.8333,2.8333,257326.0436,257086.9028,171281.1062,1235165.0093,1234017.1334
002701.SZ,20230519,4.73,0.6986,1.0486,1.5,21.5366,21.3732,1.4422,0.8652,0.8705,2.8753,2.8753,257326.0436,257086.9028,171281.1062,1217152.1862,1216021.0502
002701.SZ,20230518,4.79,0.5145,0.7723,1.24,21.8098,21.6443,1.4605,0.8762,0.8816,2.8392,2.8392,257326.0436,257086.9028,171281.1062,1232591.7488,1231446.2644
002701.SZ,20230517,4.81,0.4037,0.606,1.01,21.9008,21.7347,1.4666,0.8799,0.8853,2.8274,2.8274,257326.0436,257086.9028,171281.1062,1237738.2697,1236588.0025
002701.SZ,20230516,4.83,0.3742,0.5617,0.9,21.9919,21.8251,1.4727,0.8835,0.8889,2.8157,2.8157,257326.0436,257086.9027,171281.1061,1242884.7906,1241729.74
002701.SZ,20230515,4.87,0.6483,0.9731,1.54,22.174,22.0058,1.4849,0.8909,0.8963,2.7926,2.7926,257326.0436,257086.9027,171281.1061,1253177.8323,1252013.2161
002701.SZ,20230512,4.81,0.3898,0.5851,0.83,21.9008,21.7347,1.4666,0.8799,0.8853,2.8274,2.8274,257326.0436,257086.9027,171281.1061,1237738.2697,1236588.002
002701.SZ,20230511,4.83,0.2638,0.3959,0.49,21.9919,21.8251,1.4727,0.8835,0.8889,2.8157,2.8157,257326.0436,257086.9027,171281.1061,1242884.7906,1241729.74
002701.SZ,20230510,4.84,0.3179,0.4771,0.53,22.0374,21.8702,1.4758,0.8854,0.8908,2.8099,2.8099,257326.0436,257086.9027,171281.1061,1245458.051,1244300.6091
002701.SZ,20230509,4.81,0.4664,0.7,0.72,21.9008,21.7347,1.4666,0.8799,0.8853,2.8274,2.8274,257326.0436,257086.9027,171281.1061,1237738.2697,1236588.002
002701.SZ,20230508,4.83,0.661,0.9922,1.03,21.9919,21.8251,1.4727,0.8835,0.8889,2.8157,2.8157,257326.0436,257086.9027,171281.1061,1242884.7906,1241729.74
002701.SZ,20230505,4.82,0.6268,0.9409,0.88,21.9464,21.7799,1.4697,0.8817,0.8871,2.8216,2.8216,257326.0436,257086.9027,171281.1061,1240311.5302,1239158.871
002701.SZ,20230504,4.8,0.6457,0.9692,0.91,21.8553,21.6895,1.4636,0.8781,0.8834,2.8333,2.8333,257326.0436,257086.9027,171281.1061,1235165.0093,1234017.133
002701.SZ,20230428,4.78,0.6198,0.9304,0.92,21.7642,21.5991,1.4575,0.8744,0.8797,2.8452,2.8452,257326.0436,257086.9027,171281.1061,1230018.4884,1228875.3949
002701.SZ,20230427,4.7,0.6926,1.0458,1.09,21.4,21.2376,1.4331,0.8598,0.865,2.8936,2.8936,257326.0436,257086.9027,170258.6113,1209432.4049,1208308.4427
002701.SZ,20230426,4.56,0.6131,0.9257,0.96,12.9641,18.8089,1.4199,0.8451,0.7958,2.9825,2.9825,257326.0436,257086.9027,170258.6113,1173406.7588,1172316.2763
002701.SZ,20230425,4.52,1.0078,1.5217,1.97,12.8504,18.6439,1.4075,0.8377,0.7888,3.0088,3.0088,257326.0436,257086.9027,170258.6113,1163113.7171,1162032.8002
002701.SZ,20230424,4.68,0.608,0.918,1.11,13.3053,19.3039,1.4573,0.8673,0.8168,2.906,2.906,257326.0436,257086.9027,170258.6113,1204285.884,1203166.7046
002701.SZ,20230421,4.78,0.452,0.6825,0.66,13.5896,19.7163,1.4884,0.8859,0.8342,2.8452,2.8452,257326.0436,257086.9027,170258.6113,1230018.4884,1228875.3949
002701.SZ,20230420,4.77,0.5005,0.7558,0.71,13.5612,19.6751,1.4853,0.884,0.8325,2.8512,2.8512,257326.0436,257086.9027,170258.6113,1227445.228,1226304.5259
002701.SZ,20230419,4.8,0.638,0.9634,0.96,13.6465,19.7988,1.4947,0.8896,0.8377,2.8333,2.8333,257326.0436,257086.9027,170258.6113,1235165.0093,1234017.133
002701.SZ,20230418,4.84,0.3616,0.546,0.52,13.7602,19.9638,1.5071,0.897,0.8447,2.8099,2.8099,257326.0436,257086.9027,170258.6113,1245458.051,1244300.6091
002701.SZ,20230417,4.87,0.7826,1.1817,1.14,13.8455,20.0876,1.5164,0.9025,0.8499,2.7926,2.7926,257326.0436,257086.9027,170258.6113,1253177.8323,1252013.2161
002701.SZ,20230414,4.86,1.1163,1.6856,2.08,13.817,20.0463,1.5133,0.9007,0.8482,2.7984,2.7984,257326.0436,257086.9027,170258.6113,1250604.5719,1249442.3471
002701.SZ,20230413,5.0,0.6046,0.9129,1.1,14.2151,20.6238,1.5569,0.9266,0.8726,2.72,2.72,257326.0436,257086.9027,170258.6113,1286630.218,1285434.5135
002701.SZ,20230412,4.99,0.4672,0.7054,0.82,14.1866,20.5825,1.5538,0.9248,0.8709,2.7255,2.7255,257326.0436,257086.9027,170258.6113,1284056.9576,1282863.6445
002701.SZ,20230411,4.99,0.5329,0.8046,0.97,14.1866,20.5825,1.5538,0.9248,0.8709,2.7255,2.7255,257326.0436,257086.9027,170258.6113,1284056.9576,1282863.6445
002701.SZ,20230410,5.04,0.7096,1.0715,1.38,14.3288,20.7888,1.5694,0.934,0.8796,2.6984,2.6984,257326.0436,257086.9027,170258.6113,1296923.2597,1295717.9896
002701.SZ,20230407,5.08,0.3669,0.554,0.63,14.4425,20.9538,1.5818,0.9415,0.8866,2.6772,2.6772,257326.0436,257086.9027,170258.6113,1307216.3015,1306001.4657
002701.SZ,20230406,5.09,0.6786,1.0247,1.3,14.4709,20.995,1.585,0.9433,0.8883,2.6719,2.6719,257326.0436,257086.9027,170258.6113,1309789.5619,1308572.3347
002701.SZ,20230404,5.13,0.5551,0.8382,0.93,14.5847,21.16,1.5974,0.9507,0.8953,2.6511,2.6511,257326.0436,257086.9027,170258.6113,1320082.6037,1318855.8109
002701.SZ,20230403,5.14,0.4478,0.6762,0.73,14.6131,21.2013,1.6005,0.9526,0.897,2.6459,2.6459,257326.0436,257086.9027,170258.6113,1322655.8641,1321426.6799
002701.SZ,20230331,5.17,0.5228,0.7895,0.89,14.6984,21.325,1.6099,0.9581,0.9023,2.6306,2.6306,257326.0436,257086.9027,170258.6113,1330375.6454,1329139.287
002701.SZ,20230330,5.19,0.6895,1.0411,1.35,14.7552,21.4075,1.6161,0.9618,0.9058,2.6204,2.6204,257326.0436,257086.9027,170258.6113,1335522.1663,1334281.025
002701.SZ,20230329,5.16,0.3885,0.5867,0.68,14.6699,21.2838,1.6067,0.9563,0.9005,2.6357,2.6357,257326.0436,257086.9027,170258.6113,1327802.385,1326568.4179
002701.SZ,20230328,5.17,0.9203,1.3896,2.0,14.6984,21.325,1.6099,0.9581,0.9023,2.6306,2.6306,257326.0436,257086.9027,170258.6113,1330375.6454,1329139.287
002701.SZ,20230327,5.11,0.5331,0.8049,1.24,14.5278,21.0775,1.5912,0.947,0.8918,2.6614,2.6614,257326.0436,257086.9027,170258.6113,1314936.0828,1313714.0728
002701.SZ,20230324,5.07,0.3961,0.5981,0.83,14.4141,20.9125,1.5787,0.9396,0.8848,2.6824,2.6824,257326.0436,257086.9027,170258.6113,1304643.0411,1303430.5967
002701.SZ,20230323,5.05,0.308,0.465,0.56,14.3572,20.83,1.5725,0.9359,0.8813,2.6931,2.6931,257326.0436,257086.9027,170258.6113,1299496.5202,1298288.8586
002701.SZ,20230322,5.09,0.7141,1.0783,1.25,14.4709,20.995,1.585,0.9433,0.8883,2.6719,2.6719,257326.0436,257086.9027,170258.6113,1309789.5619,1308572.3347
002701.SZ,20230321,5.01,0.3513,0.5305,0.57,14.2435,20.665,1.56,0.9285,0.8743,2.7146,2.7146,257326.0436,257086.9027,170258.6113,1289203.4784,1288005.3825
002701.SZ,20230320,4.98,0.3758,0.5674,0.52,14.1582,20.5413,1.5507,0.9229,0.8691,2.7309,2.7309,257326.0436,257086.9027,170258.6113,1281483.6971,1280292.7754
002701.SZ,20230317,5.01,0.6304,0.9519,0.8,14.2435,20.665,1.56,0.9285,0.8743,2.7146,2.7146,257326.0436,257086.9027,170258.6113,1289203.4784,1288005.3825
002701.SZ,20230316,5.06,0.6759,1.0206,0.91,14.3856,20.8713,1.5756,0.9378,0.8831,2.6877,2.6877,257326.0436,257086.9027,170258.6113,1302069.7806,1300859.7277
002701.SZ,20230315,5.09,0.8311,1.255,1.23,14.4709,20.995,1.585,0.9433,0.8883,2.6719,2.6719,257326.0436,257086.9027,170258.6113,1309789.5619,1308572.3347
002701.SZ,20230314,4.99,0.5898,0.8905,0.77,14.1866,20.5825,1.5538,0.9248,0.8709,2.7255,2.7255,257326.0436,257086.9027,170258.6113,1284056.9576,1282863.6445
002701.SZ,20230313,4.99,0.8994,1.358,1.09,14.1866,20.5825,1.5538,0.9248,0.8709,2.7255,2.7255,257326.0436,257086.9027,170258.6113,1284056.9576,1282863.6445
002701.SZ,20230310,5.11,0.9226,1.3931,1.19,14.5278,21.0775,1.5912,0.947,0.8918,2.6614,2.6614,257326.0436,257086.9027,170258.6113,1314936.0828,1313714.0728
002701.SZ,20230309,5.23,0.4555,0.6878,0.55,14.869,21.5725,1.6285,0.9693,0.9127,2.6004,2.6004,257326.0436,257086.9027,170258.6113,1345815.208,1344564.5011
002701.SZ,20230308,5.26,0.5105,0.7708,0.61,14.9543,21.6962,1.6379,0.9748,0.918,2.5856,2.5856,257326.0436,257086.9027,170258.6113,1353534.9893,1352277.1082
002701.SZ,20230307,5.3,1.0367,1.5655,1.37,15.068,21.8612,1.6503,0.9822,0.925,2.566,2.566,257326.0436,257086.9027,170258.6113,1363828.0311,1362560.5843
002701.SZ,20230306,5.33,1.1916,1.7993,1.66,15.1533,21.985,1.6597,0.9878,0.9302,2.5516,2.5516,257326.0436,257086.9027,170258.6113,1371547.8124,1370273.1914
002701.SZ,20230303,5.23,0.68,1.0268,0.82,14.869,21.5725,1.6285,0.9693,0.9127,2.6004,2.6004,257326.0436,257086.9027,170258.6113,1345815.208,1344564.5011
002701.SZ,20230302,5.26,0.7025,1.0607,0.77,14.9543,21.6962,1.6379,0.9748,0.918,2.5856,2.5856,257326.0436,257086.9027,170258.6113,1353534.9893,1352277.1082
002701.SZ,20230301,5.25,0.5829,0.8802,0.52,14.9258,21.655,1.6348,0.973,0.9162,2.5905,2.5905,257326.0436,257086.9027,170258.6113,1350961.7289,1349706.2392
002701.SZ,20230228,5.27,0.6329,0.9557,0.55,14.9827,21.7375,1.641,0.9767,0.9197,2.5806,2.5806,257326.0436,257086.9027,170258.6113,1356108.2498,1354847.9772
002701.SZ,20230227,5.28,0.9926,1.4988,0.95,15.0111,21.7787,1.6441,0.9785,0.9215,2.5758,2.5758,257326.0436,257086.9027,170258.6113,1358681.5102,1357418.8463
002701.SZ,20230224,5.3,1.2578,1.8993,1.39,15.068,21.8612,1.6503,0.9822,0.925,2.566,2.566,257326.0436,257086.9027,170258.6113,1363828.0311,1362560.5843
002701.SZ,20230223,5.23,1.1127,1.6801,1.32,14.869,21.5725,1.6285,0.9693,0.9127,2.6004,2.6004,257326.0436,257086.9027,170258.6113,1345815.208,1344564.5011
002701.SZ,20230222,5.19,1.6585,2.5043,2.74,14.7552,21.4075,1.6161,0.9618,0.9058,2.6204,2.6204,257326.0436,257086.9027,170258.6113,1335522.1663,1334281.025
002701.SZ,20230221,5.11,0.6869,1.0373,1.21,14.5278,21.0775,1.5912,0.947,0.8918,2.6614,2.6614,257326.0436,257086.9027,170258.6113,1314936.0828,1313714.0728
002701.SZ,20230220,5.08,0.4913,0.7419,0.86,14.4425,20.9538,1.5818,0.9415,0.8866,2.6772,2.6772,257326.0436,257086.9027,170258.6113,1307216.3015,1306001.4657
002701.SZ,20230217,5.06,0.5804,0.8764,0.89,14.3856,20.8713,1.5756,0.9378,0.8831,2.6877,2.6877,257326.0436,257086.9027,170258.6113,1302069.7806,1300859.7277
002701.SZ,20230216,5.04,0.7973,1.2039,1.33,14.3288,20.7888,1.5694,0.934,0.8796,2.6984,2.6984,257326.0436,257086.9027,170258.6113,1296923.2597,1295717.9896
002701.SZ,20230215,5.1,0.4745,0.7165,0.82,14.4994,21.0363,1.5881,0.9452,0.89,2.6667,2.6667,257326.0436,257086.9027,170258.6113,1312362.8224,1311143.2038
002701.SZ,20230214,5.11,0.4996,0.7544,0.86,14.5278,21.0775,1.5912,0.947,0.8918,2.6614,2.6614,257326.0436,257086.9027,170258.6113,1314936.0828,1313714.0728
002701.SZ,20230213,5.12,0.5114,0.7721,0.95,14.5562,21.1188,1.5943,0.9489,0.8935,2.6562,2.6562,257326.0436,257086.9027,170258.6113,1317509.3432,1316284.9418
002701.SZ,20230210,5.11,0.9889,1.4933,2.2,14.5278,21.0775,1.5912,0.947,0.8918,2.6614,2.6614,257326.0436,257086.9027,170258.6113,1314936.0828,1313714.0728
002701.SZ,20230209,5.04,0.5181,0.7823,1.13,14.3288,20.7888,1.5694,0.934,0.8796,2.6984,2.6984,257326.0436,257086.9027,170258.6113,1296923.2597,1295717.9896
002701.SZ,20230208,5.0,0.3791,0.5725,0.75,14.2151,20.6238,1.5569,0.9266,0.8726,2.72,2.72,257326.0436,257086.9027,170258.6113,1286630.218,1285434.5135
002701.SZ,20230207,5.05,0.5231,0.7898,1.12,14.3572,20.83,1.5725,0.9359,0.8813,2.6931,2.6931,257326.0436,257086.9027,170258.6113,1299496.5202,1298288.8586
002701.SZ,20230206,4.99,0.2916,0.4404,0.54,14.1866,20.5825,1.5538,0.9248,0.8709,2.7255,2.7255,257326.0436,257086.9027,170258.6113,1284056.9576,1282863.6445
002701.SZ,20230203,5.02,0.5345,0.807,1.01,14.2719,20.7063,1.5632,0.9303,0.8761,2.7092,2.7092,257326.0436,257086.9027,170258.6113,1291776.7389,1290576.2516
002701.SZ,20230202,5.04,0.557,0.8411,0.97,14.3288,20.7888,1.5694,0.934,0.8796,2.6984,2.6984,257326.0436,257086.9027,170258.6113,1296923.2597,1295717.9896
002701.SZ,20230201,5.04,0.608,0.9181,1.19,14.3288,20.7888,1.5694,0.934,0.8796,2.6984,2.6984,257326.0436,257086.9027,170258.6113,1296923.2597,1295717.9896
002701.SZ,20230131,5.02,0.3532,0.5334,0.67,14.2719,20.7063,1.5632,0.9303,0.8761,2.7092,2.7092,257326.0436,257086.9027,170258.6113,1291776.7389,1290576.2516
002701.SZ,20230130,5.02,0.6591,0.9953,1.33,14.2719,20.7063,1.5632,0.9303,0.8761,2.7092,2.7092,257326.0436,257086.9027,170258.6113,1291776.7389,1290576.2516
002701.SZ,20230120,4.96,0.4573,0.6905,1.03,14.1013,20.4588,1.5445,0.9192,0.8656,2.7419,2.7419,257326.0436,257086.9027,170258.6113,1276337.1763,1275151.0374
002701.SZ,20230119,4.97,0.7849,1.1852,2.39,14.1298,20.5,1.5476,0.9211,0.8674,2.7364,2.7364,257326.0436,257086.9027,170258.6113,1278910.4367,1277721.9064
002701.SZ,20230118,4.95,0.2971,0.4486,0.75,14.0729,20.4176,1.5414,0.9174,0.8639,2.7475,2.7475,257326.0436,257086.9027,170258.6113,1273763.9158,1272580.1684
002701.SZ,20230117,4.94,0.4483,0.677,1.23,14.0445,20.3763,1.5382,0.9155,0.8621,2.753,2.753,257326.0436,257086.9027,170258.6113,1271190.6554,1270009.2993
002701.SZ,20230116,4.89,0.4819,0.7276,1.28,13.9023,20.1701,1.5227,0.9062,0.8534,2.7812,2.7812,257326.0436,257086.9027,170258.6113,1258324.3532,1257154.9542
002701.SZ,20230113,4.86,0.2118,0.3199,0.46,13.817,20.0463,1.5133,0.9007,0.8482,2.7984,2.7984,257326.0436,257086.9027,170258.6113,1250604.5719,1249442.3471
002701.SZ,20230112,4.84,0.2056,0.3105,0.34,13.7602,19.9638,1.5071,0.897,0.8447,2.8099,2.8099,257326.0436,257086.9027,170258.6113,1245458.051,1244300.6091
002701.SZ,20230111,4.85,0.6213,0.9381,1.06,13.7886,20.0051,1.5102,0.8988,0.8464,2.8041,2.8041,257326.0436,257086.9027,170258.6113,1248031.3115,1246871.4781
002701.SZ,20230110,4.9,0.2992,0.4517,0.37,13.9308,20.2113,1.5258,0.9081,0.8551,2.7755,2.7755,257326.0436,257086.9027,170258.6113,1260897.6136,1259725.8232
002701.SZ,20230109,4.91,0.5458,0.8242,0.5,13.9592,20.2526,1.5289,0.91,0.8569,2.7699,2.7699,257326.0436,257086.9027,170258.6113,1263470.8741,1262296.6923
002701.SZ,20230106,4.89,0.6148,0.9283,0.6,13.9023,20.1701,1.5227,0.9062,0.8534,2.7812,2.7812,257326.0436,257086.9027,170258.6113,1258324.3532,1257154.9542
002701.SZ,20230105,4.87,0.9035,1.3643,1.02,13.8455,20.0876,1.5164,0.9025,0.8499,2.7926,2.7926,257326.0436,257086.9027,170258.6113,1253177.8323,1252013.2161
002701.SZ,20230104,4.91,0.5567,0.8406,0.65,13.9592,20.2526,1.5289,0.91,0.8569,2.7699,2.7699,257326.0436,257086.9027,170258.6113,1263470.8741,1262296.6923
002701.SZ,20230103,4.91,1.3763,2.0783,2.02,13.9592,20.2526,1.5289,0.91,0.8569,2.7699,2.7699,257326.0436,257086.9027,170258.6113,1263470.8741,1262296.6923
002701.SZ,20221230,5.05,1.9867,2.9999,5.93,14.3572,20.83,1.5725,0.9359,0.8813,0.7442,2.6931,257326.0436,257086.9027,170258.6113,1299496.5202,1298288.8586
002701.SZ,20221229,4.78,0.2699,0.4075,0.7,13.5896,19.7163,1.4884,0.8859,0.8342,0.7862,2.8452,257326.0436,257086.9027,170258.6113,1230018.4884,1228875.3949
002701.SZ,20221228,4.76,0.2467,0.3725,0.64,13.5327,19.6339,1.4822,0.8822,0.8307,0.7895,2.8571,257326.0436,257086.9027,170258.6113,1224871.9675,1223733.6569
002701.SZ,20221227,4.8,0.3847,0.5808,0.97,13.6465,19.7988,1.4947,0.8896,0.8377,0.7829,2.8333,257326.0436,257086.9027,170258.6113,1235165.0093,1234017.133
002701.SZ,20221226,4.85,0.5125,0.7738,1.3,13.7886,20.0051,1.5102,0.8988,0.8464,0.7749,2.8041,257326.0436,257086.9027,170258.6113,1248031.3115,1246871.4781
002701.SZ,20221223,4.87,0.2628,0.3968,0.6,13.8455,20.0876,1.5164,0.9025,0.8499,0.7717,2.7926,257326.0436,257086.9027,170258.6113,1253177.8323,1252013.2161
002701.SZ,20221222,4.86,0.5159,0.7789,1.08,13.817,20.0463,1.5133,0.9007,0.8482,0.7733,2.7984,257326.0436,257086.9027,170258.6113,1250604.5719,1249442.3471
002701.SZ,20221221,4.87,0.2582,0.3899,0.52,13.8455,20.0876,1.5164,0.9025,0.8499,0.7717,2.7926,257326.0436,257086.9027,170258.6113,1253177.8323,1252013.2161
002701.SZ,20221220,4.9,0.4331,0.654,0.89,13.9308,20.2113,1.5258,0.9081,0.8551,0.7669,2.7755,257326.0436,257086.9027,170258.6113,1260897.6136,1259725.8232
002701.SZ,20221219,4.93,0.5061,0.7642,1.11,14.0161,20.3351,1.5351,0.9137,0.8604,0.7623,2.7586,257326.0436,257086.9027,170258.6113,1268617.3949,1267438.4303
002701.SZ,20221216,4.98,0.4679,0.7064,1.02,14.1582,20.5413,1.5507,0.9229,0.8691,0.7546,2.7309,257326.0436,257086.9027,170258.6113,1281483.6971,1280292.7754
002701.SZ,20221215,5.0,0.7149,1.0795,1.91,14.2151,20.6238,1.5569,0.9266,0.8726,0.7516,2.72,257326.0436,257086.9027,170258.6113,1286630.218,1285434.5135
002701.SZ,20221214,5.0,0.3393,0.5124,0.78,14.2151,20.6238,1.5569,0.9266,0.8726,0.7516,2.72,257326.0436,257086.9027,170258.6113,1286630.218,1285434.5135
002701.SZ,20221213,5.02,0.4083,0.6165,0.89,14.2719,20.7063,1.5632,0.9303,0.8761,0.7486,2.7092,257326.0436,257086.9027,170258.6113,1291776.7389,1290576.2516
002701.SZ,20221212,4.95,0.3513,0.5305,0.68,14.0729,20.4176,1.5414,0.9174,0.8639,0.7592,2.7475,257326.0436,257086.9027,170258.6113,1273763.9158,1272580.1684
002701.SZ,20221209,4.94,0.471,0.7112,0.98,14.0445,20.3763,1.5382,0.9155,0.8621,0.7607,2.753,257326.0436,257086.9027,170258.6113,1271190.6554,1270009.2993
002701.SZ,20221208,4.97,0.2982,0.4503,0.6,14.1298,20.5,1.5476,0.9211,0.8674,0.7561,2.7364,257326.0436,257086.9027,170258.6113,1278910.4367,1277721.9064
002701.SZ,20221207,5.0,0.6364,0.961,1.39,14.2151,20.6238,1.5569,0.9266,0.8726,0.7516,2.72,257326.0436,257086.9027,170258.6113,1286630.218,1285434.5135
002701.SZ,20221206,5.05,0.5347,0.8074,1.13,14.3572,20.83,1.5725,0.9359,0.8813,0.7442,2.6931,257326.0436,257086.9027,170258.6113,1299496.5202,1298288.8586
002701.SZ,20221205,5.06,0.6487,0.9795,1.52,14.3856,20.8713,1.5756,0.9378,0.8831,0.7427,2.6877,257326.0436,257086.9027,170258.6113,1302069.7806,1300859.7277
002701.SZ,20221202,5.04,0.2821,0.426,0.64,14.3288,20.7888,1.5694,0.934,0.8796,0.7456,2.6984,257326.0436,257086.9027,170258.6113,1296923.2597,1295717.9896
002701.SZ,20221201,5.03,0.3875,0.5851,0.89,14.3004,20.7475,1.5663,0.9322,0.8778,0.7471,2.7038,257326.0436,257086.9027,170258.6113,1294349.9993,1293147.1206
002701.SZ,20221130,5.02,0.4442,0.6707,1.02,14.2719,20.7063,1.5632,0.9303,0.8761,0.7486,2.7092,257326.0436,257086.9027,170258.6113,1291776.7389,1290576.2516
002701.SZ,20221129,5.1,0.602,0.9091,1.35,14.4994,21.0363,1.5881,0.9452,0.89,0.7369,2.6667,257326.0436,257086.9027,170258.6113,1312362.8224,1311143.2038
002701.SZ,20221128,4.99,0.42,0.6341,0.78,14.1866,20.5825,1.5538,0.9248,0.8709,0.7531,2.7255,257326.0436,257086.9027,170258.6113,1284056.9576,1282863.6445
002701.SZ,20221125,4.97,0.3356,0.5068,0.46,14.1298,20.5,1.5476,0.9211,0.8674,0.7561,2.7364,257326.0436,257086.9027,170258.6113,1278910.4367,1277721.9064
002701.SZ,20221124,4.97,0.368,0.5556,0.49,14.1298,20.5,1.5476,0.9211,0.8674,0.7561,2.7364,257326.0436,257086.9027,170258.6113,1278910.4367,1277721.9064
002701.SZ,20221123,5.03,0.4546,0.6865,0.57,14.3004,20.7475,1.5663,0.9322,0.8778,0.7471,2.7038,257326.0436,257086.9027,170258.6113,1294349.9993,1293147.1206
002701.SZ,20221122,5.05,0.6471,0.9771,0.77,14.3572,20.83,1.5725,0.9359,0.8813,0.7442,2.6931,257326.0436,257086.9027,170258.6113,1299496.5202,1298288.8586
002701.SZ,20221121,5.08,0.9028,1.3631,1.14,14.4425,20.9538,1.5818,0.9415,0.8866,0.7398,2.6772,257326.0436,257086.9027,170258.6113,1307216.3015,1306001.4657
002701.SZ,20221118,5.21,1.2947,1.9549,1.82,14.8121,21.49,1.6223,0.9656,0.9092,0.7213,2.6104,257326.0436,257086.9027,170258.6113,1340668.6872,1339422.7631
002701.SZ,20221117,5.15,0.4929,0.7442,0.65,14.6415,21.2425,1.6036,0.9544,0.8988,0.7297,2.6408,257326.0436,257086.9027,170258.6113,1325229.1245,1323997.5489
002701.SZ,20221116,5.16,0.6339,0.9572,0.73,14.6699,21.2838,1.6067,0.9563,0.9005,0.7283,2.6357,257326.0436,257086.9027,170258.6113,1327802.385,1326568.4179
002701.SZ,20221115,5.14,0.9013,1.361,0.92,14.6131,21.2013,1.6005,0.9526,0.897,0.7311,2.6459,257326.0436,257086.9027,170258.6113,1322655.8641,1321426.6799
002701.SZ,20221114,5.08,0.653,0.986,0.5,14.4425,20.9538,1.5818,0.9415,0.8866,0.7398,2.6772,257326.0436,257086.9027,170258.6113,1307216.3015,1306001.4657
002701.SZ,20221111,5.08,0.8731,1.3184,0.7,14.4425,20.9538,1.5818,0.9415,0.8866,0.7398,2.6772,257326.0436,257086.9027,170258.6113,1307216.3015,1306001.4657
002701.SZ,20221110,5.15,0.7401,1.1175,0.63,14.6415,21.2425,1.6036,0.9544,0.8988,0.7297,2.6408,257326.0436,257086.9027,170258.6113,1325229.1245,1323997.5489
002701.SZ,20221109,5.08,1.1554,1.7446,1.13,14.4425,20.9538,1.5818,0.9415,0.8866,0.7398,2.6772,257326.0436,257086.9027,170258.6113,1307216.3015,1306001.4657
002701.SZ,20221108,5.09,1.5024,2.2685,1.79,14.4709,20.995,1.585,0.9433,0.8883,0.7383,2.6719,257326.0436,257086.9027,170258.6113,1309789.5619,1308572.3347
002701.SZ,20221107,5.28,2.3048,3.4802,4.9,15.0111,21.7787,1.6441,0.9785,0.9215,0.7118,2.5758,257326.0436,257086.9027,170258.6113,1358681.5102,1357418.8463
002701.SZ,20221104,4.95,0.5716,0.8631,1.13,14.0729,20.4176,1.5414,0.9174,0.8639,0.7592,2.7475,257326.0436,257086.9027,170258.6113,1273763.9158,1272580.1684
002701.SZ,20221103,4.89,0.3203,0.4837,0.54,13.9023,20.1701,1.5227,0.9062,0.8534,0.7685,2.7812,257326.0436,257086.9027,170258.6113,1258324.3532,1257154.9542
002701.SZ,20221102,4.89,0.4172,0.63,0.66,13.9023,20.1701,1.5227,0.9062,0.8534,0.7685,2.7812,257326.0436,257086.9027,170258.6113,1258324.3532,1257154.9542
002701.SZ,20221101,4.89,0.5807,0.8769,0.93,13.9023,20.1701,1.5227,0.9062,0.8534,0.7685,2.7812,257326.0436,257086.9027,170258.6113,1258324.3532,1257154.9542
002701.SZ,20221031,4.74,0.4638,0.7003,0.72,13.4759,19.5514,1.476,0.8784,0.8272,0.7928,2.8692,257326.0436,257086.9027,170258.6113,1219725.4467,1218591.9188
002701.SZ,20221028,4.81,0.7402,1.1176,1.24,13.6749,18.2496,1.5358,0.8914,0.8729,0.7813,2.8274,257326.0436,257086.9027,170258.6113,1237738.2697,1236588.002
002701.SZ,20221027,4.96,0.7628,1.1518,1.44,14.1013,18.8187,1.5837,0.9192,0.9002,0.7577,2.7419,257326.0436,257086.9027,170258.6113,1276337.1763,1275151.0374
002701.SZ,20221026,4.84,0.6269,0.9466,1.17,13.7602,18.3634,1.5454,0.897,0.8784,0.7765,2.8099,257326.0436,257086.9027,170258.6113,1245458.051,1244300.6091
002701.SZ,20221025,4.79,0.5182,0.7825,0.96,13.618,18.1737,1.5294,0.8877,0.8693,0.7846,2.8392,257326.0436,257086.9027,170258.6113,1232591.7488,1231446.2639
002701.SZ,20221024,4.77,0.5581,0.8428,1.03,13.5612,18.0979,1.523,0.884,0.8657,0.7879,2.8512,257326.0436,257086.9027,170258.6113,1227445.228,1226304.5259
002701.SZ,20221021,4.83,0.5281,0.7974,0.98,13.7318,18.3255,1.5422,0.8951,0.8766,0.7781,2.8157,257326.0436,257086.9027,170258.6113,1242884.7906,1241729.74
002701.SZ,20221020,4.75,0.4199,0.6341,0.73,13.5043,18.022,1.5167,0.8803,0.862,0.7912,2.8632,257326.0436,257086.9027,170258.6113,1222298.7071,1221162.7878
002701.SZ,20221019,4.82,0.6551,0.9891,1.04,13.7033,18.2876,1.539,0.8933,0.8747,0.7797,2.8216,257326.0436,257086.9027,170258.6113,1240311.5302,1239158.871
002701.SZ,20221018,4.81,0.5397,0.8149,0.89,13.6749,18.2496,1.5358,0.8914,0.8729,0.7813,2.8274,257326.0436,257086.9027,170258.6113,1237738.2697,1236588.002
002701.SZ,20221017,4.79,0.5633,0.8506,0.87,13.618,18.1737,1.5294,0.8877,0.8693,0.7846,2.8392,257326.0436,257086.9027,170258.6113,1232591.7488,1231446.2639
002701.SZ,20221014,4.74,0.5238,0.7909,0.73,13.4759,17.984,1.5135,0.8784,0.8602,0.7928,2.8692,257326.0436,257086.9027,170258.6113,1219725.4467,1218591.9188
002701.SZ,20221013,4.68,0.5759,0.8696,0.74,13.3053,17.7564,1.4943,0.8673,0.8493,0.803,2.906,257326.0436,257086.9027,170258.6113,1204285.884,1203166.7046
002701.SZ,20221012,4.74,0.9409,1.4208,1.29,13.4759,17.984,1.5135,0.8784,0.8602,0.7928,2.8692,257326.0436,257086.9027,170258.6113,1219725.4467,1218591.9188
002701.SZ,20221011,4.63,0.4166,0.629,0.49,13.1632,17.5667,1.4783,0.8581,0.8403,0.8117,2.9374,257326.0436,257086.9027,170258.6113,1191419.5819,1190312.3595
002701.SZ,20221010,4.64,0.7974,1.2041,0.88,13.1916,17.6046,1.4815,0.8599,0.8421,0.8099,2.931,257326.0436,257086.9027,170258.6113,1193992.8423,1192883.2285
002701.SZ,20220930,4.63,0.841,1.2699,0.87,13.1632,17.5667,1.4783,0.8581,0.8403,0.8117,2.9374,257326.0436,257086.9027,170258.6113,1191419.5819,1190312.3595
002701.SZ,20220929,4.8,0.8822,1.3321,0.89,13.6465,18.2117,1.5326,0.8896,0.8711,0.7829,2.8333,257326.0436,257086.9027,170258.6113,1235165.0093,1234017.133
002701.SZ,20220928,4.88,0.6974,1.0531,0.64,13.8739,18.5152,1.5582,0.9044,0.8856,0.7701,2.7869,257326.0436,257086.9027,170258.6113,1255751.0928,1254584.0852
002701.SZ,20220927,4.94,1.0106,1.526,0.82,14.0445,18.7429,1.5773,0.9155,0.8965,0.7607,2.753,257326.0436,257086.9027,170258.6113,1271190.6554,1270009.2993
002701.SZ,20220926,4.8,1.1027,1.6651,0.66,13.6465,18.2117,1.5326,0.8896,0.8711,0.7829,2.8333,257326.0436,257086.9027,170258.6113,1235165.0093,1234017.133
002701.SZ,20220923,4.91,1.1615,1.7538,0.56,13.9592,18.629,1.5677,0.91,0.8911,0.7654,2.7699,257326.0436,257086.9027,170258.6113,1263470.8741,1262296.6923
002701.SZ,20220922,4.84,0.9919,1.4977,0.51,13.7602,18.3634,1.5454,0.897,0.8784,0.7765,2.8099,257326.0436,257086.9027,170258.6113,1245458.051,1244300.6091
002701.SZ,20220921,4.95,1.1809,1.7831,0.66,14.0729,18.7808,1.5805,0.9174,0.8983,0.7592,2.7475,257326.0436,257086.9027,170258.6113,1273763.9158,1272580.1684
002701.SZ,20220920,5.01,1.6935,2.5571,1.11,14.2435,19.0084,1.5997,0.9285,0.9092,0.7501,2.7146,257326.0436,257086.9027,170258.6113,1289203.4784,1288005.3825
002701.SZ,20220919,4.95,3.3394,5.0425,3.59,14.0729,18.7808,1.5805,0.9174,0.8983,0.7592,2.7475,257326.0436,257086.9027,170258.6113,1273763.9158,1272580.1684
002701.SZ,20220916,5.02,3.2016,4.8343,7.84,14.2719,19.0464,1.6029,0.9303,0.911,0.7486,2.7092,257326.0436,257086.9027,170258.6113,1291776.7389,1290576.2516
002701.SZ,20220915,4.56,0.356,0.5376,0.86,12.9641,17.3011,1.456,0.8451,0.8276,0.8241,2.9825,257326.0436,257086.9027,170258.6113,1173406.7588,1172316.2763
002701.SZ,20220914,4.6,0.393,0.5935,1.02,13.0779,17.4529,1.4688,0.8525,0.8348,0.817,2.9565,257326.0436,257086.9027,170258.6113,1183699.8006,1182599.7524
002701.SZ,20220913,4.62,0.3627,0.5477,0.91,13.1347,17.5287,1.4751,0.8562,0.8384,0.8134,2.9437,257326.0436,257086.9027,170258.6113,1188846.3214,1187741.4905
002701.SZ,20220909,4.63,0.344,0.5194,0.9,13.1632,17.5667,1.4783,0.8581,0.8403,0.8117,2.9374,257326.0436,257086.9027,170258.6113,1191419.5819,1190312.3595
002701.SZ,20220908,4.61,0.5869,0.8861,1.74,13.1063,17.4908,1.472,0.8544,0.8366,0.8152,2.9501,257326.0436,257086.9027,170258.6113,1186273.061,1185170.6214
002701.SZ,20220907,4.6,0.3783,0.5713,1.11,13.0779,17.4529,1.4688,0.8525,0.8348,0.817,2.9565,257326.0436,257086.9027,170258.6113,1183699.8006,1182599.7524
002701.SZ,20220906,4.64,0.261,0.3941,0.75,13.1916,17.6046,1.4815,0.8599,0.8421,0.8099,2.931,257326.0436,257086.9027,170258.6113,1193992.8423,1192883.2285
002701.SZ,20220905,4.6,0.4255,0.6426,1.25,13.0779,17.4529,1.4688,0.8525,0.8348,0.817,2.9565,257326.0436,257086.9027,170258.6113,1183699.8006,1182599.7524
002701.SZ,20220902,4.66,0.2578,0.3893,0.75,13.2484,17.6805,1.4879,0.8636,0.8457,0.8064,2.9185,257326.0436,257086.9027,170258.6113,1199139.3632,1198024.9666
002701.SZ,20220901,4.64,0.3661,0.5528,1.02,13.1916,17.6046,1.4815,0.8599,0.8421,0.8099,2.931,257326.0436,257086.9027,170258.6113,1193992.8423,1192883.2285
002701.SZ,20220831,4.63,0.3936,0.5943,1.05,13.1632,17.5667,1.4783,0.8581,0.8403,0.8117,2.9374,257326.0436,257086.9027,170258.6113,1191419.5819,1190312.3595
002701.SZ,20220830,4.64,0.2911,0.4396,0.77,13.1916,17.6046,1.4815,0.8599,0.8421,0.8099,2.931,257326.0436,257086.9027,170258.6113,1193992.8423,1192883.2285
002701.SZ,20220829,4.61,0.3913,0.5908,0.95,13.1063,17.4908,1.472,0.8544,0.8366,0.8152,2.9501,257326.0436,257086.9027,170258.6113,1186273.061,1185170.6214
002701.SZ,20220826,4.67,0.2854,0.4309,0.65,13.2769,14.7321,1.5233,0.8655,0.8433,0.8047,2.9122,257326.0436,257104.656,170276.3646,1201712.6236,1200678.7435
002701.SZ,20220825,4.63,0.4301,0.6495,1.0,13.1632,14.606,1.5102,0.8581,0.8361,0.8117,2.9374,257326.0436,257104.656,170276.3646,1191419.5819,1190394.5573
002701.SZ,20220824,4.67,0.4763,0.7191,1.19,13.2769,14.7321,1.5233,0.8655,0.8433,0.8047,2.9122,257326.0436,257104.656,170276.3646,1201712.6236,1200678.7435
002701.SZ,20220823,4.78,0.3192,0.482,0.78,13.5896,15.0791,1.5592,0.8859,0.8632,0.7862,2.8452,257326.0436,257104.656,170276.3646,1230018.4884,1228960.2557
002701.SZ,20220822,4.8,0.5383,0.8128,1.47,13.6465,15.1422,1.5657,0.8896,0.8668,0.7829,2.8333,257326.0436,257104.656,170276.3646,1235165.0093,1234102.3488
002701.SZ,20220819,4.7,0.4211,0.6358,1.16,13.3622,14.8268,1.5331,0.871,0.8487,0.7996,2.8936,257326.0436,257104.656,170276.3646,1209432.4049,1208391.8832
002701.SZ,20220818,4.73,0.3857,0.5824,0.94,13.4475,14.9214,1.5429,0.8766,0.8541,0.7945,2.8753,257326.0436,257104.656,170276.3646,1217152.1862,1216105.0229
002701.SZ,20220817,4.8,0.336,0.5073,0.81,13.6465,15.1422,1.5657,0.8896,0.8668,0.7829,2.8333,257326.0436,257104.656,170276.3646,1235165.0093,1234102.3488
002701.SZ,20220816,4.79,0.3574,0.5397,0.85,13.618,15.1107,1.5624,0.8877,0.865,0.7846,2.8392,257326.0436,257104.656,170276.3646,1232591.7488,1231531.3022
002701.SZ,20220815,4.8,0.3289,0.4966,0.77,13.6465,15.1422,1.5657,0.8896,0.8668,0.7829,2.8333,257326.0436,257104.656,170276.3646,1235165.0093,1234102.3488
002701.SZ,20220812,4.83,0.4136,0.6244,0.97,13.7318,15.2369,1.5755,0.8951,0.8722,0.7781,2.8157,257326.0436,257104.656,170276.3646,1242884.7906,1241815.4885
002701.SZ,20220811,4.8,0.6116,0.9235,1.55,13.6465,15.1422,1.5657,0.8896,0.8668,0.7829,2.8333,257326.0436,257104.656,170276.3646,1235165.0093,1234102.3488
002701.SZ,20220810,4.74,0.3615,0.5458,0.85,13.4759,14.953,1.5461,0.8784,0.8559,0.7928,2.8692,257326.0436,257104.656,170276.3646,1219725.4467,1218676.0694
002701.SZ,20220809,4.76,0.3785,0.5715,0.74,13.5327,15.0161,1.5526,0.8822,0.8596,0.7895,2.8571,257326.0436,257104.656,170276.3646,1224871.9675,1223818.1626
002701.SZ,20220808,4.8,0.3752,0.5665,0.77,13.6465,15.1422,1.5657,0.8896,0.8668,0.7829,2.8333,257326.0436,257104.656,170276.3646,1235165.0093,1234102.3488
002701.SZ,20220805,4.83,0.4127,0.6232,0.89,13.7318,15.2369,1.5755,0.8951,0.8722,0.7781,2.8157,257326.0436,257104.656,170276.3646,1242884.7906,1241815.4885
002701.SZ,20220804,4.85,0.4389,0.6626,0.99,13.7886,15.3,1.582,0.8988,0.8758,0.7749,2.8041,257326.0436,257104.656,170276.3646,1248031.3115,1246957.5816
002701.SZ,20220803,4.85,0.5248,0.7924,1.31,13.7886,15.3,1.582,0.8988,0.8758,0.7749,2.8041,257326.0436,257104.656,170276.3646,1248031.3115,1246957.5816
002701.SZ,20220802,4.85,0.8128,1.2273,2.57,13.7886,15.3,1.582,0.8988,0.8758,0.7749,2.8041,257326.0436,257104.656,170276.3646,1248031.3115,1246957.5816
002701.SZ,20220801,5.07,0.2345,0.3541,0.73,14.4141,15.994,1.6538,0.9396,0.9155,0.7412,2.6824,257326.0436,257104.656,170276.3646,1304643.0411,1303520.6059
002701.SZ,20220729,5.06,0.3198,0.4828,0.93,14.3856,15.9624,1.6505,0.9378,0.9137,0.7427,2.6877,257326.0436,257104.656,170276.3646,1302069.7806,1300949.5594
002701.SZ,20220728,5.12,0.3236,0.4886,0.91,14.5562,16.1517,1.6701,0.9489,0.9246,0.734,2.6562,257326.0436,257104.656,170276.3646,1317509.3432,1316375.8387
002701.SZ,20220727,5.12,0.32,0.4831,0.71,14.5562,16.1517,1.6701,0.9489,0.9246,0.734,2.6562,257326.0436,257104.656,170276.3646,1317509.3432,1316375.8387
002701.SZ,20220726,5.13,0.3859,0.5827,0.9,14.5847,16.1833,1.6733,0.9507,0.9264,0.7326,2.6511,257326.0436,257104.656,170276.3646,1320082.6037,1318946.8853
002701.SZ,20220725,5.07,0.2635,0.3978,0.6,14.4141,15.994,1.6538,0.9396,0.9155,0.7412,2.6824,257326.0436,257104.656,170276.3646,1304643.0411,1303520.6059
002701.SZ,20220722,5.11,0.4327,0.6534,1.01,14.5278,16.1202,1.6668,0.947,0.9228,0.7354,2.6614,257326.0436,257104.656,170276.3646,1314936.0828,1313804.7922
002701.SZ,20220721,5.12,0.3841,0.58,0.81,14.5562,16.1517,1.6701,0.9489,0.9246,0.734,2.6562,257326.0436,257104.656,170276.3646,1317509.3432,1316375.8387
002701.SZ,20220720,5.18,0.783,1.1823,2.04,14.7268,16.341,1.6896,0.96,0.9354,0.7255,2.6255,257326.0436,257104.656,170276.3646,1332948.9058,1331802.1181
002701.SZ,20220719,5.01,0.2854,0.431,0.71,14.2435,15.8047,1.6342,0.9285,0.9047,0.7501,2.7146,257326.0436,257104.656,170276.3646,1289203.4784,1288094.3266
002701.SZ,20220718,5.01,0.3058,0.4618,0.76,14.2435,15.8047,1.6342,0.9285,0.9047,0.7501,2.7146,257326.0436,257104.656,170276.3646,1289203.4784,1288094.3266
002701.SZ,20220715,4.96,0.3897,0.5884,1.01,14.1013,15.647,1.6179,0.9192,0.8957,0.7577,2.7419,257326.0436,257104.656,170276.3646,1276337.1763,1275239.0938
002701.SZ,20220714,5.05,0.5961,0.9001,1.82,14.3572,15.9309,1.6472,0.9359,0.9119,0.7442,2.6931,257326.0436,257104.656,170276.3646,1299496.5202,1298378.5128
002701.SZ,20220713,5.1,0.3404,0.5139,0.99,14.4994,16.0886,1.5929,0.9452,0.9209,0.7369,,257326.0436,257104.656,170276.3646,1312362.8224,1311233.7456
002701.SZ,20220712,5.07,0.3721,0.5618,1.05,14.4141,15.994,1.5835,0.9396,0.9155,0.7412,,257326.0436,257104.656,170276.3646,1304643.0411,1303520.6059
002701.SZ,20220711,5.12,0.3128,0.4723,0.83,14.5562,16.1517,1.5991,0.9489,0.9246,0.734,,257326.0436,257104.656,170276.3646,1317509.3432,1316375.8387
002701.SZ,20220708,5.13,0.3015,0.4552,0.75,14.5847,16.1833,1.6023,0.9507,0.9264,0.7326,,257326.0436,257104.656,170276.3646,1320082.6037,1318946.8853
002701.SZ,20220707,5.13,0.3079,0.465,0.69,14.5847,16.1833,1.6023,0.9507,0.9264,0.7326,,257326.0436,257104.656,170276.3646,1320082.6037,1318946.8853
002701.SZ,20220706,5.13,0.4249,0.6416,0.89,14.5847,16.1833,1.6023,0.9507,0.9264,0.7326,,257326.0436,257104.656,170276.3646,1320082.6037,1318946.8853
002701.SZ,20220705,5.15,0.4302,0.6496,0.88,14.6415,16.2464,1.6085,0.9544,0.93,0.7297,,257326.0436,257104.656,170276.3646,1325229.1245,1324088.9784
002701.SZ,20220704,5.19,0.4307,0.6504,0.77,14.7552,16.3725,1.621,0.9618,0.9372,0.7241,,257326.0436,257104.656,170276.3646,1335522.1663,1334373.1646
002701.SZ,20220701,5.17,0.4191,0.6328,0.7,14.6984,16.3095,1.6147,0.9581,0.9336,0.7269,,257326.0436,257104.656,170276.3646,1330375.6454,1329231.0715
002701.SZ,20220630,5.2,0.5116,0.7724,0.89,14.7837,16.4041,1.6241,0.9637,0.939,0.7227,,257326.0436,257104.656,170276.3646,1338095.4267,1336944.2112
002701.SZ,20220629,5.23,0.5896,0.8902,0.96,14.869,16.4987,1.6335,0.9693,0.9444,0.7186,,257326.0436,257104.656,170276.3646,1345815.208,1344657.3509
002701.SZ,20220628,5.28,0.4835,0.73,0.74,15.0111,16.6565,1.6491,0.9785,0.9535,0.7118,,257326.0436,257104.656,170276.3646,1358681.5102,1357512.5837
002701.SZ,20220627,5.28,0.7798,1.1775,1.19,15.0111,16.6565,1.6491,0.9785,0.9535,0.7118,,257326.0436,257104.656,170276.3646,1358681.5102,1357512.5837
002701.SZ,20220624,5.26,0.6161,0.9302,0.76,14.9543,16.5934,1.6429,0.9748,0.9498,0.7145,,257326.0436,257104.656,170276.3646,1353534.9893,1352370.4906
002701.SZ,20220623,5.26,0.4166,0.6291,0.41,14.9543,16.5934,1.6429,0.9748,0.9498,0.7145,,257326.0436,257104.656,170276.3646,1353534.9893,1352370.4906
002701.SZ,20220622,5.19,0.777,1.1733,0.68,14.7552,16.3725,1.621,0.9618,0.9372,0.7241,,257326.0436,257104.656,170276.3646,1335522.1663,1334373.1646
002701.SZ,20220621,5.35,0.677,1.0222,0.61,15.2101,16.8773,1.671,0.9915,0.9661,0.7024,,257326.0436,257104.656,170276.3646,1376694.3333,1375509.9096
002701.SZ,20220620,5.32,0.7843,1.1842,0.74,15.1248,16.7827,1.6616,0.9859,0.9607,0.7064,,257326.0436,257104.656,170276.3646,1368974.552,1367796.7699
002701.SZ,20220617,5.41,1.3821,2.0869,1.61,15.3807,17.0666,1.6897,1.0026,0.9769,0.6946,,257326.0436,257104.656,170276.3646,1392133.8959,1390936.189
002701.SZ,20220616,5.31,1.4328,2.1635,2.21,15.0964,16.7511,1.6585,0.9841,0.9589,0.7077,,257326.0436,257104.656,170276.3646,1366401.2915,1365225.7234
002701.SZ,20220615,5.1,1.457,2.2,3.24,14.4994,16.0886,1.5929,0.9452,0.9209,0.7369,,257326.0436,257104.656,170276.3646,1312362.8224,1311233.7456
002701.SZ,20220614,4.96,0.5174,0.7812,1.08,14.1013,15.647,1.5492,0.9192,0.8957,0.7577,,257326.0436,257104.656,170276.3646,1276337.1763,1275239.0938
002701.SZ,20220613,4.96,0.4922,0.7432,1.02,14.1013,15.647,1.5492,0.9192,0.8957,0.7577,,257326.0436,257104.656,170276.3646,1276337.1763,1275239.0938
002701.SZ,20220610,4.97,0.3818,0.5765,0.78,14.1298,15.6785,1.5523,0.9211,0.8975,0.7561,,257326.0436,257104.656,170276.3646,1278910.4367,1277810.1403
002701.SZ,20220609,4.92,0.3941,0.5951,0.82,13.9876,15.5208,1.5367,0.9118,0.8884,0.7638,,257326.0436,257104.656,170276.3646,1266044.1345,1264954.9075
002701.SZ,20220608,4.97,0.4657,0.7031,1.01,14.1298,15.6785,1.5523,0.9211,0.8975,0.7561,0.7561,257326.0436,257104.656,170276.3646,1278910.4367,1277810.1403
002701.SZ,20220607,4.99,0.6612,0.9984,1.59,14.1866,15.7416,1.5585,0.9248,0.9011,0.7531,0.7531,257326.0436,257104.656,170276.3646,1284056.9576,1282952.2334
002701.SZ,20220606,4.98,0.5081,0.7672,1.28,14.1582,15.7101,1.5554,0.9229,0.8993,0.7546,0.7546,257326.0436,257104.656,170276.3646,1281483.6971,1280381.1869
002701.SZ,20220602,4.97,0.4043,0.6105,1.06,14.1298,15.6785,1.5523,0.9211,0.8975,0.7561,0.7561,257326.0436,257104.656,170276.3646,1278910.4367,1277810.1403
002701.SZ,20220601,4.95,0.353,0.533,0.96,14.0729,15.6154,1.546,0.9174,0.8939,0.7592,0.7592,257326.0436,257104.656,170276.3646,1273763.9158,1272668.0472
002701.SZ,20220531,4.92,0.3901,0.5891,0.9,13.9876,15.5208,1.5367,0.9118,0.8884,0.7638,0.7638,257326.0436,257104.656,170276.3646,1266044.1345,1264954.9075
002701.SZ,20220530,4.88,0.43,0.6492,0.97,13.8739,15.3946,1.5242,0.9044,0.8812,0.7701,0.7701,257326.0436,257104.656,170276.3646,1255751.0928,1254670.7213
002701.SZ,20220527,4.83,0.4055,0.6123,0.86,13.7318,15.2369,1.5086,0.8951,0.8722,0.7781,0.7781,257326.0436,257104.656,170276.3646,1242884.7906,1241815.4885
002701.SZ,20220526,4.86,0.3242,0.4896,0.67,13.817,15.3315,1.5179,0.9007,0.8776,0.7733,0.7733,257326.0436,257104.656,170276.3646,1250604.5719,1249528.6282
002701.SZ,20220525,4.83,0.2898,0.4375,0.6,13.7318,15.2369,1.5086,0.8951,0.8722,0.7781,0.7781,257326.0436,257104.656,170276.3646,1242884.7906,1241815.4885
002701.SZ,20220524,4.8,0.7293,1.1012,1.81,13.6465,15.1422,1.4992,0.8896,0.8668,0.7829,0.7829,257326.0436,257104.656,170276.3646,1235165.0093,1234102.3488
002701.SZ,20220523,4.97,0.459,0.7091,1.05,14.1298,15.6785,1.5523,0.9211,0.8975,0.7561,0.7561,257326.0436,257104.656,166430.2108,1278910.4367,1277810.1403
002701.SZ,20220520,4.95,0.5497,0.8493,1.39,14.0729,15.6154,1.546,0.9174,0.8939,0.7592,0.7592,257326.0436,257104.656,166430.2108,1273763.9158,1272668.0472
002701.SZ,20220519,4.99,0.4084,0.6309,1.03,14.1866,15.7416,1.5585,0.9248,0.9011,0.7531,0.7531,257326.0436,257104.656,166430.2108,1284056.9576,1282952.2334
002701.SZ,20220518,4.96,0.2835,0.4379,0.59,14.1013,15.647,1.5492,0.9192,0.8957,0.7577,0.7577,257326.0436,257104.656,166430.2108,1276337.1763,1275239.0938
002701.SZ,20220517,4.96,0.3127,0.483,0.61,14.1013,15.647,1.5492,0.9192,0.8957,0.7577,0.7577,257326.0436,257104.656,166430.2108,1276337.1763,1275239.0938
002701.SZ,20220516,4.98,0.6407,0.9898,1.43,14.1582,15.7101,1.5554,0.9229,0.8993,0.7546,0.7546,257326.0436,257104.656,166430.2108,1281483.6971,1280381.1869
002701.SZ,20220513,4.93,0.3314,0.5119,0.72,14.0161,15.5523,1.5398,0.9137,0.8902,0.7623,0.7623,257326.0436,257104.656,166430.2108,1268617.3949,1267525.9541
002701.SZ,20220512,4.92,0.4238,0.6547,0.89,13.9876,15.5208,1.5367,0.9118,0.8884,0.7638,0.7638,257326.0436,257104.656,166430.2108,1266044.1345,1264954.9075
002701.SZ,20220511,4.88,0.6816,1.053,1.5,13.8739,15.3946,1.5242,0.9044,0.8812,0.7701,0.7701,257326.0436,257104.656,166430.2108,1255751.0928,1254670.7213
002701.SZ,20220510,4.86,0.5013,0.7744,1.08,13.817,15.3315,1.5179,0.9007,0.8776,0.7733,0.7733,257326.0436,257104.656,166430.2108,1250604.5719,1249528.6282
002701.SZ,20220509,4.81,0.2994,0.4625,0.52,13.6749,15.1738,1.5023,0.8914,0.8686,0.7813,0.7813,257326.0436,257104.656,166430.2108,1237738.2697,1236673.3954
002701.SZ,20220506,4.8,0.4063,0.6276,0.58,13.6465,15.1422,1.4992,0.8896,0.8668,0.7829,0.7829,257326.0436,257104.656,166430.2108,1235165.0093,1234102.3488
002701.SZ,20220505,4.87,0.4792,0.7403,0.62,13.8455,15.3631,1.521,0.9025,0.8794,0.7717,0.7717,257326.0436,257104.656,166430.2108,1253177.8323,1252099.6747
002701.SZ,20220429,4.87,0.5857,0.9048,0.75,13.8455,15.3631,1.521,0.9025,0.8794,0.7717,0.7717,257326.0436,257104.656,166430.2108,1253177.8323,1252099.6747
002701.SZ,20220428,4.76,0.5473,0.8455,0.64,13.5327,13.5327,1.5357,0.8822,0.8822,0.7895,0.7895,257326.0436,257104.656,166430.2108,1224871.9675,1223818.1626
002701.SZ,20220427,4.83,0.8716,1.3465,1.03,13.7318,13.7318,1.5583,0.8951,0.8951,0.7781,0.7781,257326.0436,257104.656,166430.2108,1242884.7906,1241815.4885
002701.SZ,20220426,4.7,1.0147,1.5676,1.32,13.3622,13.3622,1.5163,0.871,0.871,0.7996,0.7996,257326.0436,257104.656,166430.2108,1209432.4049,1208391.8832
002701.SZ,20220425,4.78,0.8467,1.3079,1.07,13.5896,13.5896,1.5421,0.8859,0.8859,0.7862,0.7862,257326.0436,257104.656,166430.2108,1230018.4884,1228960.2557
002701.SZ,20220422,4.95,0.6298,0.9729,0.68,18.0055,12.1366,1.677,1.2061,1.004,0.7592,0.7592,257326.0436,257104.656,166430.2108,1273763.9158,1272668.0472
002701.SZ,20220421,4.99,0.8939,1.3809,1.02,18.151,12.2347,1.6906,1.2158,1.0121,0.7531,0.7531,257326.0436,257104.656,166430.2108,1284056.9576,1282952.2334
002701.SZ,20220420,5.11,0.8498,1.3128,1.03,18.5875,12.5289,1.7312,1.2451,1.0365,0.7354,0.7354,257326.0436,257104.656,166430.2108,1314936.0828,1313804.7922
002701.SZ,20220419,5.09,0.6211,0.9595,0.69,18.5148,12.4799,1.7244,1.2402,1.0324,0.7383,0.7383,257326.0436,257104.656,166430.2108,1309789.5619,1308662.699
002701.SZ,20220418,5.0,0.9749,1.5061,1.1,18.1874,12.2592,1.694,1.2183,1.0142,0.7516,0.7516,257326.0436,257104.656,166430.2108,1286630.218,1285523.28
002701.SZ,20220415,5.07,1.3024,2.012,1.76,18.442,12.4308,1.7177,1.2353,1.0284,0.7412,0.7412,257326.0436,257104.656,166430.2108,1304643.0411,1303520.6059
002701.SZ,20220414,4.93,0.6378,0.9854,0.86,17.9328,12.0876,1.6702,1.2012,1.0,0.7623,0.7623,257326.0436,257104.656,166430.2108,1268617.3949,1267525.9541
002701.SZ,20220413,4.84,0.5708,0.8818,0.79,17.6054,11.8669,1.6397,1.1793,0.9817,0.7765,0.7765,257326.0436,257104.656,166430.2108,1245458.051,1244386.535
002701.SZ,20220412,4.92,1.0109,1.5617,1.66,17.8964,12.063,1.6668,1.1988,0.9979,0.7638,0.7638,257326.0436,257104.656,166430.2108,1266044.1345,1264954.9075
002701.SZ,20220411,4.74,0.9107,1.4068,1.66,17.2416,11.6217,1.6059,1.1549,0.9614,0.7928,0.7928,257326.0436,257104.656,166430.2108,1219725.4467,1218676.0694
002701.SZ,20220408,4.81,0.5765,0.8906,1.07,17.4963,11.7933,1.6296,1.172,0.9756,0.7813,0.7813,257326.0436,257104.656,166430.2108,1237738.2697,1236673.3954
002701.SZ,20220407,4.88,0.6363,0.983,1.21,17.7509,11.965,1.6533,1.189,0.9898,0.7701,0.7701,257326.0436,257104.656,166430.2108,1255751.0928,1254670.7213
002701.SZ,20220406,5.0,0.4741,0.7324,0.87,18.1874,12.2592,1.694,1.2183,1.0142,0.7516,0.7516,257326.0436,257104.656,166430.2108,1286630.218,1285523.28
002701.SZ,20220401,4.99,0.4405,0.6805,0.76,18.151,12.2347,1.6906,1.2158,1.0121,0.7531,0.7531,257326.0436,257104.656,166430.2108,1284056.9576,1282952.2334
002701.SZ,20220331,4.96,0.621,0.9594,1.11,18.0419,12.1611,1.6804,1.2085,1.006,0.7577,0.7577,257326.0436,257104.656,166430.2108,1276337.1763,1275239.0938
002701.SZ,20220330,5.02,0.5304,0.8194,0.89,18.2601,12.3082,1.7007,1.2232,1.0182,0.7486,0.7486,257326.0436,257104.656,166430.2108,1291776.7389,1290665.3731
002701.SZ,20220329,4.93,0.5688,0.8787,0.98,17.9328,12.0876,1.6702,1.2012,1.0,0.7623,0.7623,257326.0436,257104.656,166430.2108,1268617.3949,1267525.9541
002701.SZ,20220328,4.98,0.5749,0.8881,0.98,18.1146,12.2102,1.6872,1.2134,1.0101,0.7546,0.7546,257326.0436,257104.656,166430.2108,1281483.6971,1280381.1869
002701.SZ,20220325,5.03,0.6012,0.9287,0.99,18.2965,12.3327,1.7041,1.2256,1.0202,0.7471,0.7471,257326.0436,257104.656,166430.2108,1294349.9993,1293236.4197
002701.SZ,20220324,5.06,0.5202,0.8037,0.82,18.4056,12.4063,1.7143,1.2329,1.0263,0.7427,0.7427,257326.0436,257104.656,166430.2108,1302069.7806,1300949.5594
002701.SZ,20220323,5.11,0.7155,1.1053,1.06,18.5875,12.5289,1.7312,1.2451,1.0365,0.7354,0.7354,257326.0436,257104.656,166430.2108,1314936.0828,1313804.7922
002701.SZ,20220322,5.17,0.4965,0.767,0.64,18.8058,12.676,1.7515,1.2597,1.0486,0.7269,0.7269,257326.0436,257104.656,166430.2108,1330375.6454,1329231.0715
002701.SZ,20220321,5.15,0.594,0.9176,0.76,18.733,12.627,1.7448,1.2548,1.0446,0.7297,0.7297,257326.0436,257104.656,166430.2108,1325229.1245,1324088.9784
002701.SZ,20220318,5.2,0.7035,1.0867,0.91,18.9149,12.7496,1.7617,1.267,1.0547,0.7227,0.7227,257326.0436,257104.656,166430.2108,1338095.4267,1336944.2112
002701.SZ,20220317,5.09,0.6544,1.011,0.75,18.5148,12.4799,1.7244,1.2402,1.0324,0.7383,0.7383,257326.0436,257104.656,166430.2108,1309789.5619,1308662.699
002701.SZ,20220316,5.08,0.9162,1.4154,0.99,18.4784,12.4553,1.7211,1.2378,1.0304,0.7398,0.7398,257326.0436,257104.656,166430.2108,1307216.3015,1306091.6525
002701.SZ,20220315,4.94,1.0327,1.5953,1.06,17.9691,12.1121,1.6736,1.2037,1.002,0.7607,0.7607,257326.0436,257104.656,166430.2108,1271190.6554,1270097.0006
002701.SZ,20220314,5.2,0.6166,0.9525,0.57,18.9149,12.7496,1.7617,1.267,1.0547,0.7227,0.7227,257326.0436,257104.656,166430.2108,1338095.4267,1336944.2112
002701.SZ,20220311,5.32,0.6243,0.9644,0.56,19.3514,13.0438,1.8024,1.2963,1.0791,0.7064,0.7064,257326.0436,257104.656,166430.2108,1368974.552,1367796.7699
002701.SZ,20220310,5.28,1.169,1.8058,1.14,19.2059,12.9457,1.7888,1.2865,1.0709,0.7118,0.7118,257326.0436,257104.656,166430.2108,1358681.5102,1357512.5837
002701.SZ,20220309,5.11,1.1814,1.825,1.29,18.5875,12.5289,1.7312,1.2451,1.0365,0.7354,0.7354,257326.0436,257104.656,166430.2108,1314936.0828,1313804.7922
002701.SZ,20220308,5.31,1.329,2.1122,1.54,18.3722,12.3837,1.8487,1.2307,1.0245,0.7077,0.7077,244765.2008,244543.8132,153869.368,1299703.2162,1298527.6481
002701.SZ,20220307,5.6,1.1847,1.8829,1.41,19.3756,13.0601,1.9497,1.2979,1.0804,0.6711,0.6711,244765.2008,244543.8132,153869.368,1370685.1245,1369445.3539
002701.SZ,20220304,5.63,0.9268,1.4729,1.1,19.4793,13.13,1.9602,1.3048,1.0862,0.6675,0.6675,244765.2008,244543.8132,153869.368,1378028.0805,1376781.6683
002701.SZ,20220303,5.73,0.706,1.1221,0.63,19.8253,13.3633,1.995,1.328,1.1055,0.6559,0.6559,244765.2008,244543.8132,153869.368,1402504.6006,1401236.0496
002701.SZ,20220302,5.76,0.6651,1.057,0.56,19.9291,13.4332,2.0054,1.335,1.1113,0.6524,0.6524,244765.2008,244543.8132,153869.368,1409847.5566,1408572.364
002701.SZ,20220301,5.84,0.8296,1.3185,0.61,20.2059,13.6198,2.0333,1.3535,1.1267,0.6782,0.6782,244765.2008,244543.8132,153869.368,1429428.7727,1428135.8691
002701.SZ,20220228,5.76,1.0752,1.7088,0.82,19.9291,13.4332,2.0054,1.335,1.1113,0.6876,0.6876,244765.2008,244543.8132,153869.368,1409847.5566,1408572.364
002701.SZ,20220225,5.86,0.9397,1.4935,0.75,20.2751,13.6664,2.0402,1.3581,1.1306,0.6759,0.6759,244765.2008,244543.8132,153869.368,1434324.0767,1433026.7454
002701.SZ,20220224,5.87,2.0859,3.3151,2.23,20.3097,13.6898,2.0437,1.3604,1.1325,0.6747,0.6747,244765.2008,244543.8132,153869.368,1436771.7287,1435472.1835
002701.SZ,20220223,5.87,1.0373,1.6486,1.21,20.3097,13.6898,2.0437,1.3604,1.1325,0.6747,0.6747,244765.2008,244543.8132,153869.368,1436771.7287,1435472.1835
002701.SZ,20220222,5.79,1.6264,2.5848,2.23,20.0329,13.5032,2.0159,1.3419,1.1171,0.6841,0.6841,244765.2008,244543.8132,153869.368,1417190.5126,1415908.6784
002701.SZ,20220221,6.02,0.8721,1.386,1.19,20.8287,14.0396,2.0959,1.3952,1.1614,0.6579,0.6579,244765.2008,244543.8132,153869.368,1473486.5088,1472153.7555
002701.SZ,20220218,6.08,0.6544,1.04,0.85,21.0363,14.1795,2.1168,1.4091,1.173,0.6514,0.6514,244765.2008,244543.8132,153869.368,1488172.4209,1486826.3843
002701.SZ,20220217,6.01,0.4893,0.7777,0.59,20.7941,14.0163,2.0925,1.3929,1.1595,0.659,0.659,244765.2008,244543.8132,153869.368,1471038.8568,1469708.3173
002701.SZ,20220216,6.08,0.6309,1.0027,0.63,21.0363,14.1795,2.1168,1.4091,1.173,0.6514,0.6514,244765.2008,244543.8132,153869.368,1488172.4209,1486826.3843
002701.SZ,20220215,6.06,0.9959,1.5828,1.0,20.9671,14.1329,2.1099,1.4045,1.1692,0.6536,0.6536,244765.2008,244543.8132,153869.368,1483277.1168,1481935.508
002701.SZ,20220214,6.12,0.8984,1.4278,0.9,21.1747,14.2728,2.1308,1.4184,1.1807,0.6472,0.6472,244765.2008,244543.8132,153869.368,1497963.0289,1496608.1368
002701.SZ,20220211,6.28,0.8408,1.3364,0.87,21.7283,14.6459,2.1865,1.4555,1.2116,0.6307,0.6307,244765.2008,244543.8132,153869.368,1537125.461,1535735.1469
002701.SZ,20220210,6.39,0.792,1.2587,0.82,22.1089,14.9025,2.2248,1.481,1.2328,0.6198,0.6198,244765.2008,244543.8132,153869.368,1564049.6331,1562634.9663
002701.SZ,20220209,6.37,1.4695,2.3354,1.79,22.0397,14.8558,2.2178,1.4763,1.229,0.6218,0.6218,244765.2008,244543.8132,153869.368,1559154.3291,1557744.0901
002701.SZ,20220208,6.16,0.9624,1.5296,1.04,21.3131,14.3661,2.1447,1.4277,1.1884,0.643,0.643,244765.2008,244543.8132,153869.368,1507753.6369,1506389.8893
002701.SZ,20220207,6.0,0.9419,1.497,1.03,20.7595,13.9929,2.089,1.3906,1.1576,0.6601,0.6601,244765.2008,244543.8132,153869.368,1468591.2048,1467262.8792
002701.SZ,20220128,5.99,0.679,1.0791,0.75,20.7249,13.9696,2.0855,1.3883,1.1556,0.6612,0.6612,244765.2008,244543.8132,153869.368,1466143.5528,1464817.4411
002701.SZ,20220127,5.94,0.7961,1.2653,0.86,20.5519,13.853,2.0681,1.3767,1.146,0.6668,0.6668,244765.2008,244543.8132,153869.368,1453905.2928,1452590.2504
002701.SZ,20220126,6.01,0.7336,1.166,0.78,20.7941,14.0163,2.0925,1.3929,1.1595,0.659,0.659,244765.2008,244543.8132,153869.368,1471038.8568,1469708.3173
002701.SZ,20220125,5.98,1.4952,2.3763,1.6,20.6903,13.9463,2.082,1.3859,1.1537,0.6623,0.6623,244765.2008,244543.8132,153869.368,1463695.9008,1462372.0029
002701.SZ,20220124,6.29,0.8469,1.346,0.77,21.7629,14.6693,2.1899,1.4578,1.2135,0.6297,0.6297,244765.2008,244543.8132,153869.368,1539573.113,1538180.585
002701.SZ,20220121,6.46,0.6686,1.0627,0.39,22.3511,15.0657,2.2491,1.4972,1.2463,0.6131,0.6131,244765.2008,244543.8132,153869.368,1581183.1972,1579753.0333
002701.SZ,20220120,6.53,0.8745,1.3898,0.5,22.5933,15.229,2.2735,1.5134,1.2598,0.6065,0.6065,244765.2008,244543.8132,153869.368,1598316.7612,1596871.1002
002701.SZ,20220119,6.7,0.8406,1.3359,0.49,23.1815,15.6254,2.3327,1.5528,1.2926,0.5911,0.5911,244765.2008,244543.8132,153869.368,1639926.8454,1638443.5484
002701.SZ,20220118,6.64,1.4549,2.3123,0.93,22.9739,15.4855,2.3118,1.5389,1.2811,0.5965,0.5965,244765.2008,244543.8132,153869.368,1625240.9333,1623770.9196
002701.SZ,20220117,6.84,1.6627,2.6424,1.18,23.6659,15.9519,2.3814,1.5853,1.3196,0.579,0.579,244765.2008,244543.8132,153869.368,1674193.9735,1672679.6823
002701.SZ,20220114,6.85,3.8497,6.1184,3.96,23.7005,15.9753,2.3849,1.5876,1.3216,0.5782,0.5782,244765.2008,244543.8132,153869.368,1676641.6255,1675125.1204
002701.SZ,20220113,6.5,0.8838,1.4047,0.88,22.4895,15.159,2.2631,1.5065,1.254,0.6093,0.6093,244765.2008,244543.8132,153869.368,1590973.8052,1589534.7858
002701.SZ,20220112,6.56,0.7149,1.1363,0.68,22.6971,15.2989,2.2839,1.5204,1.2656,0.6038,0.6038,244765.2008,244543.8132,153869.368,1605659.7172,1604207.4146
002701.SZ,20220111,6.59,0.7145,1.1356,0.57,22.8009,15.3689,2.2944,1.5273,1.2714,0.601,0.601,244765.2008,244543.8132,153869.368,1613002.6733,1611543.729
002701.SZ,20220110,6.65,0.8667,1.3774,0.52,23.0085,15.5088,2.3153,1.5412,1.283,0.5956,0.5956,244765.2008,244543.8132,153869.368,1627688.5853,1626216.3578
002701.SZ,20220107,6.6,1.683,2.6747,1.15,22.8355,15.3922,2.2979,1.5296,1.2733,0.6001,0.6001,244765.2008,244543.8132,153869.368,1615450.3253,1613989.1671
002701.SZ,20220106,6.93,1.0228,1.6256,0.7,23.9772,16.1618,2.4128,1.6061,1.337,0.5715,0.5715,244765.2008,244543.8132,153869.368,1696222.8415,1694688.6255
002701.SZ,20220105,6.84,0.9755,1.5627,0.65,23.6659,15.9519,2.3814,1.5853,1.3196,0.579,0.579,244765.2008,244543.8132,152655.0757,1674193.9735,1672679.6823
002701.SZ,20220104,6.97,1.684,2.691,1.19,24.0562,16.215,2.4301,1.6114,1.3414,0.5682,0.5682,244161.5804,243940.1928,152655.0757,1701806.2154,1700263.1438
