ts_code,trade_date,close,turnover_rate,turnover_rate_f,volume_ratio,pe,pe_ttm,pb,ps,ps_ttm,dv_ratio,dv_ttm,total_share,float_share,free_share,total_mv,circ_mv
600193.SH,20251231,3.83,1.5987,1.8754,0.92,,,18.2942,75.2638,,0.0,,42537.3,42537.3,36262.2582,162917.859,162917.859
600193.SH,20251230,3.83,2.0533,2.4086,1.33,,,18.2942,75.2638,,0.0,,42537.3,42537.3,36262.2582,162917.859,162917.859
600193.SH,20251229,3.96,2.1032,2.4671,1.5,,,18.9152,77.8184,,0.0,,42537.3,42537.3,36262.2582,168447.708,168447.708
600193.SH,20251226,4.08,1.5622,1.8325,1.19,,,19.4884,80.1766,,0.0,,42537.3,42537.3,36262.2582,173552.184,173552.184
600193.SH,20251225,4.0,1.8367,2.1546,1.52,,,19.1062,78.6045,,0.0,,42537.3,42537.3,36262.2582,170149.2,170149.2
600193.SH,20251224,3.97,1.1048,1.296,0.88,,,18.9629,78.0149,,0.0,,42537.3,42537.3,36262.2582,168873.081,168873.081
600193.SH,20251223,3.78,1.0927,1.2818,0.78,,,18.0554,74.2812,,0.0,,42537.3,42537.3,36262.2582,160790.994,160790.994
600193.SH,20251222,3.84,1.3984,1.6403,0.94,,,18.342,75.4603,,0.0,,42537.3,42537.3,36262.2582,163343.232,163343.232
600193.SH,20251219,3.88,1.1507,1.3498,0.69,,,18.533,76.2463,,0.0,,42537.3,42537.3,36262.2582,165044.724,165044.724
600193.SH,20251218,3.81,1.3062,1.5323,0.74,,,18.1987,74.8708,,0.0,,42537.3,42537.3,36262.2582,162067.113,162067.113
600193.SH,20251217,3.87,1.3647,1.6009,0.78,,,18.4853,76.0498,,0.0,,42537.3,42537.3,36262.2582,164619.351,164619.351
600193.SH,20251216,3.85,1.8277,2.144,1.07,,,18.3897,75.6568,,0.0,,42537.3,42537.3,36262.2582,163768.605,163768.605
600193.SH,20251215,3.96,1.788,2.0974,0.94,,,18.9152,77.8184,,0.0,,42537.3,42537.3,36262.2582,168447.708,168447.708
600193.SH,20251212,4.05,2.0407,2.3939,0.94,,,19.3451,79.587,,0.0,,42537.3,42537.3,36262.2582,172276.065,172276.065
600193.SH,20251211,4.08,1.7482,2.0507,0.83,,,19.4884,80.1766,,0.0,,42537.3,42537.3,36262.2582,173552.184,173552.184
600193.SH,20251210,4.16,1.3631,1.599,0.62,,,19.8705,81.7486,,0.0,,42537.3,42537.3,36262.2582,176955.168,176955.168
600193.SH,20251209,4.19,1.6228,1.9037,0.65,,,20.0138,82.3382,,0.0,,42537.3,42537.3,36262.2582,178231.287,178231.287
600193.SH,20251208,4.18,2.728,3.2,0.85,,,19.966,82.1417,,0.0,,42537.3,42537.3,36262.2582,177805.914,177805.914
600193.SH,20251205,4.18,3.3783,3.963,1.0,,,19.966,82.1417,,0.0,,42537.3,42537.3,36262.2582,177805.914,177805.914
600193.SH,20251204,3.98,1.459,1.7115,0.46,,,19.0107,78.2114,,0.0,,42537.3,42537.3,36262.2582,169298.454,169298.454
600193.SH,20251203,4.06,1.8818,2.2074,0.48,,,19.3928,79.7835,,0.0,,42537.3,42537.3,36262.2582,172701.438,172701.438
600193.SH,20251202,4.15,3.1234,3.6639,0.83,,,19.8227,81.5521,,0.0,,42537.3,42537.3,36262.2582,176529.795,176529.795
600193.SH,20251201,4.14,6.2838,7.3712,2.36,,,19.7749,81.3556,,0.0,,42537.3,42537.3,36262.2582,176104.422,176104.422
600193.SH,20251128,4.05,4.227,4.9584,1.8,,,19.3451,79.587,,0.0,,42537.3,42537.3,36262.2582,172276.065,172276.065
600193.SH,20251127,3.86,0.3354,0.3934,0.13,,,18.4375,75.8533,,0.0,,42537.3,42537.3,36262.2582,164193.978,164193.978
600193.SH,20251126,3.68,5.7089,6.6968,3.22,,,17.568,18.6325,27.4852,0.0,,42537.3,42537.3,36262.2582,156537.264,156537.264
600193.SH,20251125,3.77,2.1506,2.5227,1.25,,,17.9977,19.0882,28.1574,0.0,,42537.3,42537.3,36262.2582,160365.621,160365.621
600193.SH,20251124,3.97,0.9077,1.0647,0.48,,,18.9525,20.1008,29.6512,0.0,,42537.3,42537.3,36262.2582,168873.081,168873.081
600193.SH,20251121,3.96,2.6356,3.0917,1.55,,,18.9047,20.0502,29.5765,0.0,,42537.3,42537.3,36262.2582,168447.708,168447.708
600193.SH,20251120,4.15,1.2611,1.4793,0.69,,,19.8118,21.0122,30.9956,0.0,,42537.3,42537.3,36262.2582,176529.795,176529.795
600193.SH,20251119,4.14,1.9078,2.238,0.91,,,19.764,20.9616,30.9209,0.0,,42537.3,42537.3,36262.2582,176104.422,176104.422
600193.SH,20251118,4.21,1.9062,2.2361,0.94,,,20.0982,21.316,31.4437,0.0,,42537.3,42537.3,36262.2582,179082.033,179082.033
600193.SH,20251117,4.22,1.6508,1.9364,0.81,,,20.1459,21.3666,31.5184,0.0,,42537.3,42537.3,36262.2582,179507.406,179507.406
600193.SH,20251114,4.22,1.7493,2.052,0.82,,,20.1459,21.3666,31.5184,0.0,,42537.3,42537.3,36262.2582,179507.406,179507.406
600193.SH,20251113,4.17,1.9834,2.3266,0.95,,,19.9072,21.1135,31.145,0.0,,42537.3,42537.3,36262.2582,177380.541,177380.541
600193.SH,20251112,4.24,3.238,3.7983,1.69,,,20.2414,21.4679,31.6678,0.0,,42537.3,42537.3,36262.2582,180358.152,180358.152
600193.SH,20251111,4.14,1.5444,1.8116,0.72,,,19.764,20.9616,30.9209,0.0,,42537.3,42537.3,36262.2582,176104.422,176104.422
600193.SH,20251110,4.14,1.6266,1.9081,0.67,,,19.764,20.9616,30.9209,0.0,,42537.3,42537.3,36262.2582,176104.422,176104.422
600193.SH,20251107,4.15,2.2452,2.6338,0.96,,,19.8118,21.0122,30.9956,0.0,,42537.3,42537.3,36262.2582,176529.795,176529.795
600193.SH,20251106,4.22,1.7998,2.1113,0.75,,,20.1459,21.3666,31.5184,0.0,,42537.3,42537.3,36262.2582,179507.406,179507.406
600193.SH,20251105,4.28,2.3552,2.7627,1.07,,,20.4324,21.6704,31.9665,0.0,,42537.3,42537.3,36262.2582,182059.644,182059.644
600193.SH,20251104,4.19,2.6751,3.138,1.34,,,20.0027,21.2147,31.2943,0.0,,42537.3,42537.3,36262.2582,178231.287,178231.287
600193.SH,20251103,4.26,3.0172,3.5393,1.73,,,20.3369,21.5692,31.8172,0.0,,42537.3,42537.3,36262.2582,181208.898,181208.898
600193.SH,20251031,4.13,1.8506,2.1709,0.96,,,19.7163,20.9109,30.8462,0.0,,42537.3,42537.3,36262.2582,175679.049,175679.049
600193.SH,20251030,4.15,2.0279,2.3788,1.08,,,19.8118,21.0122,30.9956,0.0,,42537.3,42537.3,36262.2582,176529.795,176529.795
600193.SH,20251029,4.13,1.4129,1.6574,0.75,,,19.7163,20.9109,30.8462,0.0,,42537.3,42537.3,36262.2582,175679.049,175679.049
600193.SH,20251028,4.15,1.6637,1.9517,0.87,,,19.8118,21.0122,30.9956,0.0,,42537.3,42537.3,36262.2582,176529.795,176529.795
600193.SH,20251027,4.16,1.7524,2.2344,0.91,,,19.6903,21.0628,37.7348,0.0,,42537.3,42537.3,33362.2582,176955.168,176955.168
600193.SH,20251024,4.27,2.8296,3.6077,1.46,,,20.2109,21.6198,38.7326,0.0,,42537.3,42537.3,33362.2582,181634.271,181634.271
600193.SH,20251023,4.15,1.7253,2.1997,0.67,,,19.643,21.0122,37.6441,0.0,,42537.3,42537.3,33362.2582,176529.795,176529.795
600193.SH,20251022,4.18,1.5001,1.9127,0.53,,,19.785,21.1641,37.9162,0.0,,42537.3,42537.3,33362.2582,177805.914,177805.914
600193.SH,20251021,4.22,1.7212,2.1945,0.62,,,19.9743,21.3666,38.279,0.0,,42537.3,42537.3,33362.2582,179507.406,179507.406
600193.SH,20251020,4.24,1.8055,2.302,0.66,,,20.069,21.4679,38.4605,0.0,,42537.3,42537.3,33362.2582,180358.152,180358.152
600193.SH,20251017,4.27,2.912,3.7317,1.19,,,20.2109,21.6198,38.7326,0.0,,42537.3,42537.3,33193.2682,181634.271,181634.271
600193.SH,20251016,4.46,4.9935,6.3991,2.78,,,21.1103,22.5818,40.456,0.0,,42537.3,42537.3,33193.2682,189716.358,189716.358
600193.SH,20251015,4.32,2.8203,3.6142,1.74,,,20.4476,21.8729,39.1861,0.0,,42537.3,42537.3,33193.2682,183761.136,183761.136
600193.SH,20251014,4.11,1.3748,1.7618,0.87,,,19.4536,20.8097,37.2812,0.0,,42537.3,42537.3,33193.2682,174828.303,174828.303
600193.SH,20251013,4.18,1.6279,2.0861,1.05,,,19.785,21.1641,37.9162,0.0,,42537.3,42537.3,33193.2682,177805.914,177805.914
600193.SH,20251010,4.11,1.4131,1.8109,0.87,,,19.4536,20.8097,37.2812,0.0,,42537.3,42537.3,33193.2682,174828.303,174828.303
600193.SH,20251009,4.14,1.7323,2.2199,1.1,,,19.5956,20.9616,37.5534,0.0,,42537.3,42537.3,33193.2682,176104.422,176104.422
600193.SH,20250930,4.23,1.9683,2.5223,1.24,,,20.0216,21.4173,38.3697,0.0,,42537.3,42537.3,33193.2682,179932.779,179932.779
600193.SH,20250929,4.15,1.1351,1.4546,0.56,,,19.643,21.0122,37.6441,0.0,,42537.3,42537.3,33193.2682,176529.795,176529.795
600193.SH,20250926,4.18,1.4678,1.881,0.66,,,19.785,21.1641,37.9162,0.0,,42537.3,42537.3,33193.2682,177805.914,177805.914
600193.SH,20250925,4.13,1.7743,2.2738,0.74,,,19.5483,20.9109,37.4627,0.0,,42537.3,42537.3,33193.2682,175679.049,175679.049
600193.SH,20250924,4.22,1.531,1.9619,0.56,,,19.9743,21.3666,38.279,0.0,,42537.3,42537.3,33193.2682,179507.406,179507.406
600193.SH,20250923,4.24,2.0472,2.6234,0.65,,,20.069,21.4679,38.4605,0.0,,42537.3,42537.3,33193.2682,180358.152,180358.152
600193.SH,20250922,4.32,3.2478,4.162,1.14,,,20.4476,21.8729,39.1861,0.0,,42537.3,42537.3,33193.2682,183761.136,183761.136
600193.SH,20250919,4.18,2.5287,3.2405,0.93,,,19.785,21.1641,37.9162,0.0,,42537.3,42537.3,33193.2682,177805.914,177805.914
600193.SH,20250918,4.28,2.6807,3.4353,1.04,,,20.2583,21.6704,38.8233,0.0,,42537.3,42537.3,33193.2682,182059.644,182059.644
600193.SH,20250917,4.38,3.1992,4.0998,1.42,,,20.7316,22.1767,39.7304,0.0,,42537.3,42537.3,33193.2682,186313.374,186313.374
600193.SH,20250916,4.44,4.114,5.2721,2.37,,,21.0156,22.4805,40.2746,0.0,,42537.3,42537.3,33193.2682,188865.612,188865.612
600193.SH,20250915,4.23,1.7119,2.1938,0.99,,,20.0216,21.4173,38.3697,0.0,,42537.3,42537.3,33193.2682,179932.779,179932.779
600193.SH,20250912,4.21,1.8305,2.3458,1.14,,,19.927,21.316,38.1883,0.0,,42537.3,42537.3,33193.2682,179082.033,179082.033
600193.SH,20250911,4.25,2.0355,2.6085,1.24,,,20.1163,21.5185,38.5512,0.0,,42537.3,42537.3,33193.2682,180783.525,180783.525
600193.SH,20250910,4.32,1.5388,1.972,0.84,,,20.4476,21.8729,39.1861,0.0,,42537.3,42537.3,33193.2682,183761.136,183761.136
600193.SH,20250909,4.3,1.5501,1.9865,0.8,,,20.3529,21.7717,39.0047,0.0,,42537.3,42537.3,33193.2682,182910.39,182910.39
600193.SH,20250908,4.33,1.7319,2.2194,0.83,,,20.4949,21.9236,39.2768,0.0,,42537.3,42537.3,33193.2682,184186.509,184186.509
600193.SH,20250905,4.29,1.174,1.5044,0.48,,,20.3056,21.721,38.914,0.0,,42537.3,42537.3,33193.2682,182485.017,182485.017
600193.SH,20250904,4.2,2.2316,2.8598,0.83,,,19.8796,21.2654,38.0976,0.0,,42537.3,42537.3,33193.2682,178656.66,178656.66
600193.SH,20250903,4.36,2.4665,3.1608,0.92,,,20.6369,22.0755,39.549,0.0,,42537.3,42537.3,33193.2682,185462.628,185462.628
600193.SH,20250902,4.33,2.1007,2.6921,0.75,,,20.4949,21.9236,39.2768,0.0,,42537.3,42537.3,33193.2682,184186.509,184186.509
600193.SH,20250901,4.41,2.5103,3.2169,0.83,,,20.8736,22.3286,40.0025,0.0,,42537.3,42537.3,33193.2682,187589.493,187589.493
600193.SH,20250829,4.47,3.0236,3.8748,1.08,,,21.1576,22.6324,40.5468,0.0,,42537.3,42537.3,33193.2682,190141.731,190141.731
600193.SH,20250828,4.26,3.3979,4.3544,1.31,,,20.1636,21.5692,38.6419,0.0,,42537.3,42537.3,33193.2682,181208.898,181208.898
600193.SH,20250827,4.37,2.3831,3.054,0.9,,,20.6843,22.1261,39.6397,0.0,,42537.3,42537.3,33193.2682,185888.001,185888.001
600193.SH,20250826,4.47,2.7748,3.556,0.98,,,21.1576,22.6324,40.5468,0.0,,42537.3,42537.3,33193.2682,190141.731,190141.731
600193.SH,20250825,4.36,3.5016,4.4873,1.28,,,20.6369,22.0755,39.549,0.0,,42537.3,42537.3,33193.2682,185462.628,185462.628
600193.SH,20250822,4.48,1.9625,2.515,0.66,,,21.2049,22.6831,40.6375,0.0,,42537.3,42537.3,33193.2682,190567.104,190567.104
600193.SH,20250821,4.5,2.3563,3.0196,0.69,,,21.2996,22.7843,40.8189,0.0,,42537.3,42537.3,33193.2682,191417.85,191417.85
600193.SH,20250820,4.57,2.6618,3.4111,0.7,,,21.6309,23.1387,41.4538,0.0,,42537.3,42537.3,33193.2682,194395.461,194395.461
600193.SH,20250819,4.51,3.7305,4.7806,0.95,,,21.3469,22.8349,40.9096,0.0,,42537.3,42537.3,33193.2682,191843.223,191843.223
600193.SH,20250818,4.51,2.9579,3.7906,0.67,,,21.3469,22.8349,40.9096,0.0,,42537.3,42537.3,33193.2682,191843.223,191843.223
600193.SH,20250815,4.55,3.1635,4.0541,0.72,,,19.6929,23.0375,26.5671,0.0,,42537.3,42537.3,33193.2682,193544.715,193544.715
600193.SH,20250814,4.53,4.6062,5.9028,1.04,,,19.6063,22.9362,26.4503,0.0,,42537.3,42537.3,33193.2682,192693.969,192693.969
600193.SH,20250813,4.77,4.6356,5.9405,1.07,,,20.6451,24.1514,27.8516,0.0,,42537.3,42537.3,33193.2682,202902.921,202902.921
600193.SH,20250812,4.86,4.2238,5.4683,0.89,,,21.0346,24.6071,28.3771,0.0,,42537.3,42537.3,32856.8882,206731.278,206731.278
600193.SH,20250811,4.94,5.4196,7.0163,1.17,,,21.3809,25.0121,28.8443,0.0,,42537.3,42537.3,32856.8882,210134.262,210134.262
600193.SH,20250808,4.7,3.1363,4.0603,0.63,,,20.3421,23.797,27.4429,0.0,,42537.3,42537.3,32856.8882,199925.31,199925.31
600193.SH,20250807,4.55,4.8158,6.2346,1.11,,,19.6929,23.0375,26.5671,0.0,,42537.3,42537.3,32856.8882,193544.715,193544.715
600193.SH,20250806,4.49,3.9896,5.165,1.01,,,19.4332,22.7337,26.2167,0.0,,42537.3,42537.3,32856.8882,190992.477,190992.477
600193.SH,20250805,4.28,6.4175,8.3083,2.14,,,18.5243,21.6704,24.9906,0.0,,42537.3,42537.3,32856.8882,182059.644,182059.644
600193.SH,20250804,4.38,4.81,6.2271,1.96,,,18.9571,22.1767,25.5745,0.0,,42537.3,42537.3,32856.8882,186313.374,186313.374
600193.SH,20250801,4.17,4.8686,7.1273,2.76,,,18.0482,21.1135,24.3483,0.0,,42537.3,42537.3,29056.8882,177380.541,177380.541
600193.SH,20250731,3.99,1.6541,2.4216,0.87,,,17.2692,20.2021,23.2973,0.0,,42537.3,42537.3,29056.8882,169723.827,169723.827
600193.SH,20250730,4.02,1.9762,2.893,1.02,,,17.399,20.354,23.4725,0.0,,42537.3,42537.3,29056.8882,170999.946,170999.946
600193.SH,20250729,4.05,1.7143,2.5096,0.82,,,17.5288,20.5059,23.6476,0.0,,42537.3,42537.3,29056.8882,172276.065,172276.065
600193.SH,20250728,4.09,2.0681,3.0275,0.79,,,17.702,20.7084,23.8812,0.0,,42537.3,42537.3,29056.8882,173977.557,173977.557
600193.SH,20250725,4.18,1.4103,2.0646,0.39,,,18.0915,21.1641,24.4067,0.0,,42537.3,42537.3,29056.8882,177805.914,177805.914
600193.SH,20250724,4.21,2.3271,3.4068,0.68,,,18.2213,21.316,24.5818,0.0,,42537.3,42537.3,29056.8882,179082.033,179082.033
600193.SH,20250723,4.16,2.1536,3.1527,0.59,,,18.0049,21.0628,24.2899,0.0,,42537.3,42537.3,29056.8882,176955.168,176955.168
600193.SH,20250722,4.19,2.4899,3.6451,0.7,,,18.1348,21.2147,24.4651,0.0,,42537.3,42537.3,29056.8882,178231.287,178231.287
600193.SH,20250721,4.23,4.7494,6.9527,1.56,,,18.3079,21.4173,24.6986,0.0,,42537.3,42537.3,29056.8882,179932.779,179932.779
600193.SH,20250718,4.45,6.1684,9.03,2.43,,,19.2601,22.5312,25.9832,0.0,,42537.3,42537.3,29056.8882,189290.985,189290.985
600193.SH,20250717,4.58,1.6674,2.4409,0.6,,,19.8227,23.1894,26.7422,0.0,,42537.3,42537.3,29056.8882,194820.834,194820.834
600193.SH,20250716,4.36,3.1254,4.5753,0.94,,,18.8706,22.0755,25.4577,0.0,,42537.3,42537.3,29056.8882,185462.628,185462.628
600193.SH,20250715,4.32,2.1475,3.1437,0.65,,,18.6974,21.8729,25.2241,0.0,,42537.3,42537.3,29056.8882,183761.136,183761.136
600193.SH,20250714,4.3,2.1511,3.149,0.63,,,18.6109,21.7717,25.1074,0.0,,42537.3,42537.3,29056.8882,182910.39,182910.39
600193.SH,20250711,4.31,3.5808,5.242,1.15,,,18.6542,21.8223,25.1657,0.0,,42537.3,42537.3,29056.8882,183335.763,183335.763
600193.SH,20250710,4.2,2.9455,4.312,0.97,,,18.1781,21.2654,24.5235,0.0,,42537.3,42537.3,29056.8882,178656.66,178656.66
600193.SH,20250709,4.23,5.8579,8.5755,2.29,,,18.3079,21.4173,24.6986,0.0,,42537.3,42537.3,29056.8882,179932.779,179932.779
600193.SH,20250708,4.43,1.9521,2.8577,0.71,,,19.1735,22.4299,25.8664,0.0,,42537.3,42537.3,29056.8882,188440.239,188440.239
600193.SH,20250707,4.43,2.7526,4.0296,0.98,,,19.1735,22.4299,25.8664,0.0,,42537.3,42537.3,29056.8882,188440.239,188440.239
600193.SH,20250704,4.29,2.0733,3.0352,0.61,,,18.5676,21.721,25.049,0.0,,42537.3,42537.3,29056.8882,182485.017,182485.017
600193.SH,20250703,4.28,2.6049,3.8134,0.66,,,18.5243,21.6704,24.9906,0.0,,42537.3,42537.3,29056.8882,182059.644,182059.644
600193.SH,20250702,4.3,3.3862,4.9572,0.78,,,18.6109,21.7717,25.1074,0.0,,42537.3,42537.3,29056.8882,182910.39,182910.39
600193.SH,20250701,4.45,2.9886,4.3751,0.69,,,19.2601,22.5312,25.9832,0.0,,42537.3,42537.3,29056.8882,189290.985,189290.985
600193.SH,20250630,4.54,2.9604,4.3338,0.69,,,19.6496,22.9868,26.5087,0.0,,42537.3,42537.3,29056.8882,193119.342,193119.342
600193.SH,20250627,4.65,5.0197,7.3485,1.2,,,20.1257,23.5438,27.151,0.0,,42537.3,42537.3,29056.8882,197798.445,197798.445
600193.SH,20250626,4.56,5.4491,7.9771,1.39,,,19.7362,23.0881,26.6255,0.0,,42537.3,42537.3,29056.8882,193970.088,193970.088
600193.SH,20250625,4.8,5.3651,7.8541,1.44,,,20.7749,24.3033,28.0268,0.0,,42537.3,42537.3,29056.8882,204179.04,204179.04
600193.SH,20250624,4.67,2.8104,4.1142,0.72,,,20.2123,23.6451,27.2678,0.0,,42537.3,42537.3,29056.8882,198649.191,198649.191
600193.SH,20250623,4.61,2.926,4.2834,0.73,,,19.9526,23.3413,26.9174,0.0,,42537.3,42537.3,29056.8882,196096.953,196096.953
600193.SH,20250620,4.64,4.3721,6.4004,1.05,,,20.0824,23.4932,27.0926,0.0,,42537.3,42537.3,29056.8882,197373.072,197373.072
600193.SH,20250619,4.59,4.1646,6.0967,0.9,,,19.866,23.24,26.8006,0.0,,42537.3,42537.3,29056.8882,195246.207,195246.207
600193.SH,20250618,4.56,4.3577,6.3793,0.87,,,19.7362,23.0881,26.6255,0.0,,42537.3,42537.3,29056.8882,193970.088,193970.088
600193.SH,20250617,4.61,3.5736,5.2315,0.61,,,19.9526,23.3413,26.9174,0.0,,42537.3,42537.3,29056.8882,196096.953,196096.953
600193.SH,20250616,4.61,3.6821,5.3904,0.54,,,19.9526,23.3413,26.9174,0.0,,42537.3,42537.3,29056.8882,196096.953,196096.953
600193.SH,20250613,4.61,4.9471,7.2422,0.7,,,19.9526,23.3413,26.9174,0.0,,42537.3,42537.3,29056.8882,196096.953,196096.953
600193.SH,20250612,4.61,6.4778,9.4831,0.88,,,19.9526,23.3413,26.9174,0.0,,42537.3,42537.3,29056.8882,196096.953,196096.953
600193.SH,20250611,4.85,6.4605,9.4577,0.8,,,20.9913,24.5564,28.3188,0.0,,42537.3,42537.3,29056.8882,206305.905,206305.905
600193.SH,20250610,4.82,7.8455,11.4853,0.81,,,20.8615,24.4045,28.1436,0.0,,42537.3,42537.3,29056.8882,205029.786,205029.786
600193.SH,20250609,4.89,8.5224,12.4762,0.88,,,21.1645,24.759,28.5523,0.0,,42537.3,42537.3,29056.8882,208007.397,208007.397
600193.SH,20250606,4.75,6.1568,9.0132,0.61,,,20.5585,24.0501,27.7349,0.0,,42537.3,42537.3,29056.8882,202052.175,202052.175
600193.SH,20250605,4.69,7.6961,11.2666,0.7,,,20.2988,23.7463,27.3845,0.0,,42537.3,42537.3,29056.8882,199499.937,199499.937
600193.SH,20250604,4.94,10.402,15.2278,0.9,,,21.3809,25.0121,28.8443,0.0,,42537.3,42537.3,29056.8882,210134.262,210134.262
600193.SH,20250603,4.94,15.3956,22.5381,1.48,,,21.3809,25.0121,28.8443,0.0,,42537.3,42537.3,29056.8882,210134.262,210134.262
600193.SH,20250530,5.1,9.0132,13.1948,0.87,,,22.0734,25.8222,29.7785,0.0,,42537.3,42537.3,29056.8882,216940.23,216940.23
600193.SH,20250529,4.86,8.3315,12.1967,0.77,,,21.0346,24.6071,28.3771,0.0,,42537.3,42537.3,29056.8882,206731.278,206731.278
600193.SH,20250528,4.63,11.7505,17.202,1.22,,,20.0391,23.4425,27.0342,0.0,,42537.3,42537.3,29056.8882,196947.699,196947.699
600193.SH,20250527,4.41,13.2002,19.3241,1.4,,,19.087,22.3286,25.7496,0.0,,42537.3,42537.3,29056.8882,187589.493,187589.493
600193.SH,20250526,4.31,9.7654,14.2958,1.02,,,18.6542,21.8223,25.1657,0.0,,42537.3,42537.3,29056.8882,183335.763,183335.763
600193.SH,20250523,4.1,8.9282,13.0703,1.05,,,17.7453,20.759,23.9396,0.0,,42537.3,42537.3,29056.8882,174402.93,174402.93
600193.SH,20250522,3.96,10.4676,15.3239,1.13,,,17.1393,20.0502,23.1221,0.0,,42537.3,42537.3,29056.8882,168447.708,168447.708
600193.SH,20250521,3.91,5.9578,8.7219,0.48,,,16.9229,19.797,22.8302,0.0,,42537.3,42537.3,29056.8882,166320.843,166320.843
600193.SH,20250520,3.72,12.1407,17.7732,1.2,,,16.1006,18.835,21.7208,0.0,,42537.3,42537.3,29056.8882,158238.756,158238.756
600193.SH,20250519,3.92,10.3824,15.1991,1.28,,,16.9662,19.8477,22.8886,0.0,,42537.3,42537.3,29056.8882,166746.216,166746.216
600193.SH,20250516,3.93,3.5118,5.141,0.47,,,17.0095,19.8983,22.947,0.0,,42537.3,42537.3,29056.8882,167171.589,167171.589
600193.SH,20250515,4.14,14.1649,20.7365,2.99,,,17.9184,20.9616,24.1731,0.0,,42537.3,42537.3,29056.8882,176104.422,176104.422
600193.SH,20250514,4.18,21.9681,32.1597,53.04,,,18.0915,21.1641,24.4067,0.0,,42537.3,42537.3,29056.8882,177805.914,177805.914
600193.SH,20250513,3.98,0.3862,0.5654,0.29,,,17.2259,20.1515,23.2389,0.0,,42537.3,42537.3,29056.8882,169298.454,169298.454
600193.SH,20250512,3.79,0.4318,0.6322,0.26,,,16.4035,19.1895,22.1295,0.0,,42537.3,42537.3,29056.8882,161216.367,161216.367
600193.SH,20250509,3.61,0.5292,0.7747,0.25,,,15.6245,18.2781,21.0785,0.0,,42537.3,42537.3,29056.8882,153559.653,153559.653
600193.SH,20250508,3.44,0.3901,0.5711,0.16,,,14.8887,17.4173,20.0859,0.0,,42537.3,42537.3,29056.8882,146328.312,146328.312
600193.SH,20250507,3.28,0.3335,0.4882,0.11,,,14.1962,16.6072,19.1517,0.0,,42537.3,42537.3,29056.8882,139522.344,139522.344
600193.SH,20250506,3.12,4.868,7.1264,1.82,,,13.5037,15.7971,18.2174,0.0,,42537.3,42537.3,29056.8882,132716.376,132716.376
600193.SH,20250429,2.97,2.1338,2.3141,0.75,,,4.5557,9.6951,16.4042,0.0,,42537.3,42537.3,39223.3029,126335.781,126335.781
600193.SH,20250428,3.0,2.6851,2.912,0.97,,,4.6017,9.793,16.5699,0.0,,42537.3,42537.3,39223.3029,127611.9,127611.9
600193.SH,20250425,3.1,2.0499,2.2231,0.65,,,4.7551,10.1194,17.1223,0.0,,42537.3,42537.3,39223.3029,131865.63,131865.63
600193.SH,20250424,3.14,2.9485,3.1976,0.91,,,4.8165,10.25,17.3432,0.0,,42537.3,42537.3,39223.3029,133567.122,133567.122
600193.SH,20250423,3.17,3.5384,3.8373,0.98,,,4.8625,10.3479,17.5089,0.0,,42537.3,42537.3,39223.3029,134843.241,134843.241
600193.SH,20250422,3.31,2.9125,3.1586,0.68,,,5.0772,10.8049,18.2822,0.0,,42537.3,42537.3,39223.3029,140798.463,140798.463
600193.SH,20250421,3.38,2.3558,2.5549,0.48,,,5.1846,11.0334,18.6688,0.0,,42537.3,42537.3,39223.3029,143776.074,143776.074
600193.SH,20250418,3.39,3.9796,4.3158,0.7,,,5.1999,11.0661,18.724,0.0,,42537.3,42537.3,39223.3029,144201.447,144201.447
600193.SH,20250417,3.63,3.4391,3.7297,0.57,,,5.5681,11.8495,20.0496,0.0,,42537.3,42537.3,39223.3029,154410.399,154410.399
600193.SH,20250416,3.51,5.3154,5.7645,0.86,,,5.384,11.4578,19.3868,0.0,,42537.3,42537.3,39223.3029,149305.923,149305.923
600193.SH,20250415,3.82,6.2396,6.7668,1.04,,,5.8595,12.4697,21.0991,0.0,,42537.3,42537.3,39223.3029,162492.486,162492.486
600193.SH,20250414,3.74,5.632,6.1079,1.02,,,5.7368,12.2086,20.6572,0.0,,42537.3,42537.3,39223.3029,159089.502,159089.502
600193.SH,20250411,3.64,7.6596,8.3068,1.75,,,5.5834,11.8822,20.1049,0.0,,42537.3,42537.3,39223.3029,154835.772,154835.772
600193.SH,20250410,3.35,5.2934,5.7406,1.43,,,5.1386,10.9355,18.5031,0.0,,42537.3,42537.3,39223.3029,142499.955,142499.955
600193.SH,20250409,3.23,6.1834,6.7058,2.13,,,4.9545,10.5438,17.8403,0.0,,42537.3,42537.3,39223.3029,137395.479,137395.479
600193.SH,20250408,3.03,5.1441,5.5788,2.17,,,4.6477,9.8909,16.7356,0.0,,42537.3,42537.3,39223.3029,128888.019,128888.019
600193.SH,20250407,2.75,3.3715,3.6564,1.55,,,4.2182,8.9769,15.1891,0.0,,42537.3,42537.3,39223.3029,116977.575,116977.575
600193.SH,20250403,3.05,1.8916,2.0514,0.73,,,4.6784,9.9562,16.8461,0.0,,42537.3,42537.3,39223.3029,129738.765,129738.765
600193.SH,20250402,3.01,1.8826,2.0417,0.58,,,4.6171,9.8256,16.6252,0.0,,42537.3,42537.3,39223.3029,128037.273,128037.273
600193.SH,20250401,3.0,2.2441,2.4338,0.67,,,4.6017,9.793,16.5699,0.0,,42537.3,42537.3,39223.3029,127611.9,127611.9
600193.SH,20250331,3.09,2.4496,2.6565,0.66,,,4.7398,10.0868,17.067,0.0,,42537.3,42537.3,39223.3029,131440.257,131440.257
600193.SH,20250328,3.09,2.3817,2.5829,0.63,,,4.7398,10.0868,17.067,0.0,,42537.3,42537.3,39223.3029,131440.257,131440.257
600193.SH,20250327,3.1,4.0473,4.3893,1.2,,,4.7551,10.1194,17.1223,0.0,,42537.3,42537.3,39223.3029,131865.63,131865.63
600193.SH,20250326,3.29,5.2264,5.668,1.75,,,5.0465,10.7396,18.1717,0.0,,42537.3,42537.3,39223.3029,139947.717,139947.717
600193.SH,20250325,3.22,2.6118,2.8325,0.66,,,4.9392,10.5111,17.7851,0.0,,42537.3,42537.3,39223.3029,136970.106,136970.106
600193.SH,20250324,3.3,4.267,4.6275,1.06,,,5.0619,10.7723,18.2269,0.0,,42537.3,42537.3,39223.3029,140373.09,140373.09
600193.SH,20250321,3.48,2.6423,2.8655,0.57,,,5.338,11.3599,19.2211,0.0,,42537.3,42537.3,39223.3029,148029.804,148029.804
600193.SH,20250320,3.54,2.11,2.2882,0.35,,,5.43,11.5557,19.5525,0.0,,42537.3,42537.3,39223.3029,150582.042,150582.042
600193.SH,20250319,3.55,3.2688,3.545,0.55,,,5.4454,11.5884,19.6078,0.0,,42537.3,42537.3,39223.3029,151007.415,151007.415
600193.SH,20250318,3.64,7.3852,8.0092,1.47,,,5.5834,11.8822,20.1049,0.0,,42537.3,42537.3,39223.3029,154835.772,154835.772
600193.SH,20250317,3.79,4.6406,5.0327,0.94,,,5.8135,12.3718,20.9334,0.0,,42537.3,42537.3,39223.3029,161216.367,161216.367
600193.SH,20250314,3.9,5.8747,6.371,1.35,,,5.9822,12.7309,21.5409,0.0,,42537.3,42537.3,39223.3029,165895.47,165895.47
600193.SH,20250313,4.03,8.5735,9.2979,2.61,,,6.1816,13.1553,22.259,0.0,,42537.3,42537.3,39223.3029,171425.319,171425.319
600193.SH,20250312,3.78,3.1405,3.4059,0.91,,,5.7982,12.3392,20.8781,0.0,,42537.3,42537.3,39223.3029,160790.994,160790.994
600193.SH,20250311,3.72,2.8792,3.1224,0.81,,,5.7061,12.1433,20.5467,0.0,,42537.3,42537.3,39223.3029,158238.756,158238.756
600193.SH,20250310,3.79,4.0993,4.4456,1.17,,,5.8135,12.3718,20.9334,0.0,,42537.3,42537.3,39223.3029,161216.367,161216.367
600193.SH,20250307,3.74,3.0843,3.3449,0.73,,,5.7368,12.2086,20.6572,0.0,,42537.3,42537.3,39223.3029,159089.502,159089.502
600193.SH,20250306,3.82,3.2084,3.4795,0.59,,,5.8595,12.4697,21.0991,0.0,,42537.3,42537.3,39223.3029,162492.486,162492.486
600193.SH,20250305,3.78,4.0206,4.3603,0.7,,,5.7982,12.3392,20.8781,0.0,,42537.3,42537.3,39223.3029,160790.994,160790.994
600193.SH,20250304,3.84,3.3684,3.653,0.54,,,5.8902,12.535,21.2095,0.0,,42537.3,42537.3,39223.3029,163343.232,163343.232
600193.SH,20250303,3.86,3.8003,4.1214,0.52,,,5.9209,12.6003,21.32,0.0,,42537.3,42537.3,39223.3029,164193.978,164193.978
600193.SH,20250228,3.89,6.707,7.2737,0.79,,,5.9669,12.6982,21.4857,0.0,,42537.3,42537.3,39223.3029,165470.097,165470.097
600193.SH,20250227,4.11,9.4686,10.2686,1.17,,,6.3043,13.4164,22.7008,0.0,,42537.3,42537.3,39223.3029,174828.303,174828.303
600193.SH,20250226,4.22,5.2928,5.74,0.66,,,6.4731,13.7755,23.3084,0.0,,42537.3,42537.3,39223.3029,179507.406,179507.406
600193.SH,20250225,3.84,6.1673,6.6884,0.79,,,5.8902,12.535,21.2095,0.0,,42537.3,42537.3,39223.3029,163343.232,163343.232
600193.SH,20250224,3.95,8.9964,9.7565,1.24,,,6.0589,12.8941,21.8171,0.0,,42537.3,42537.3,39223.3029,168022.335,168022.335
600193.SH,20250221,4.07,12.5455,13.6055,2.03,,,6.243,13.2858,22.4799,0.0,,42537.3,42537.3,39223.3029,173126.811,173126.811
600193.SH,20250220,4.06,7.6166,8.2601,1.06,,,6.2277,13.2532,22.4247,0.0,,42537.3,42537.3,39223.3029,172701.438,172701.438
600193.SH,20250219,3.69,4.5182,4.9,0.52,,,5.6601,12.0454,20.381,0.0,,42537.3,42537.3,39223.3029,156962.637,156962.637
600193.SH,20250218,3.59,5.4897,5.9535,0.59,,,5.5067,11.7189,19.8287,0.0,,42537.3,42537.3,39223.3029,152708.907,152708.907
600193.SH,20250217,3.9,6.07,6.5828,0.68,,,5.9822,12.7309,21.5409,0.0,,42537.3,42537.3,39223.3029,165895.47,165895.47
600193.SH,20250214,3.87,7.2577,7.871,0.85,,,5.9362,12.633,21.3752,0.0,,42537.3,42537.3,39223.3029,164619.351,164619.351
600193.SH,20250213,4.07,12.6103,13.6758,1.69,,,6.243,13.2858,22.4799,0.0,,42537.3,42537.3,39223.3029,173126.811,173126.811
600193.SH,20250212,3.85,12.3709,13.4161,2.18,,,5.9055,12.5677,21.2648,0.0,,42537.3,42537.3,39223.3029,163768.605,163768.605
600193.SH,20250211,3.95,8.4763,9.1924,1.62,,,6.0589,12.8941,21.8171,0.0,,42537.3,42537.3,39223.3029,168022.335,168022.335
600193.SH,20250210,3.59,3.7616,4.0794,0.74,,,5.5067,11.7189,19.8287,0.0,,42537.3,42537.3,39223.3029,152708.907,152708.907
600193.SH,20250207,3.26,5.4862,5.9498,1.24,,,5.0005,10.6417,18.006,0.0,,42537.3,42537.3,39223.3029,138671.598,138671.598
600193.SH,20250206,3.24,7.2606,7.8741,2.21,,,4.9699,10.5764,17.8955,0.0,,42537.3,42537.3,39223.3029,137820.852,137820.852
600193.SH,20250205,3.04,3.4312,3.7212,1.11,,,4.6631,9.9236,16.7909,0.0,,42537.3,42537.3,39223.3029,129313.392,129313.392
600193.SH,20250127,2.76,6.2748,6.805,2.72,,,4.2336,9.0096,15.2443,0.0,,42537.3,42537.3,39223.3029,117402.948,117402.948
600193.SH,20250124,3.02,2.9913,3.2441,1.38,,,4.6324,9.8583,16.6804,0.0,,42537.3,42537.3,39223.3029,128462.646,128462.646
600193.SH,20250123,2.98,2.0849,2.2611,0.9,,,4.571,9.7277,16.4595,0.0,,42537.3,42537.3,39223.3029,126761.154,126761.154
600193.SH,20250122,2.95,1.6311,1.7689,0.63,,,4.525,9.6298,16.2938,0.0,,42537.3,42537.3,39223.3029,125485.035,125485.035
600193.SH,20250121,3.02,2.4749,2.684,0.87,,,4.6324,9.8583,16.6804,0.0,,42537.3,42537.3,39223.3029,128462.646,128462.646
600193.SH,20250120,3.13,2.3545,2.5534,0.82,,,4.8011,10.2174,17.288,0.0,,42537.3,42537.3,39223.3029,133141.749,133141.749
600193.SH,20250117,3.1,2.2847,2.4777,0.77,,,4.7551,10.1194,17.1223,0.0,,42537.3,42537.3,39223.3029,131865.63,131865.63
600193.SH,20250116,3.19,2.7831,3.0183,0.96,,,4.8932,10.4132,17.6194,0.0,,42537.3,42537.3,39223.3029,135693.987,135693.987
600193.SH,20250115,3.15,3.0144,3.269,1.04,,,4.8318,10.2826,17.3984,0.0,,42537.3,42537.3,39223.3029,133992.495,133992.495
600193.SH,20250114,3.2,3.7108,4.0244,1.34,,,4.9085,10.4459,17.6746,0.0,,42537.3,42537.3,39223.3029,136119.36,136119.36
600193.SH,20250113,3.02,2.5022,2.7136,0.83,,,4.6324,9.8583,16.6804,0.0,,42537.3,42537.3,39223.3029,128462.646,128462.646
600193.SH,20250110,2.98,2.8155,3.0533,0.81,,,4.571,9.7277,16.4595,0.0,,42537.3,42537.3,39223.3029,126761.154,126761.154
600193.SH,20250109,3.11,2.5117,2.7239,0.62,,,4.7704,10.1521,17.1775,0.0,,42537.3,42537.3,39223.3029,132291.003,132291.003
600193.SH,20250108,3.11,2.9273,3.1747,0.67,,,4.7704,10.1521,17.1775,0.0,,42537.3,42537.3,39223.3029,132291.003,132291.003
600193.SH,20250107,3.14,3.0932,3.3546,0.62,,,4.8165,10.25,17.3432,0.0,,42537.3,42537.3,39223.3029,133567.122,133567.122
600193.SH,20250106,3.0,3.7836,4.1033,0.7,,,4.6017,9.793,16.5699,0.0,,42537.3,42537.3,39223.3029,127611.9,127611.9
600193.SH,20250103,3.14,4.9881,5.4096,0.84,,,4.8165,10.25,17.3432,0.0,,42537.3,42537.3,39223.3029,133567.122,133567.122
600193.SH,20250102,3.43,5.4177,5.8755,0.77,,,5.2613,11.1967,18.945,0.0,,42537.3,42537.3,39223.3029,145902.939,145902.939
600193.SH,20241231,3.39,4.5306,4.9134,0.71,,,5.1999,11.0661,18.724,0.0,,42537.3,42537.3,39223.3029,144201.447,144201.447
600193.SH,20241230,3.35,6.1167,6.6335,1.09,,,5.1386,10.9355,18.5031,0.0,,42537.3,42537.3,39223.3029,142499.955,142499.955
600193.SH,20241227,3.36,6.1559,6.6761,1.19,,,5.1539,10.9682,18.5583,0.0,,42537.3,42537.3,39223.3029,142925.328,142925.328
600193.SH,20241226,3.25,7.3256,7.9446,1.53,,,4.9852,10.6091,17.9508,0.0,,42537.3,42537.3,39223.3029,138246.225,138246.225
600193.SH,20241225,3.32,11.1757,12.1199,3.03,,,5.0926,10.8376,18.3374,0.0,,42537.3,42537.3,39223.3029,141223.836,141223.836
600193.SH,20241224,3.52,1.0527,1.1417,0.23,,,5.3993,11.4904,19.4421,0.0,,42537.3,42537.3,39223.3029,149731.296,149731.296
600193.SH,20241223,3.91,2.2686,2.4602,0.39,,,5.9976,12.7635,21.5962,0.0,,42537.3,42537.3,39223.3029,166320.843,166320.843
600193.SH,20241220,4.34,3.9362,4.2688,0.53,,,6.6571,14.1672,23.9712,0.0,,42537.3,42537.3,39223.3029,184611.882,184611.882
600193.SH,20241219,4.39,5.4508,5.9114,0.63,,,6.7338,14.3304,24.2473,0.0,,42537.3,42537.3,39223.3029,186738.747,186738.747
600193.SH,20241218,4.51,5.7114,6.194,0.7,,,6.9179,14.7221,24.9101,0.0,,42537.3,42537.3,39223.3029,191843.223,191843.223
600193.SH,20241217,4.68,5.8349,6.3279,0.72,,,7.1787,15.2771,25.8491,0.0,,42537.3,42537.3,39223.3029,199074.564,199074.564
600193.SH,20241216,4.86,7.9955,8.6711,1.01,,,7.4548,15.8646,26.8433,0.0,,42537.3,42537.3,39223.3029,206731.278,206731.278
600193.SH,20241213,4.96,11.8846,12.8887,1.78,,,7.6082,16.1911,27.3956,0.0,,42537.3,42537.3,39223.3029,210985.008,210985.008
600193.SH,20241212,4.9,12.118,13.1419,1.94,,,7.5161,15.9952,27.0642,0.0,,42537.3,42537.3,39223.3029,208432.77,208432.77
600193.SH,20241211,4.81,3.0407,3.2976,0.43,,,7.3781,15.7014,26.5671,0.0,,42537.3,42537.3,39223.3029,204604.413,204604.413
600193.SH,20241210,4.37,5.6908,6.1716,0.74,,,6.7032,14.2651,24.1369,0.0,,42537.3,42537.3,39223.3029,185888.001,185888.001
600193.SH,20241209,4.41,6.8571,7.4365,0.85,,,6.7645,14.3957,24.3578,0.0,,42537.3,42537.3,39223.3029,187589.493,187589.493
600193.SH,20241206,4.62,5.7397,6.2246,0.67,,,7.0866,15.0812,25.5177,0.0,,42537.3,42537.3,39223.3029,196522.326,196522.326
600193.SH,20241205,4.7,9.8997,10.7361,1.13,,,7.2094,15.3424,25.9596,0.0,,42537.3,42537.3,39223.3029,199925.31,199925.31
600193.SH,20241204,4.45,7.492,8.125,0.73,,,6.8259,14.5263,24.5787,0.0,,42537.3,42537.3,39223.3029,189290.985,189290.985
600193.SH,20241203,4.45,8.2828,8.9826,0.67,,,6.8259,14.5263,24.5787,0.0,,42537.3,42537.3,39223.3029,189290.985,189290.985
600193.SH,20241202,4.3,8.7169,9.4534,0.7,,,6.5958,14.0366,23.7502,0.0,,42537.3,42537.3,39223.3029,182910.39,182910.39
600193.SH,20241129,4.21,8.5753,9.2998,0.73,,,6.4577,13.7428,23.2531,0.0,,42537.3,42537.3,39223.3029,179082.033,179082.033
600193.SH,20241128,4.21,10.7836,11.6947,1.03,,,6.4577,13.7428,23.2531,0.0,,42537.3,42537.3,39223.3029,179082.033,179082.033
600193.SH,20241127,4.17,14.9735,16.2386,1.77,,,6.3964,13.6123,23.0322,0.0,,42537.3,42537.3,39223.3029,177380.541,177380.541
600193.SH,20241126,4.21,18.9048,20.5021,3.27,,,6.4577,13.7428,23.2531,0.0,,42537.3,42537.3,39223.3029,179082.033,179082.033
600193.SH,20241125,3.83,8.6275,9.3565,1.57,,,5.8749,12.5024,21.1543,0.0,,42537.3,42537.3,39223.3029,162917.859,162917.859
600193.SH,20241122,3.48,5.7773,6.2654,1.07,,,5.338,11.3599,19.2211,0.0,,42537.3,42537.3,39223.3029,148029.804,148029.804
600193.SH,20241121,3.56,3.9941,4.3316,0.67,,,5.4607,11.621,19.663,0.0,,42537.3,42537.3,39223.3029,151432.788,151432.788
600193.SH,20241120,3.53,4.9269,5.3432,0.74,,,5.4147,11.5231,19.4973,0.0,,42537.3,42537.3,39223.3029,150156.669,150156.669
600193.SH,20241119,3.42,5.6125,6.0867,0.67,,,5.246,11.164,18.8897,0.0,,42537.3,42537.3,39223.3029,145477.566,145477.566
600193.SH,20241118,3.35,7.1412,7.7445,0.65,,,5.1386,10.9355,18.5031,0.0,,42537.3,42537.3,39223.3029,142499.955,142499.955
600193.SH,20241115,3.57,5.3942,5.85,0.35,,,5.476,11.6537,19.7182,0.0,,42537.3,42537.3,39223.3029,151858.161,151858.161
600193.SH,20241114,3.57,6.648,7.2097,0.43,,,5.476,11.6537,19.7182,0.0,,42537.3,42537.3,39223.3029,151858.161,151858.161
600193.SH,20241113,3.73,8.6003,9.3269,0.49,,,5.7215,12.176,20.602,0.0,,42537.3,42537.3,39223.3029,158664.129,158664.129
600193.SH,20241112,3.66,14.3727,15.587,0.78,,,5.6141,11.9475,20.2153,0.0,,42537.3,42537.3,39223.3029,155686.518,155686.518
600193.SH,20241111,3.94,19.7578,21.4272,1.06,,,6.0436,12.8615,21.7619,0.0,,42537.3,42537.3,39223.3029,167596.962,167596.962
600193.SH,20241108,4.16,27.6672,30.0048,1.81,,,6.381,13.5796,22.977,0.0,,42537.3,42537.3,39223.3029,176955.168,176955.168
600193.SH,20241107,4.6,6.4969,7.0458,0.43,,,7.056,15.0159,25.4072,0.0,,42537.3,42537.3,39223.3029,195671.58,195671.58
600193.SH,20241106,4.18,20.1539,21.8567,1.59,,,6.4117,13.6449,23.0874,0.0,,42537.3,42537.3,39223.3029,177805.914,177805.914
600193.SH,20241105,3.8,17.7864,19.2892,1.6,,,5.8288,12.4045,20.9886,0.0,,42537.3,42537.3,39223.3029,161641.74,161641.74
600193.SH,20241104,3.45,20.7432,22.4958,2.39,,,5.292,11.2619,19.0554,0.0,,42537.3,42537.3,39223.3029,146753.685,146753.685
600193.SH,20241101,3.52,11.2152,12.1627,1.37,,,5.3993,11.4904,19.4421,0.0,,42537.3,42537.3,39223.3029,149731.296,149731.296
600193.SH,20241031,3.2,6.3889,6.9287,0.72,,,4.9085,10.4459,17.6746,0.0,,42537.3,42537.3,39223.3029,136119.36,136119.36
600193.SH,20241030,3.2,7.3693,7.9919,0.68,,,4.6933,10.4459,14.8521,0.0,,42537.3,42537.3,39223.3029,136119.36,136119.36
600193.SH,20241029,3.23,9.7831,10.6097,0.92,,,4.7373,10.5438,14.9913,0.0,,42537.3,42537.3,39223.3029,137395.479,137395.479
600193.SH,20241028,3.22,8.6935,9.4281,0.89,,,4.7226,10.5111,14.9449,0.0,,42537.3,42537.3,39223.3029,136970.106,136970.106
600193.SH,20241025,3.08,8.6716,9.4043,0.96,,,4.5173,10.0541,14.2951,0.0,,42537.3,42537.3,39223.3029,131014.884,131014.884
600193.SH,20241024,3.0,10.1146,10.9691,1.27,,,4.4,9.793,13.9238,0.0,,42537.3,42537.3,39223.3029,127611.9,127611.9
600193.SH,20241023,2.94,16.9776,18.412,3.02,,,4.312,9.5971,13.6453,0.0,,42537.3,42537.3,39223.3029,125059.662,125059.662
600193.SH,20241022,2.94,8.4836,9.2004,1.39,,,4.312,9.5971,13.6453,0.0,,42537.3,42537.3,39223.3029,125059.662,125059.662
600193.SH,20241021,2.67,4.8407,5.2497,0.76,,,3.916,8.7158,12.3922,0.0,,42537.3,42537.3,39223.3029,113574.591,113574.591
600193.SH,20241018,2.69,4.8923,5.3056,0.76,,,3.9453,8.781,12.485,0.0,,42537.3,42537.3,39223.3029,114425.337,114425.337
600193.SH,20241017,2.69,4.6088,4.9982,0.68,,,3.9453,8.781,12.485,0.0,,42537.3,42537.3,39223.3029,114425.337,114425.337
600193.SH,20241016,2.71,5.2766,5.7224,0.73,,,3.9746,8.8463,12.5778,0.0,,42537.3,42537.3,39223.3029,115276.083,115276.083
600193.SH,20241015,2.77,10.9104,11.8322,1.37,,,4.0626,9.0422,12.8563,0.0,,42537.3,42537.3,39223.3029,117828.321,117828.321
600193.SH,20241014,2.76,6.062,6.5742,0.64,,,4.048,9.0096,12.8099,0.0,,42537.3,42537.3,39223.3029,117402.948,117402.948
600193.SH,20241011,2.51,5.1967,5.6358,0.52,,,3.6813,8.1935,11.6496,0.0,,42537.3,42537.3,39223.3029,106768.623,106768.623
600193.SH,20241010,2.56,6.4783,7.0256,0.61,,,3.7546,8.3567,11.8816,0.0,,42537.3,42537.3,39223.3029,108895.488,108895.488
600193.SH,20241009,2.65,7.3718,7.9946,0.63,,,3.8866,8.6505,12.2994,0.0,,42537.3,42537.3,39223.3029,112723.845,112723.845
600193.SH,20241008,2.94,14.6961,15.9378,1.48,,,4.312,9.5971,13.6453,0.0,,42537.3,42537.3,39223.3029,125059.662,125059.662
600193.SH,20240930,2.9,13.4854,14.6248,1.55,,,4.2533,9.4666,13.4597,0.0,,42537.3,42537.3,39223.3029,123358.17,123358.17
600193.SH,20240927,2.7,7.9141,8.5827,0.83,,,3.96,8.8137,12.5314,0.0,,42537.3,42537.3,39223.3029,114850.71,114850.71
600193.SH,20240926,2.57,9.7051,10.5251,0.94,,,3.7693,8.3893,11.9281,0.0,,42537.3,42537.3,39223.3029,109320.861,109320.861
600193.SH,20240925,2.48,12.8366,13.9212,1.14,,,3.6373,8.0955,11.5103,0.0,,42537.3,42537.3,39223.3029,105492.504,105492.504
600193.SH,20240924,2.43,5.8345,6.3274,0.51,,,3.564,7.9323,11.2783,0.0,,42537.3,42537.3,39223.3029,103365.639,103365.639
600193.SH,20240923,2.21,7.1229,7.7247,0.48,,,3.2413,7.2142,10.2572,0.0,,42537.3,42537.3,39223.3029,94007.433,94007.433
600193.SH,20240920,2.25,12.324,13.3652,0.98,,,3.3,7.3447,10.4429,0.0,,42537.3,42537.3,39223.3029,95708.925,95708.925
600193.SH,20240919,2.19,13.6986,14.856,1.39,,,3.212,7.1489,10.1644,0.0,,42537.3,42537.3,39223.3029,93156.687,93156.687
600193.SH,20240918,2.08,17.3423,18.8075,2.65,,,3.0506,6.7898,9.6538,0.0,,42537.3,42537.3,39223.3029,88477.584,88477.584
600193.SH,20240913,2.26,7.042,7.637,1.35,,,3.3146,7.3774,10.4893,0.0,,42537.3,42537.3,39223.3029,96134.298,96134.298
600193.SH,20240912,2.51,23.5761,25.568,34.06,,,3.6813,8.1935,11.6496,0.0,,42537.3,42537.3,39223.3029,106768.623,106768.623
600193.SH,20240911,2.52,1.0556,1.1448,1.8,,,3.696,8.2261,11.696,0.0,,42537.3,42537.3,39223.3029,107193.996,107193.996
600193.SH,20240910,2.8,0.2666,0.2892,0.39,,,4.1066,9.1401,12.9956,0.0,,42537.3,42537.3,39223.3029,119104.44,119104.44
600193.SH,20240909,3.11,0.7639,0.8285,0.83,,,4.5613,10.1521,14.4343,0.0,,42537.3,42537.3,39223.3029,132291.003,132291.003
600193.SH,20240906,3.46,0.4465,0.4843,0.39,,,5.0746,11.2946,16.0588,0.0,,42537.3,42537.3,39223.3029,147179.058,147179.058
600193.SH,20240905,3.52,0.9279,1.0063,0.87,,,5.1626,11.4904,16.3373,0.0,,42537.3,42537.3,39223.3029,149731.296,149731.296
600193.SH,20240904,3.5,0.5234,0.5676,0.48,,,5.1333,11.4252,16.2444,0.0,,42537.3,42537.3,39223.3029,148880.55,148880.55
600193.SH,20240903,3.51,0.7403,0.8028,0.69,,,5.148,11.4578,16.2909,0.0,,42537.3,42537.3,39223.3029,149305.923,149305.923
600193.SH,20240902,3.48,1.9556,2.1208,2.41,,,5.104,11.3599,16.1516,0.0,,42537.3,42537.3,39223.3029,148029.804,148029.804
600193.SH,20240830,3.44,1.5299,1.6592,2.09,,,4.8891,11.2293,13.0472,0.0,,42537.3,42537.3,39223.3029,146328.312,146328.312
600193.SH,20240829,3.45,0.5796,0.6286,0.86,,,4.9033,11.2619,13.0852,0.0,,42537.3,42537.3,39223.3029,146753.685,146753.685
600193.SH,20240828,3.39,0.6712,0.728,1.1,,,4.8181,11.0661,12.8576,0.0,,42537.3,42537.3,39223.3029,144201.447,144201.447
600193.SH,20240827,3.37,0.5982,0.6488,0.98,,,4.7896,11.0008,12.7818,0.0,,42537.3,42537.3,39223.3029,143350.701,143350.701
600193.SH,20240826,3.43,0.676,0.7332,1.29,,,4.8749,11.1967,13.0093,0.0,,42537.3,42537.3,39223.3029,145902.939,145902.939
600193.SH,20240823,3.37,1.14,1.2363,3.07,,,4.7896,11.0008,12.7818,0.0,,42537.3,42537.3,39223.3029,143350.701,143350.701
600193.SH,20240822,3.28,0.2941,0.3189,0.7,,,4.6617,10.707,12.4404,0.0,,42537.3,42537.3,39223.3029,139522.344,139522.344
600193.SH,20240821,3.31,0.3442,0.3733,0.79,,,4.7044,10.8049,12.5542,0.0,,42537.3,42537.3,39223.3029,140798.463,140798.463
600193.SH,20240820,3.28,0.6036,0.6545,1.58,,,4.6617,10.707,12.4404,0.0,,42537.3,42537.3,39223.3029,139522.344,139522.344
600193.SH,20240819,3.34,0.2485,0.2695,0.62,,,4.747,10.9029,12.668,0.0,,42537.3,42537.3,39223.3029,142074.582,142074.582
600193.SH,20240816,3.39,0.3656,0.3965,0.77,,,4.8181,11.0661,12.8576,0.0,,42537.3,42537.3,39223.3029,144201.447,144201.447
600193.SH,20240815,3.39,0.543,0.5889,1.25,,,4.8181,11.0661,12.8576,0.0,,42537.3,42537.3,39223.3029,144201.447,144201.447
600193.SH,20240814,3.41,0.421,0.4566,1.0,,,4.8465,11.1314,12.9335,0.0,,42537.3,42537.3,39223.3029,145052.193,145052.193
600193.SH,20240813,3.44,0.337,0.3654,0.71,,,4.8891,11.2293,13.0472,0.0,,42537.3,42537.3,39223.3029,146328.312,146328.312
600193.SH,20240812,3.42,0.3366,0.365,0.61,,,4.8607,11.164,12.9714,0.0,,42537.3,42537.3,39223.3029,145477.566,145477.566
600193.SH,20240809,3.46,0.7292,0.7908,1.45,,,4.9175,11.2946,13.1231,0.0,,42537.3,42537.3,39223.3029,147179.058,147179.058
600193.SH,20240808,3.4,0.346,0.3752,0.58,,,4.8323,11.0987,12.8955,0.0,,42537.3,42537.3,39223.3029,144626.82,144626.82
600193.SH,20240807,3.39,0.349,0.3784,0.54,,,4.8181,11.0661,12.8576,0.0,,42537.3,42537.3,39223.3029,144201.447,144201.447
600193.SH,20240806,3.41,0.6123,0.6641,1.04,,,4.8465,11.1314,12.9335,0.0,,42537.3,42537.3,39223.3029,145052.193,145052.193
600193.SH,20240805,3.36,0.7114,0.7715,1.38,,,4.7754,10.9682,12.7438,0.0,,42537.3,42537.3,39223.3029,142925.328,142925.328
600193.SH,20240802,3.41,0.5042,0.5468,1.08,,,4.8465,11.1314,12.9335,0.0,,42537.3,42537.3,39223.3029,145052.193,145052.193
600193.SH,20240801,3.49,0.7845,0.8508,2.11,,,4.9602,11.3925,13.2369,0.0,,42537.3,42537.3,39223.3029,148455.177,148455.177
600193.SH,20240731,3.41,0.6198,0.6722,1.77,,,4.8465,11.1314,12.9335,0.0,,42537.3,42537.3,39223.3029,145052.193,145052.193
600193.SH,20240730,3.31,0.3244,0.3519,0.87,,,4.7044,10.8049,12.5542,0.0,,42537.3,42537.3,39223.3029,140798.463,140798.463
600193.SH,20240729,3.3,0.3462,0.3754,0.91,,,4.6901,10.7723,12.5163,0.0,,42537.3,42537.3,39223.3029,140373.09,140373.09
600193.SH,20240726,3.33,0.2612,0.2832,0.66,,,4.7328,10.8702,12.63,0.0,,42537.3,42537.3,39223.3029,141649.209,141649.209
600193.SH,20240725,3.29,0.3076,0.3336,0.7,,,4.6759,10.7396,12.4783,0.0,,42537.3,42537.3,39223.3029,139947.717,139947.717
600193.SH,20240724,3.28,0.5067,0.5496,1.17,,,4.6617,10.707,12.4404,0.0,,42537.3,42537.3,39223.3029,139522.344,139522.344
600193.SH,20240723,3.36,0.446,0.4837,0.96,,,4.7754,10.9682,12.7438,0.0,,42537.3,42537.3,39223.3029,142925.328,142925.328
600193.SH,20240722,3.38,0.3853,0.4179,0.77,,,4.8038,11.0334,12.8197,0.0,,42537.3,42537.3,39223.3029,143776.074,143776.074
600193.SH,20240719,3.35,0.3326,0.3607,0.53,,,4.7612,10.9355,12.7059,0.0,,42537.3,42537.3,39223.3029,142499.955,142499.955
600193.SH,20240718,3.36,0.5278,0.5724,0.69,,,4.7754,10.9682,12.7438,0.0,,42537.3,42537.3,39223.3029,142925.328,142925.328
600193.SH,20240717,3.37,0.4714,0.5112,0.44,,,4.7896,11.0008,12.7818,0.0,,42537.3,42537.3,39223.3029,143350.701,143350.701
600193.SH,20240716,3.45,0.6064,0.6576,0.36,,,4.9033,11.2619,13.0852,0.0,,42537.3,42537.3,39223.3029,146753.685,146753.685
600193.SH,20240715,3.39,0.5629,0.6104,0.22,,,4.8181,11.0661,12.8576,0.0,,42537.3,42537.3,39223.3029,144201.447,144201.447
600193.SH,20240712,3.45,0.9404,1.0199,0.36,,,4.9033,11.2619,13.0852,0.0,,42537.3,42537.3,39223.3029,146753.685,146753.685
600193.SH,20240711,3.47,1.2221,1.3254,0.45,,,4.9318,11.3272,13.161,0.0,,42537.3,42537.3,39223.3029,147604.431,147604.431
600193.SH,20240710,3.37,2.0705,2.2454,0.76,,,4.7896,11.0008,12.7818,0.0,,42537.3,42537.3,39223.3029,143350.701,143350.701
600193.SH,20240709,3.55,3.6271,3.9335,1.29,,,5.0455,11.5884,13.4645,0.0,,42537.3,42537.3,39223.3029,151007.415,151007.415
600193.SH,20240708,3.77,5.1417,5.5762,2.01,,,5.3581,12.3065,14.2989,0.0,,42537.3,42537.3,39223.3029,160365.621,160365.621
600193.SH,20240705,3.49,0.9358,1.0149,0.37,,,4.9602,11.3925,13.2369,0.0,,42537.3,42537.3,39223.3029,148455.177,148455.177
600193.SH,20240704,3.42,1.7143,1.8591,0.74,,,4.8607,11.164,12.9714,0.0,,42537.3,42537.3,39223.3029,145477.566,145477.566
600193.SH,20240703,3.62,2.136,2.3165,1.03,,,5.1449,11.8169,13.73,0.0,,42537.3,42537.3,39223.3029,153985.026,153985.026
600193.SH,20240702,3.74,4.1539,4.5048,3.06,,,5.3155,12.2086,14.1851,0.0,,42537.3,42537.3,39223.3029,159089.502,159089.502
600193.SH,20240701,3.85,3.83,4.1536,5.47,,,5.4718,12.5677,14.6023,0.0,,42537.3,42537.3,39223.3029,163768.605,163768.605
600193.SH,20240628,3.5,0.7179,0.7785,1.09,,,4.9744,11.4252,13.2748,0.0,,42537.3,42537.3,39223.3029,148880.55,148880.55
600193.SH,20240627,3.45,0.7537,0.8174,1.21,,,4.9033,11.2619,13.0852,0.0,,42537.3,42537.3,39223.3029,146753.685,146753.685
600193.SH,20240626,3.45,0.9513,1.0317,1.68,,,4.9033,11.2619,13.0852,0.0,,42537.3,42537.3,39223.3029,146753.685,146753.685
600193.SH,20240625,3.33,0.5407,0.5864,0.84,,,4.7328,10.8702,12.63,0.0,,42537.3,42537.3,39223.3029,141649.209,141649.209
600193.SH,20240624,3.33,0.537,0.5824,0.82,,,4.7328,10.8702,12.63,0.0,,42537.3,42537.3,39223.3029,141649.209,141649.209
600193.SH,20240621,3.43,0.4962,0.5381,0.75,,,4.8749,11.1967,13.0093,0.0,,42537.3,42537.3,39223.3029,145902.939,145902.939
600193.SH,20240620,3.42,0.5953,0.6456,0.91,,,4.8607,11.164,12.9714,0.0,,42537.3,42537.3,39223.3029,145477.566,145477.566
600193.SH,20240619,3.48,0.6619,0.7178,0.92,,,4.946,11.3599,13.199,0.0,,42537.3,42537.3,39223.3029,148029.804,148029.804
600193.SH,20240618,3.56,0.9353,1.0144,1.19,,,5.0597,11.621,13.5024,0.0,,42537.3,42537.3,39223.3029,151432.788,151432.788
600193.SH,20240617,3.43,0.5719,0.6202,0.6,,,4.8749,11.1967,13.0093,0.0,,42537.3,42537.3,39223.3029,145902.939,145902.939
600193.SH,20240614,3.54,0.5251,0.5694,0.46,,,5.0312,11.5557,13.4265,0.0,,42537.3,42537.3,39223.3029,150582.042,150582.042
600193.SH,20240613,3.53,0.5687,0.6168,0.46,,,5.017,11.5231,13.3886,0.0,,42537.3,42537.3,39223.3029,150156.669,150156.669
600193.SH,20240612,3.63,0.9832,1.0663,0.72,,,5.1592,11.8495,13.7679,0.0,,42537.3,42537.3,39223.3029,154410.399,154410.399
600193.SH,20240611,3.57,1.2801,1.3882,0.97,,,5.0739,11.6537,13.5403,0.0,,42537.3,42537.3,39223.3029,151858.161,151858.161
600193.SH,20240607,3.49,1.4088,1.5278,1.21,,,4.9602,11.3925,13.2369,0.0,,42537.3,42537.3,39223.3029,148455.177,148455.177
600193.SH,20240606,3.42,1.419,1.5389,1.3,,,4.8607,11.164,12.9714,0.0,,42537.3,42537.3,39223.3029,145477.566,145477.566
600193.SH,20240605,3.49,1.1504,1.2475,1.06,,,4.9602,11.3925,13.2369,0.0,,42537.3,42537.3,39223.3029,148455.177,148455.177
600193.SH,20240604,3.62,1.5367,1.6666,1.66,,,5.1449,11.8169,13.73,0.0,,42537.3,42537.3,39223.3029,153985.026,153985.026
600193.SH,20240603,3.88,1.0986,1.1914,1.23,,,5.5145,12.6656,14.7161,0.0,,42537.3,42537.3,39223.3029,165044.724,165044.724
600193.SH,20240531,3.97,0.6287,0.6818,0.63,,,5.6424,12.9594,15.0574,0.0,,42537.3,42537.3,39223.3029,168873.081,168873.081
600193.SH,20240530,3.99,1.0319,1.1191,0.92,,,5.6708,13.0247,15.1333,0.0,,42537.3,42537.3,39223.3029,169723.827,169723.827
600193.SH,20240529,4.04,1.132,1.2276,0.95,,,5.7419,13.1879,15.3229,0.0,,42537.3,42537.3,39223.3029,171850.692,171850.692
600193.SH,20240528,3.97,0.7393,0.8018,0.5,,,5.6424,12.9594,15.0574,0.0,,42537.3,42537.3,39223.3029,168873.081,168873.081
600193.SH,20240527,4.01,0.9425,1.0221,0.47,,,5.6992,13.09,15.2091,0.0,,42537.3,42537.3,39223.3029,170574.573,170574.573
600193.SH,20240524,4.05,1.167,1.2656,0.43,,,5.7561,13.2205,15.3609,0.0,,42537.3,42537.3,39223.3029,172276.065,172276.065
600193.SH,20240523,4.11,1.6333,1.7713,0.46,,,5.8414,13.4164,15.5884,0.0,,42537.3,42537.3,39223.3029,174828.303,174828.303
600193.SH,20240522,4.11,1.4651,1.5889,0.37,,,5.8414,13.4164,15.5884,0.0,,42537.3,42537.3,39223.3029,174828.303,174828.303
600193.SH,20240521,4.09,2.183,2.3674,0.58,,,5.8129,13.3511,15.5126,0.0,,42537.3,42537.3,39223.3029,173977.557,173977.557
600193.SH,20240520,4.23,3.4973,3.7928,1.09,,,6.0119,13.8081,16.0436,0.0,,42537.3,42537.3,39223.3029,179932.779,179932.779
600193.SH,20240517,4.41,4.8559,5.2662,1.99,,,6.2677,14.3957,16.7263,0.0,,42537.3,42537.3,39223.3029,187589.493,187589.493
600193.SH,20240516,4.18,5.7076,6.1898,3.96,,,5.9408,13.6449,15.8539,0.0,,42537.3,42537.3,39223.3029,177805.914,177805.914
600193.SH,20240515,4.18,3.3371,3.619,3.44,,,5.9408,13.6449,15.8539,0.0,,42537.3,42537.3,39223.3029,177805.914,177805.914
600193.SH,20240514,3.8,1.3106,1.4213,1.28,,,5.4008,12.4045,14.4127,0.0,,42537.3,42537.3,39223.3029,161641.74,161641.74
600193.SH,20240513,3.65,0.902,0.9782,0.66,,,5.1876,11.9148,13.8437,0.0,,42537.3,42537.3,39223.3029,155261.145,155261.145
600193.SH,20240510,3.72,0.9369,1.0161,0.59,,,5.2871,12.1433,14.1092,0.0,,42537.3,42537.3,39223.3029,158238.756,158238.756
600193.SH,20240509,3.72,0.7216,0.7826,0.4,,,5.2871,12.1433,14.1092,0.0,,42537.3,42537.3,39223.3029,158238.756,158238.756
600193.SH,20240508,3.68,0.9738,1.0561,0.51,,,5.2302,12.0127,13.9575,0.0,,42537.3,42537.3,39223.3029,156537.264,156537.264
600193.SH,20240507,3.73,1.5855,1.7194,0.77,,,5.3013,12.176,14.1472,0.0,,42537.3,42537.3,39223.3029,158664.129,158664.129
600193.SH,20240506,3.79,2.661,2.8858,1.52,,,5.3866,12.3718,14.3747,0.0,,42537.3,42537.3,39223.3029,161216.367,161216.367
600193.SH,20240430,3.6,1.9498,2.1146,1.24,,,5.1165,11.7516,13.6541,0.0,,42537.3,42537.3,39223.3029,153134.28,153134.28
600193.SH,20240429,3.49,1.7854,1.9363,1.23,238.4917,,4.7843,5.6307,7.0512,0.0,,42537.3,42537.3,39223.3029,148455.177,148455.177
600193.SH,20240426,3.39,1.5822,1.7158,1.18,231.6581,,4.6472,5.4693,6.8492,0.0,,42537.3,42537.3,39223.3029,144201.447,144201.447
600193.SH,20240425,3.41,2.3344,2.5316,1.92,233.0249,,4.6746,5.5016,6.8896,0.0,,42537.3,42537.3,39223.3029,145052.193,145052.193
600193.SH,20240424,3.55,1.1289,1.2243,0.76,242.5919,,4.8665,5.7275,7.1724,0.0,,42537.3,42537.3,39223.3029,151007.415,151007.415
600193.SH,20240423,3.48,1.0283,1.1152,0.62,237.8084,,4.7706,5.6145,7.031,0.0,,42537.3,42537.3,39223.3029,148029.804,148029.804
600193.SH,20240422,3.37,1.1804,1.2801,0.58,230.2914,,4.6198,5.4371,6.8087,0.0,,42537.3,42537.3,39223.3029,143350.701,143350.701
600193.SH,20240419,3.52,1.0509,1.1397,0.42,240.5418,,4.8254,5.6791,7.1118,0.0,,42537.3,42537.3,39223.3029,149731.296,149731.296
600193.SH,20240418,3.53,1.6957,1.839,0.48,241.2251,,4.8391,5.6952,7.132,0.0,,42537.3,42537.3,39223.3029,150156.669,150156.669
600193.SH,20240417,3.5,2.5161,2.7287,0.74,239.1751,,4.798,5.6468,7.0714,0.0,,42537.3,42537.3,39223.3029,148880.55,148880.55
600193.SH,20240416,3.31,1.7979,1.9498,0.34,226.1913,,4.5375,5.3403,6.6875,0.0,,42537.3,42537.3,39223.3029,140798.463,140798.463
600193.SH,20240415,3.68,3.2026,3.4732,0.62,251.4755,,5.0448,5.9372,7.4351,0.0,,42537.3,42537.3,39223.3029,156537.264,156537.264
600193.SH,20240412,4.09,3.4242,3.7135,0.71,279.4932,,5.6068,6.5987,8.2634,0.0,,42537.3,42537.3,39223.3029,173977.557,173977.557
600193.SH,20240411,4.28,6.8497,7.4285,1.87,292.4769,,5.8673,6.9052,8.6473,0.0,,42537.3,42537.3,39223.3029,182059.644,182059.644
600193.SH,20240410,4.76,1.6653,1.806,0.48,325.2781,,6.5253,7.6797,9.6171,0.0,,42537.3,42537.3,39223.3029,202477.548,202477.548
600193.SH,20240409,5.29,11.385,12.3469,8.85,361.496,,7.2518,8.5347,10.6879,0.0,,42537.3,42537.3,39223.3029,225022.317,225022.317
600193.SH,20240408,5.03,2.3582,2.5575,2.42,343.7288,,6.8954,8.1153,10.1626,0.0,,42537.3,42537.3,39223.3029,213962.619,213962.619
600193.SH,20240403,4.57,1.9095,2.0708,2.76,312.2943,,6.2648,7.3731,9.2332,0.0,,42537.3,42537.3,39223.3029,194395.461,194395.461
600193.SH,20240402,4.42,1.0061,1.0911,1.5,302.044,,6.0592,7.1311,8.9302,0.0,,42537.3,42537.3,39223.3029,188014.866,188014.866
600193.SH,20240401,4.32,0.5489,0.5953,0.74,295.2104,,5.9221,6.9698,8.7281,0.0,,42537.3,42537.3,39223.3029,183761.136,183761.136
600193.SH,20240329,4.27,0.6125,0.6642,0.8,291.7936,,5.8536,6.8891,8.6271,0.0,,42537.3,42537.3,39223.3029,181634.271,181634.271
600193.SH,20240328,4.21,0.7955,0.8628,1.02,287.6934,,5.7713,6.7923,8.5059,0.0,,42537.3,42537.3,39223.3029,179082.033,179082.033
600193.SH,20240327,4.25,0.4998,0.542,0.56,290.4269,,5.8261,6.8568,8.5867,0.0,,42537.3,42537.3,39223.3029,180783.525,180783.525
600193.SH,20240326,4.32,0.89,0.9652,0.98,295.2104,,5.9221,6.9698,8.7281,0.0,,42537.3,42537.3,39223.3029,183761.136,183761.136
600193.SH,20240325,4.29,0.906,0.9825,0.84,293.1603,,5.881,6.9214,8.6675,0.0,,42537.3,42537.3,39223.3029,182485.017,182485.017
600193.SH,20240322,4.42,0.7491,0.8124,0.7,302.044,,6.0592,7.1311,8.9302,0.0,,42537.3,42537.3,39223.3029,188014.866,188014.866
600193.SH,20240321,4.49,0.864,0.937,0.83,306.8275,,6.1552,7.244,9.0716,0.0,,42537.3,42537.3,39223.3029,190992.477,190992.477
600193.SH,20240320,4.48,1.0381,1.1259,0.98,306.1441,,6.1414,7.2279,9.0514,0.0,,42537.3,42537.3,39223.3029,190567.104,190567.104
600193.SH,20240319,4.3,0.9647,1.0462,0.77,293.8437,,5.8947,6.9375,8.6877,0.0,,42537.3,42537.3,39223.3029,182910.39,182910.39
600193.SH,20240318,4.37,1.7692,1.9187,1.52,298.6272,,5.9906,7.0504,8.8291,0.0,,42537.3,42537.3,39223.3029,185888.001,185888.001
600193.SH,20240315,4.13,0.7091,0.769,0.51,282.2266,,5.6616,6.6632,8.3442,0.0,,42537.3,42537.3,39223.3029,175679.049,175679.049
600193.SH,20240314,4.06,0.7092,0.7692,0.47,277.4431,,5.5657,6.5503,8.2028,0.0,,42537.3,42537.3,39223.3029,172701.438,172701.438
600193.SH,20240313,4.09,1.156,1.2536,0.8,279.4932,,5.6068,6.5987,8.2634,0.0,,42537.3,42537.3,39223.3029,173977.557,173977.557
600193.SH,20240312,4.09,1.8835,2.0426,1.42,279.4932,,5.6068,6.5987,8.2634,0.0,,42537.3,42537.3,39223.3029,173977.557,173977.557
600193.SH,20240311,3.91,1.3433,1.4568,1.05,267.1927,,5.3601,6.3083,7.8998,0.0,,42537.3,42537.3,39223.3029,166320.843,166320.843
600193.SH,20240308,3.95,1.7951,1.9468,1.6,269.9262,,5.4149,6.3728,7.9806,0.0,,42537.3,42537.3,39223.3029,168022.335,168022.335
600193.SH,20240307,3.77,1.3474,1.4613,1.15,257.6257,,5.1681,6.0824,7.6169,0.0,,42537.3,42537.3,39223.3029,160365.621,160365.621
600193.SH,20240306,3.68,0.8955,0.9712,0.59,251.4755,,5.0448,5.9372,7.4351,0.0,,42537.3,42537.3,39223.3029,156537.264,156537.264
600193.SH,20240305,3.67,1.2441,1.3492,0.78,250.7922,,5.031,5.9211,7.4149,0.0,,42537.3,42537.3,39223.3029,156111.891,156111.891
600193.SH,20240304,3.79,1.1392,1.2355,0.6,258.9924,,5.1956,6.1147,7.6573,0.0,,42537.3,42537.3,39223.3029,161216.367,161216.367
600193.SH,20240301,3.72,1.0003,1.0849,0.49,254.2089,,5.0996,6.0017,7.5159,0.0,,42537.3,42537.3,39223.3029,158238.756,158238.756
600193.SH,20240229,3.73,1.557,1.6886,0.75,254.8923,,5.1133,6.0179,7.5361,0.0,,42537.3,42537.3,39223.3029,158664.129,158664.129
600193.SH,20240228,3.59,2.5996,2.8193,1.36,245.3253,,4.9214,5.792,7.2532,0.0,,42537.3,42537.3,39223.3029,152708.907,152708.907
600193.SH,20240227,3.86,1.688,1.8306,0.89,263.7759,,5.2915,6.2276,7.7987,0.0,,42537.3,42537.3,39223.3029,164193.978,164193.978
600193.SH,20240226,3.77,2.6099,2.8304,1.32,257.6257,,5.1681,6.0824,7.6169,0.0,,42537.3,42537.3,39223.3029,160365.621,160365.621
600193.SH,20240223,3.8,1.717,1.8621,0.65,259.6758,,5.2093,6.1308,7.6775,0.0,,42537.3,42537.3,39223.3029,161641.74,161641.74
600193.SH,20240222,3.45,1.7261,1.8719,0.6,235.7583,,4.7295,5.5661,6.9704,0.0,,42537.3,42537.3,39223.3029,146753.685,146753.685
600193.SH,20240221,3.27,1.8452,2.0011,0.6,223.4579,,4.4827,5.2757,6.6067,0.0,,42537.3,42537.3,39223.3029,139096.971,139096.971
600193.SH,20240220,3.15,1.537,1.6669,0.5,215.2576,,4.3182,5.0821,6.3643,0.0,,42537.3,42537.3,39223.3029,133992.495,133992.495
600193.SH,20240219,3.05,3.0882,3.3491,1.06,208.424,,4.1811,4.9208,6.1622,0.0,,42537.3,42537.3,39223.3029,129738.765,129738.765
600193.SH,20240208,2.93,4.967,5.3867,2.18,200.2237,,4.0166,4.7272,5.9198,0.0,,42537.3,42537.3,39223.3029,124634.289,124634.289
600193.SH,20240207,2.74,2.8309,3.07,1.32,187.2399,,3.7562,4.4206,5.5359,0.0,,42537.3,42537.3,39223.3029,116552.202,116552.202
600193.SH,20240206,3.04,2.8434,3.0836,1.59,207.7406,,4.1674,4.9047,6.142,0.0,,42537.3,42537.3,39223.3029,129313.392,129313.392
600193.SH,20240205,3.38,1.7239,1.8696,1.04,230.9748,,4.6335,5.4532,6.8289,0.0,,42537.3,42537.3,39223.3029,143776.074,143776.074
600193.SH,20240202,3.75,2.2096,2.3963,1.57,256.259,,5.1407,6.0501,7.5765,0.0,,42537.3,42537.3,39223.3029,159514.875,159514.875
600193.SH,20240201,3.94,1.7633,1.9122,1.4,269.2428,,5.4012,6.3567,7.9604,0.0,,42537.3,42537.3,39223.3029,167596.962,167596.962
600193.SH,20240131,4.01,2.2055,2.3918,2.06,274.0263,,5.4971,6.4696,8.1018,0.0,,42537.3,42537.3,39223.3029,170574.573,170574.573
600193.SH,20240130,4.33,1.0272,1.114,0.9,295.8937,,5.9358,6.9859,8.7483,0.0,,42537.3,42537.3,39223.3029,184186.509,184186.509
600193.SH,20240129,4.55,1.1009,1.1939,0.96,310.9276,,6.2374,7.3408,9.1928,0.0,,42537.3,42537.3,39223.3029,193544.715,193544.715
600193.SH,20240126,4.79,0.9573,1.0382,0.83,327.3282,,6.5664,7.7281,9.6777,0.0,,42537.3,42537.3,39223.3029,203753.667,203753.667
600193.SH,20240125,4.75,1.0227,1.1091,0.82,324.5947,,6.5116,7.6635,9.5969,0.0,,42537.3,42537.3,39223.3029,202052.175,202052.175
600193.SH,20240124,4.48,1.2496,1.3552,1.06,306.1441,,6.1414,7.2279,9.0514,0.0,,42537.3,42537.3,39223.3029,190567.104,190567.104
600193.SH,20240123,4.34,1.362,1.4771,1.27,296.5771,,5.9495,7.002,8.7685,0.0,,42537.3,42537.3,39223.3029,184611.882,184611.882
600193.SH,20240122,4.41,1.1532,1.2506,1.2,301.3606,,6.0455,7.115,8.91,0.0,,42537.3,42537.3,39223.3029,187589.493,187589.493
600193.SH,20240119,4.72,0.9773,1.0598,1.08,322.5447,,6.4704,7.6151,9.5363,0.0,,42537.3,42537.3,39223.3029,200776.056,200776.056
600193.SH,20240118,4.83,1.5071,1.6344,1.96,330.0616,,6.6212,7.7926,9.7585,0.0,,42537.3,42537.3,39223.3029,205455.159,205455.159
600193.SH,20240117,5.02,0.9179,0.9955,1.27,343.0454,,6.8817,8.0991,10.1424,0.0,,42537.3,42537.3,39223.3029,213537.246,213537.246
600193.SH,20240116,5.17,0.7938,0.8609,1.08,353.2958,,7.0873,8.3411,10.4455,0.0,,42537.3,42537.3,39223.3029,219917.841,219917.841
600193.SH,20240115,5.22,0.6133,0.6651,0.77,356.7125,,7.1559,8.4218,10.5465,0.0,,42537.3,42537.3,39223.3029,222044.706,222044.706
600193.SH,20240112,5.24,0.7036,0.763,0.7,358.0793,,7.1833,8.4541,10.5869,0.0,,42537.3,42537.3,39223.3029,222895.452,222895.452
600193.SH,20240111,5.24,0.8105,0.879,0.7,358.0793,,7.1833,8.4541,10.5869,0.0,,42537.3,42537.3,39223.3029,222895.452,222895.452
600193.SH,20240110,5.2,0.6807,0.7383,0.58,355.3458,,7.1285,8.3895,10.5061,0.0,,42537.3,42537.3,39223.3029,221193.96,221193.96
600193.SH,20240109,5.25,0.8758,0.9498,0.73,358.7626,,7.197,8.4702,10.6071,0.0,,42537.3,42537.3,39223.3029,223320.825,223320.825
600193.SH,20240108,5.15,0.8998,0.9758,0.75,351.929,,7.0599,8.3089,10.4051,0.0,,42537.3,42537.3,39223.3029,219067.095,219067.095
600193.SH,20240105,5.27,1.7361,1.8828,1.8,360.1293,,7.2244,8.5025,10.6475,0.0,,42537.3,42537.3,39223.3029,224171.571,224171.571
600193.SH,20240104,5.27,1.6272,1.7646,2.2,360.1293,,7.2244,8.5025,10.6475,0.0,,42537.3,42537.3,39223.3029,224171.571,224171.571
600193.SH,20240103,5.29,0.7522,0.8158,1.08,361.496,,7.2518,8.5347,10.6879,0.0,,42537.3,42537.3,39223.3029,225022.317,225022.317
600193.SH,20240102,5.28,0.99,1.0736,1.58,360.8127,,7.2381,8.5186,10.6677,0.0,,42537.3,42537.3,39223.3029,224596.944,224596.944
600193.SH,20231229,5.17,0.8538,0.926,1.41,353.2958,,7.0873,8.3411,10.4455,0.0,,42537.3,42537.3,39223.3029,219917.841,219917.841
600193.SH,20231228,5.08,0.594,0.6442,0.95,347.1455,,6.964,8.1959,10.2636,0.0,,42537.3,42537.3,39223.3029,216089.484,216089.484
600193.SH,20231227,5.0,0.5006,0.5429,0.77,341.6787,,6.8543,8.0669,10.102,0.0,,42537.3,42537.3,39223.3029,212686.5,212686.5
600193.SH,20231226,4.96,0.535,0.5802,0.76,338.9452,,6.7995,8.0023,10.0212,0.0,,42537.3,42537.3,39223.3029,210985.008,210985.008
600193.SH,20231225,4.97,0.6589,0.7145,0.94,339.6286,,6.8132,8.0185,10.0414,0.0,,42537.3,42537.3,39223.3029,211410.381,211410.381
600193.SH,20231222,5.04,0.7336,0.7955,1.09,344.4121,,6.9091,8.1314,10.1828,0.0,,42537.3,42537.3,39223.3029,214387.992,214387.992
600193.SH,20231221,5.14,0.6822,0.7398,1.05,351.2457,,7.0462,8.2927,10.3848,0.0,,42537.3,42537.3,39223.3029,218641.722,218641.722
600193.SH,20231220,5.08,0.6387,0.6927,0.92,347.1455,,6.964,8.1959,10.2636,0.0,,42537.3,42537.3,39223.3029,216089.484,216089.484
600193.SH,20231219,5.09,0.8224,0.8919,1.14,347.8289,,6.9777,8.2121,10.2838,0.0,,42537.3,42537.3,39223.3029,216514.857,216514.857
600193.SH,20231218,5.14,0.6177,0.6699,0.75,351.2457,,7.0462,8.2927,10.3848,0.0,,42537.3,42537.3,39223.3029,218641.722,218641.722
600193.SH,20231215,5.19,0.6037,0.6547,0.65,354.6625,,7.1148,8.3734,10.4859,0.0,,42537.3,42537.3,39223.3029,220768.587,220768.587
600193.SH,20231214,5.2,0.578,0.6268,0.62,355.3458,,7.1285,8.3895,10.5061,0.0,,42537.3,42537.3,39223.3029,221193.96,221193.96
600193.SH,20231213,5.15,0.859,0.9315,0.95,351.929,,7.0599,8.3089,10.4051,0.0,,42537.3,42537.3,39223.3029,219067.095,219067.095
600193.SH,20231212,5.13,0.9561,1.0369,1.19,350.5623,,7.0325,8.2766,10.3646,0.0,,42537.3,42537.3,39223.3029,218216.349,218216.349
600193.SH,20231211,5.05,1.105,1.1984,1.59,345.0955,,6.9228,8.1475,10.203,0.0,,42537.3,42537.3,39223.3029,214813.365,214813.365
600193.SH,20231208,5.09,1.1152,1.2095,1.96,347.8289,,6.9777,8.2121,10.2838,0.0,,42537.3,42537.3,39223.3029,216514.857,216514.857
600193.SH,20231207,5.29,0.6478,0.7026,1.03,361.496,,7.2518,8.5347,10.6879,0.0,,42537.3,42537.3,39223.3029,225022.317,225022.317
600193.SH,20231206,5.29,0.6946,0.7533,1.12,361.496,,7.2518,8.5347,10.6879,0.0,,42537.3,42537.3,39223.3029,225022.317,225022.317
600193.SH,20231205,5.2,0.4529,0.4912,0.65,355.3458,,7.1285,8.3895,10.5061,0.0,,42537.3,42537.3,39223.3029,221193.96,221193.96
600193.SH,20231204,5.29,0.5723,0.6207,0.79,361.496,,7.2518,8.5347,10.6879,0.0,,42537.3,42537.3,39223.3029,225022.317,225022.317
600193.SH,20231201,5.25,0.483,0.5238,0.63,358.7626,,7.197,8.4702,10.6071,0.0,,42537.3,42537.3,39223.3029,223320.825,223320.825
600193.SH,20231130,5.23,0.9419,1.0214,1.31,357.3959,,7.1696,8.4379,10.5667,0.0,,42537.3,42537.3,39223.3029,222470.079,222470.079
600193.SH,20231129,5.28,0.6512,0.7062,0.81,360.8127,,7.2381,8.5186,10.6677,0.0,,42537.3,42537.3,39223.3029,224596.944,224596.944
600193.SH,20231128,5.25,0.8477,0.9193,1.09,358.7626,,7.197,8.4702,10.6071,0.0,,42537.3,42537.3,39223.3029,223320.825,223320.825
600193.SH,20231127,5.14,0.7085,0.7683,0.88,351.2457,,7.0462,8.2927,10.3848,0.0,,42537.3,42537.3,39223.3029,218641.722,218641.722
600193.SH,20231124,5.16,0.6924,0.7509,0.89,352.6124,,7.0736,8.325,10.4253,0.0,,42537.3,42537.3,39223.3029,219492.468,219492.468
600193.SH,20231123,5.22,0.6973,0.7563,0.94,356.7125,,7.1559,8.4218,10.5465,0.0,,42537.3,42537.3,39223.3029,222044.706,222044.706
600193.SH,20231122,5.23,1.0576,1.147,1.64,357.3959,,7.1696,8.4379,10.5667,0.0,,42537.3,42537.3,39223.3029,222470.079,222470.079
600193.SH,20231121,5.19,0.7195,0.7802,1.06,354.6625,,7.1148,8.3734,10.4859,0.0,,42537.3,42537.3,39223.3029,220768.587,220768.587
600193.SH,20231120,5.18,0.8805,0.9548,1.18,353.9791,,7.101,8.3573,10.4657,0.0,,42537.3,42537.3,39223.3029,220343.214,220343.214
600193.SH,20231117,5.16,0.5204,0.5644,0.66,352.6124,,7.0736,8.325,10.4253,0.0,,42537.3,42537.3,39223.3029,219492.468,219492.468
600193.SH,20231116,5.17,0.5255,0.5699,0.65,353.2958,,7.0873,8.3411,10.4455,0.0,,42537.3,42537.3,39223.3029,219917.841,219917.841
600193.SH,20231115,5.19,0.5851,0.6345,0.73,354.6625,,7.1148,8.3734,10.4859,0.0,,42537.3,42537.3,39223.3029,220768.587,220768.587
600193.SH,20231114,5.22,0.8851,0.9599,1.22,356.7125,,7.1559,8.4218,10.5465,0.0,,42537.3,42537.3,39223.3029,222044.706,222044.706
600193.SH,20231113,5.33,1.2042,1.306,1.97,364.2295,,7.3067,8.5993,10.7687,0.0,,42537.3,42537.3,39223.3029,226723.809,226723.809
600193.SH,20231110,5.18,0.7356,0.7977,1.26,353.9791,,7.101,8.3573,10.4657,0.0,,42537.3,42537.3,39223.3029,220343.214,220343.214
600193.SH,20231109,5.19,0.6222,0.6747,1.11,354.6625,,7.1148,8.3734,10.4859,0.0,,42537.3,42537.3,39223.3029,220768.587,220768.587
600193.SH,20231108,5.22,0.5788,0.6277,1.03,356.7125,,7.1559,8.4218,10.5465,0.0,,42537.3,42537.3,39223.3029,222044.706,222044.706
600193.SH,20231107,5.22,0.4854,0.5264,0.8,356.7125,,7.1559,8.4218,10.5465,0.0,,42537.3,42537.3,39223.3029,222044.706,222044.706
600193.SH,20231106,5.23,0.6416,0.6958,1.06,357.3959,,7.1696,8.4379,10.5667,0.0,,42537.3,42537.3,39223.3029,222470.079,222470.079
600193.SH,20231103,5.18,0.5948,0.6451,1.0,353.9791,,7.101,8.3573,10.4657,0.0,,42537.3,42537.3,39223.3029,220343.214,220343.214
600193.SH,20231102,5.17,0.504,0.5466,0.8,353.2958,,7.0873,8.3411,10.4455,0.0,,42537.3,42537.3,39223.3029,219917.841,219917.841
600193.SH,20231101,5.21,0.5724,0.6207,0.89,356.0292,,7.1422,8.4057,10.5263,0.0,,42537.3,42537.3,39223.3029,221619.333,221619.333
600193.SH,20231031,5.17,0.7252,0.7864,1.07,353.2958,,7.0873,8.3411,10.4455,0.0,,42537.3,42537.3,39223.3029,219917.841,219917.841
600193.SH,20231030,5.12,0.6243,0.6771,0.91,349.879,,7.0188,8.2605,10.3444,0.0,,42537.3,42537.3,39223.3029,217790.976,217790.976
600193.SH,20231027,5.15,0.5421,0.5879,0.83,351.929,,6.8388,8.3089,11.1054,0.0,,42537.3,42537.3,39223.3029,219067.095,219067.095
600193.SH,20231026,5.12,0.6705,0.7271,1.08,349.879,,6.799,8.2605,11.0407,0.0,,42537.3,42537.3,39223.3029,217790.976,217790.976
600193.SH,20231025,5.13,0.6641,0.7202,1.14,350.5623,,6.8123,8.2766,11.0623,0.0,,42537.3,42537.3,39223.3029,218216.349,218216.349
600193.SH,20231024,5.01,0.8735,0.9473,1.75,342.362,,6.6529,8.083,10.8035,0.0,,42537.3,42537.3,39223.3029,213111.873,213111.873
600193.SH,20231023,4.75,0.684,0.7418,1.43,324.5947,,6.3077,7.6635,10.2428,0.0,,42537.3,42537.3,39223.3029,202052.175,202052.175
600193.SH,20231020,4.88,0.3911,0.4242,0.72,333.4784,,6.4803,7.8733,10.5232,0.0,,42537.3,42537.3,39223.3029,207582.024,207582.024
600193.SH,20231019,4.92,0.4777,0.518,0.83,336.2118,,6.5334,7.9378,10.6094,0.0,,42537.3,42537.3,39223.3029,209283.516,209283.516
600193.SH,20231018,4.96,0.4884,0.5297,0.79,338.9452,,6.5865,8.0023,10.6957,0.0,,42537.3,42537.3,39223.3029,210985.008,210985.008
600193.SH,20231017,5.01,0.4528,0.4911,0.69,342.362,,6.6529,8.083,10.8035,0.0,,42537.3,42537.3,39223.3029,213111.873,213111.873
600193.SH,20231016,4.95,0.5791,0.6281,0.8,338.2619,,6.5732,7.9862,10.6741,0.0,,42537.3,42537.3,39223.3029,210559.635,210559.635
600193.SH,20231013,4.98,0.7104,0.7704,1.09,340.312,,6.6131,8.0346,10.7388,0.0,,42537.3,42537.3,39223.3029,211835.754,211835.754
600193.SH,20231012,5.06,0.6431,0.6974,1.08,345.7788,,6.7193,8.1637,10.9113,0.0,,42537.3,42537.3,39223.3029,215238.738,215238.738
600193.SH,20231011,5.05,0.7037,0.7631,1.31,345.0955,,6.706,8.1475,10.8898,0.0,,42537.3,42537.3,39223.3029,214813.365,214813.365
600193.SH,20231010,5.1,0.6329,0.6864,1.23,348.5123,,6.7724,8.2282,10.9976,0.0,,42537.3,42537.3,39223.3029,216940.23,216940.23
600193.SH,20231009,5.08,0.9487,1.0289,2.02,347.1455,,6.7459,8.1959,10.9544,0.0,,42537.3,42537.3,39223.3029,216089.484,216089.484
600193.SH,20230928,5.19,0.342,0.3709,0.69,354.6625,,6.8919,8.3734,11.1916,0.0,,42537.3,42537.3,39223.3029,220768.587,220768.587
600193.SH,20230927,5.14,0.3378,0.3663,0.67,351.2457,,6.8255,8.2927,11.0838,0.0,,42537.3,42537.3,39223.3029,218641.722,218641.722
600193.SH,20230926,5.09,0.4165,0.4517,0.81,347.8289,,6.7592,8.2121,10.976,0.0,,42537.3,42537.3,39223.3029,216514.857,216514.857
600193.SH,20230925,5.15,0.5371,0.5824,1.03,351.929,,6.8388,8.3089,11.1054,0.0,,42537.3,42537.3,39223.3029,219067.095,219067.095
600193.SH,20230922,5.22,0.714,0.7743,1.52,356.7125,,6.9318,8.4218,11.2563,0.0,,42537.3,42537.3,39223.3029,222044.706,222044.706
600193.SH,20230921,5.19,0.4598,0.4986,0.95,354.6625,,6.8919,8.3734,11.1916,0.0,,42537.3,42537.3,39223.3029,220768.587,220768.587
600193.SH,20230920,5.27,0.399,0.4327,0.82,360.1293,,6.9982,8.5025,11.3642,0.0,,42537.3,42537.3,39223.3029,224171.571,224171.571
600193.SH,20230919,5.31,0.4467,0.4844,0.92,362.8628,,7.0513,8.567,11.4504,0.0,,42537.3,42537.3,39223.3029,225873.063,225873.063
600193.SH,20230918,5.36,0.5959,0.6463,1.23,366.2795,,7.1177,8.6477,11.5582,0.0,,42537.3,42537.3,39223.3029,227999.928,227999.928
600193.SH,20230915,5.26,0.4453,0.4829,0.94,359.446,,6.9849,8.4863,11.3426,0.0,,42537.3,42537.3,39223.3029,223746.198,223746.198
600193.SH,20230914,5.24,0.5284,0.5731,1.13,358.0793,,6.9583,8.4541,11.2995,0.0,,42537.3,42537.3,39223.3029,222895.452,222895.452
600193.SH,20230913,5.28,0.4243,0.4602,0.9,360.8127,,7.0115,8.5186,11.3857,0.0,,42537.3,42537.3,39223.3029,224596.944,224596.944
600193.SH,20230912,5.3,0.4286,0.4648,0.87,362.1794,,7.038,8.5509,11.4289,0.0,,42537.3,42537.3,39223.3029,225447.69,225447.69
600193.SH,20230911,5.32,0.5929,0.643,1.11,363.5461,,7.0646,8.5831,11.472,0.0,,42537.3,42537.3,39223.3029,226298.436,226298.436
600193.SH,20230908,5.34,0.4042,0.4383,0.76,364.9128,,7.0911,8.6154,11.5151,0.0,,42537.3,42537.3,39223.3029,227149.182,227149.182
600193.SH,20230907,5.34,0.4869,0.528,0.89,364.9128,,7.0911,8.6154,11.5151,0.0,,42537.3,42537.3,39223.3029,227149.182,227149.182
600193.SH,20230906,5.37,0.4466,0.4844,0.81,366.9629,,7.131,8.6638,11.5798,0.0,,42537.3,42537.3,39223.3029,228425.301,228425.301
600193.SH,20230905,5.36,0.5418,0.5875,0.84,366.2795,,7.1177,8.6477,11.5582,0.0,,42537.3,42537.3,39223.3029,227999.928,227999.928
600193.SH,20230904,5.4,0.8024,0.8702,1.24,369.013,,7.1708,8.7122,11.6445,0.0,,42537.3,42537.3,39223.3029,229701.42,229701.42
600193.SH,20230901,5.26,0.3917,0.4248,0.58,359.446,,6.9849,8.4863,11.3426,0.0,,42537.3,42537.3,39223.3029,223746.198,223746.198
600193.SH,20230831,5.27,0.5632,0.6108,0.85,360.1293,,6.9982,8.5025,11.3642,0.0,,42537.3,42537.3,39223.3029,224171.571,224171.571
600193.SH,20230830,5.33,0.4465,0.4843,0.68,364.2295,,7.0779,8.5993,11.4935,0.0,,42537.3,42537.3,39223.3029,226723.809,226723.809
600193.SH,20230829,5.35,1.0041,1.4699,1.7,365.5962,,7.1044,8.6315,11.5367,0.0,,42537.3,42537.3,29056.8882,227574.555,227574.555
600193.SH,20230828,5.14,0.8173,1.1964,1.49,351.2457,,6.828,8.2927,9.7813,0.0,,42537.3,42537.3,29056.8882,218641.722,218641.722
600193.SH,20230825,5.04,0.5427,0.7945,1.0,344.4121,,6.6951,8.1314,9.591,0.0,,42537.3,42537.3,29056.8882,214387.992,214387.992
600193.SH,20230824,5.11,0.5166,0.7563,0.96,349.1956,,6.7881,8.2443,9.7242,0.0,,42537.3,42537.3,29056.8882,217365.603,217365.603
600193.SH,20230823,5.16,0.427,0.6251,0.79,352.6124,,6.8545,8.325,9.8194,0.0,,42537.3,42537.3,29056.8882,219492.468,219492.468
600193.SH,20230822,5.24,0.6484,0.9493,1.3,358.0793,,6.9608,8.4541,9.9716,0.0,,42537.3,42537.3,29056.8882,222895.452,222895.452
600193.SH,20230821,5.29,0.6048,0.8853,1.27,361.496,,7.0272,8.5347,10.0667,0.0,,42537.3,42537.3,29056.8882,225022.317,225022.317
600193.SH,20230818,5.25,0.5068,0.742,1.04,358.7626,,6.9741,8.4702,9.9906,0.0,,42537.3,42537.3,29056.8882,223320.825,223320.825
600193.SH,20230817,5.28,0.4896,0.7168,1.01,360.8127,,7.0139,8.5186,10.0477,0.0,,42537.3,42537.3,29056.8882,224596.944,224596.944
600193.SH,20230816,5.18,0.4602,0.6736,0.96,353.9791,,6.8811,8.3573,9.8574,0.0,,42537.3,42537.3,29056.8882,220343.214,220343.214
600193.SH,20230815,5.27,0.4374,0.6403,0.87,360.1293,,7.0007,8.5025,10.0287,0.0,,42537.3,42537.3,29056.8882,224171.571,224171.571
600193.SH,20230814,5.35,0.4788,0.7009,0.9,365.5962,,7.1069,8.6315,10.1809,0.0,,42537.3,42537.3,29056.8882,227574.555,227574.555
600193.SH,20230811,5.28,0.5708,0.8356,1.04,360.8127,,7.0139,8.5186,10.0477,0.0,,42537.3,42537.3,29056.8882,224596.944,224596.944
600193.SH,20230810,5.36,0.4836,0.708,0.82,366.2795,,7.1202,8.6477,10.2,0.0,,42537.3,42537.3,29056.8882,227999.928,227999.928
600193.SH,20230809,5.42,0.438,0.6412,0.63,370.3797,,7.1999,8.7445,10.3141,0.0,,42537.3,42537.3,29056.8882,230552.166,230552.166
600193.SH,20230808,5.47,0.5522,0.8084,0.71,373.7965,,7.2663,8.8251,10.4093,0.0,,42537.3,42537.3,29056.8882,232679.031,232679.031
600193.SH,20230807,5.48,0.6263,0.9168,0.79,374.4798,,7.2796,8.8413,10.4283,0.0,,42537.3,42537.3,29056.8882,233104.404,233104.404
600193.SH,20230804,5.51,0.6502,0.9519,0.85,376.5299,,7.3195,8.8897,10.4854,0.0,,42537.3,42537.3,29056.8882,234380.523,234380.523
600193.SH,20230803,5.5,0.6903,1.0105,0.87,375.8465,,7.3062,8.8735,10.4664,0.0,,42537.3,42537.3,29056.8882,233955.15,233955.15
600193.SH,20230802,5.56,0.9839,1.4404,1.22,379.9467,,7.3859,8.9704,10.5805,0.0,,42537.3,42537.3,29056.8882,236507.388,236507.388
600193.SH,20230801,5.61,0.92,1.3468,1.13,383.3635,,7.4523,9.051,10.6757,0.0,,42537.3,42537.3,29056.8882,238634.253,238634.253
600193.SH,20230731,5.54,0.7149,1.0465,0.82,378.58,,7.3593,8.9381,10.5425,0.0,,42537.3,42537.3,29056.8882,235656.642,235656.642
600193.SH,20230728,5.48,0.5323,0.7792,0.57,374.4798,,7.2796,8.8413,10.4283,0.0,,42537.3,42537.3,29056.8882,233104.404,233104.404
600193.SH,20230727,5.47,0.8215,1.2026,0.93,373.7965,,7.2663,8.8251,10.4093,0.0,,42537.3,42537.3,29056.8882,232679.031,232679.031
600193.SH,20230726,5.52,1.0564,1.5465,1.37,377.2133,,7.3328,8.9058,10.5044,0.0,,42537.3,42537.3,29056.8882,234805.896,234805.896
600193.SH,20230725,5.45,0.9382,1.3735,1.3,372.4298,,7.2398,8.7929,10.3712,0.0,,42537.3,42537.3,29056.8882,231828.285,231828.285
600193.SH,20230724,5.39,1.022,1.4962,1.27,368.3296,,7.1601,8.6961,10.257,0.0,,42537.3,42537.3,29056.8882,229276.047,229276.047
600193.SH,20230721,5.31,0.8155,1.1939,0.95,362.8628,,7.0538,8.567,10.1048,0.0,,42537.3,42537.3,29056.8882,225873.063,225873.063
600193.SH,20230720,5.31,0.5842,0.8552,0.58,362.8628,,7.0538,8.567,10.1048,0.0,,42537.3,42537.3,29056.8882,225873.063,225873.063
600193.SH,20230719,5.37,0.4869,0.7127,0.4,366.9629,,7.1335,8.6638,10.219,0.0,,42537.3,42537.3,29056.8882,228425.301,228425.301
600193.SH,20230718,5.38,0.7074,1.0355,0.47,367.6463,,7.1468,8.6799,10.238,0.0,,42537.3,42537.3,29056.8882,228850.674,228850.674
600193.SH,20230717,5.41,1.432,2.0963,0.9,369.6963,,7.1866,8.7283,10.2951,0.0,,42537.3,42537.3,29056.8882,230126.793,230126.793
600193.SH,20230714,5.36,1.0721,1.5695,0.55,366.2795,,7.1202,8.6477,10.2,0.0,,42537.3,42537.3,29056.8882,227999.928,227999.928
600193.SH,20230713,5.34,1.3239,1.9381,0.49,364.9128,,7.0936,8.6154,10.1619,0.0,,42537.3,42537.3,29056.8882,227149.182,227149.182
600193.SH,20230712,5.29,1.5664,2.2931,0.42,361.496,,7.0272,8.5347,10.0667,0.0,,42537.3,42537.3,29056.8882,225022.317,225022.317
600193.SH,20230711,5.4,2.0655,3.0238,0.61,369.013,,7.1734,8.7122,10.2761,0.0,,42537.3,42537.3,29056.8882,229701.42,229701.42
600193.SH,20230710,5.37,1.9435,2.8451,0.62,366.9629,,7.1335,8.6638,10.219,0.0,,42537.3,42537.3,29056.8882,228425.301,228425.301
600193.SH,20230707,5.4,2.8575,4.1832,1.05,369.013,,7.1734,8.7122,10.2761,0.0,,42537.3,42537.3,29056.8882,229701.42,229701.42
600193.SH,20230706,5.57,5.0019,7.3225,2.72,380.63,,7.3992,8.9865,10.5996,0.0,,42537.3,42537.3,29056.8882,236932.761,236932.761
600193.SH,20230705,5.73,6.9124,10.1193,11.99,391.5638,,7.6117,9.2446,10.9041,0.0,,42537.3,42537.3,29056.8882,243738.729,243738.729
600193.SH,20230704,5.21,0.3481,0.5096,0.52,356.0292,,6.921,8.4057,9.9145,0.0,,42537.3,42537.3,29056.8882,221619.333,221619.333
600193.SH,20230703,5.22,0.445,0.6514,0.61,356.7125,,6.9342,8.4218,9.9335,0.0,,42537.3,42537.3,29056.8882,222044.706,222044.706
600193.SH,20230630,5.25,0.9142,1.3384,1.47,358.7626,,6.9741,8.4702,9.9906,0.0,,42537.3,42537.3,29056.8882,223320.825,223320.825
600193.SH,20230629,5.09,0.5695,0.8337,0.95,347.8289,,6.7615,8.2121,9.6861,0.0,,42537.3,42537.3,29056.8882,216514.857,216514.857
600193.SH,20230628,5.01,0.6064,0.8878,1.04,342.362,,6.6553,8.083,9.5339,0.0,,42537.3,42537.3,29056.8882,213111.873,213111.873
600193.SH,20230627,5.06,0.8069,1.1812,1.65,345.7788,,6.7217,8.1637,9.6291,0.0,,42537.3,42537.3,29056.8882,215238.738,215238.738
600193.SH,20230626,4.93,0.7368,1.0786,1.82,336.8952,,6.549,7.9539,9.3817,0.0,,42537.3,42537.3,29056.8882,209708.889,209708.889
600193.SH,20230621,5.01,0.3983,0.5831,0.94,342.362,,6.6553,8.083,9.5339,0.0,,42537.3,42537.3,29056.8882,213111.873,213111.873
600193.SH,20230620,5.08,0.4597,0.6729,1.07,347.1455,,6.7483,8.1959,9.6671,0.0,,42537.3,42537.3,29056.8882,216089.484,216089.484
600193.SH,20230619,5.13,0.5046,0.7387,1.14,350.5623,,6.8147,8.2766,9.7623,0.0,,42537.3,42537.3,29056.8882,218216.349,218216.349
600193.SH,20230616,5.19,0.3442,0.5039,0.76,354.6625,,6.8944,8.3734,9.8764,0.0,,42537.3,42537.3,29056.8882,220768.587,220768.587
600193.SH,20230615,5.2,0.3181,0.4656,0.69,355.3458,,6.9077,8.3895,9.8955,0.0,,42537.3,42537.3,29056.8882,221193.96,221193.96
600193.SH,20230614,5.24,0.4975,0.7283,1.06,358.0793,,6.9608,8.4541,9.9716,0.0,,42537.3,42537.3,29056.8882,222895.452,222895.452
600193.SH,20230613,5.26,0.4868,0.7126,0.93,359.446,,6.9874,8.4863,10.0097,0.0,,42537.3,42537.3,29056.8882,223746.198,223746.198
600193.SH,20230612,5.28,0.5738,0.84,0.85,360.8127,,7.0139,8.5186,10.0477,0.0,,42537.3,42537.3,29056.8882,224596.944,224596.944
600193.SH,20230609,5.16,0.3922,0.5741,0.54,352.6124,,6.8545,8.325,9.8194,0.0,,42537.3,42537.3,29056.8882,219492.468,219492.468
600193.SH,20230608,5.21,0.3699,0.5415,0.4,356.0292,,6.921,8.4057,9.9145,0.0,,42537.3,42537.3,29056.8882,221619.333,221619.333
600193.SH,20230607,5.23,0.5219,0.7641,0.57,357.3959,,6.9475,8.4379,9.9526,0.0,,42537.3,42537.3,29056.8882,222470.079,222470.079
600193.SH,20230606,5.29,0.748,1.0951,0.89,361.496,,7.0272,8.5347,10.0667,0.0,,42537.3,42537.3,29056.8882,225022.317,225022.317
600193.SH,20230605,5.48,1.3575,1.9873,1.91,374.4798,,7.2796,8.8413,10.4283,0.0,,42537.3,42537.3,29056.8882,233104.404,233104.404
600193.SH,20230602,5.31,0.6398,0.9366,0.9,362.8628,,7.0538,8.567,10.1048,0.0,,42537.3,42537.3,29056.8882,225873.063,225873.063
600193.SH,20230601,5.28,1.3232,1.9371,2.06,360.8127,,7.0139,8.5186,10.0477,0.0,,42537.3,42537.3,29056.8882,224596.944,224596.944
600193.SH,20230531,5.13,0.5047,0.7388,0.78,350.5623,,6.8147,8.2766,9.7623,0.0,,42537.3,42537.3,29056.8882,218216.349,218216.349
600193.SH,20230530,5.14,0.3695,0.549,0.53,351.2457,,6.828,8.2927,9.7813,0.0,,42537.3,42537.3,28631.5082,218641.722,218641.722
600193.SH,20230529,5.11,0.7201,1.0699,1.05,349.1956,,6.7881,8.2443,9.7242,0.0,,42537.3,42537.3,28631.5082,217365.603,217365.603
600193.SH,20230526,5.14,0.6368,0.946,1.04,351.2457,,6.828,8.2927,9.7813,0.0,,42537.3,42537.3,28631.5082,218641.722,218641.722
600193.SH,20230525,5.19,0.9732,1.4459,2.07,354.6625,,6.8944,8.3734,9.8764,0.0,,42537.3,42537.3,28631.5082,220768.587,220768.587
600193.SH,20230524,5.29,0.5196,0.7719,1.09,361.496,,7.0272,8.5347,10.0667,0.0,,42537.3,42537.3,28631.5082,225022.317,225022.317
600193.SH,20230523,5.35,0.6271,0.9317,1.44,365.5962,,7.1069,8.6315,10.1809,0.0,,42537.3,42537.3,28631.5082,227574.555,227574.555
600193.SH,20230522,5.42,0.6821,1.0134,1.63,370.3797,,7.1999,8.7445,10.3141,0.0,,42537.3,42537.3,28631.5082,230552.166,230552.166
600193.SH,20230519,5.51,0.2504,0.372,0.52,376.5299,,7.3195,8.8897,10.4854,0.0,,42537.3,42537.3,28631.5082,234380.523,234380.523
600193.SH,20230518,5.53,0.2689,0.3995,0.55,377.8966,,7.346,8.9219,10.5235,0.0,,42537.3,42537.3,28631.5082,235231.269,235231.269
600193.SH,20230517,5.53,0.551,0.8187,1.11,377.8966,,7.346,8.9219,10.5235,0.0,,42537.3,42537.3,28631.5082,235231.269,235231.269
600193.SH,20230516,5.4,0.4296,0.6383,0.76,369.013,,7.1734,8.7122,10.2761,0.0,,42537.3,42537.3,28631.5082,229701.42,229701.42
600193.SH,20230515,5.44,0.5985,0.8892,1.04,371.7464,,7.2265,8.7767,10.3522,0.0,,42537.3,42537.3,28631.5082,231402.912,231402.912
600193.SH,20230512,5.47,0.5707,0.8479,1.04,373.7965,,7.2663,8.8251,10.4093,0.0,,42537.3,42537.3,28631.5082,232679.031,232679.031
600193.SH,20230511,5.52,0.3059,0.4545,0.5,377.2133,,7.3328,8.9058,10.5044,0.0,,42537.3,42537.3,28631.5082,234805.896,234805.896
600193.SH,20230510,5.47,0.5866,0.8715,0.94,373.7965,,7.2663,8.8251,10.4093,0.0,,42537.3,42537.3,28631.5082,232679.031,232679.031
600193.SH,20230509,5.49,0.7755,1.1522,1.32,375.1632,,7.2929,8.8574,10.4473,0.0,,42537.3,42537.3,28631.5082,233529.777,233529.777
600193.SH,20230508,5.55,0.6397,0.9504,0.92,379.2633,,7.3726,8.9542,10.5615,0.0,,42537.3,42537.3,28631.5082,236082.015,236082.015
600193.SH,20230505,5.49,0.4297,0.6384,0.51,375.1632,,7.2929,8.8574,10.4473,0.0,,42537.3,42537.3,28631.5082,233529.777,233529.777
600193.SH,20230504,5.54,0.6318,0.9386,0.74,378.58,,7.3593,8.9381,10.5425,0.0,,42537.3,42537.3,28631.5082,235656.642,235656.642
600193.SH,20230428,5.46,0.6355,0.954,0.75,373.1131,373.1131,7.2931,8.809,8.809,0.0,,42537.3,42537.3,28337.5082,232253.658,232253.658
600193.SH,20230427,5.41,0.5971,0.8963,0.63,369.6963,369.6963,7.2263,8.7283,8.7283,0.0,,42537.3,42537.3,28337.5082,230126.793,230126.793
600193.SH,20230426,5.35,1.1672,1.752,1.44,365.5962,365.5962,7.1461,8.6315,8.6315,0.0,,42537.3,42537.3,28337.5082,227574.555,227574.555
600193.SH,20230425,5.52,1.2137,1.8219,1.87,377.2133,377.2133,7.3732,8.9058,8.9058,0.0,,42537.3,42537.3,28337.5082,234805.896,234805.896
600193.SH,20230424,5.53,0.6418,0.9634,1.08,377.8966,377.8966,7.3866,8.9219,8.9219,0.0,,42537.3,42537.3,28337.5082,235231.269,235231.269
600193.SH,20230421,5.51,0.6271,0.9413,1.03,376.5299,376.5299,7.3599,8.8897,8.8897,0.0,,42537.3,42537.3,28337.5082,234380.523,234380.523
600193.SH,20230420,5.62,1.0709,1.6076,2.22,384.0468,384.0468,7.5068,9.0672,9.0672,0.0,,42537.3,42537.3,28337.5082,239059.626,239059.626
600193.SH,20230419,5.63,0.4898,0.7352,0.92,120.8272,352.707,7.4552,3.4689,5.9478,0.0,,42537.3,42537.3,28337.5082,239484.999,239484.999
600193.SH,20230418,5.67,0.4074,0.6116,0.71,121.6856,355.2129,7.5082,3.4935,5.9901,0.0,,42537.3,42537.3,28337.5082,241186.491,241186.491
600193.SH,20230417,5.76,0.3881,0.5825,0.61,123.6171,360.8512,7.6273,3.549,6.0852,0.0,,42537.3,42537.3,28337.5082,245014.848,245014.848
600193.SH,20230414,5.76,0.6788,1.019,1.11,123.6171,360.8512,7.6273,3.549,6.0852,0.0,,42537.3,42537.3,28337.5082,245014.848,245014.848
600193.SH,20230413,5.67,0.4472,0.6712,0.64,121.6856,355.2129,7.5082,3.4935,5.9901,0.0,,42537.3,42537.3,28337.5082,241186.491,241186.491
600193.SH,20230412,5.69,0.7427,1.1149,0.88,122.1148,356.4659,7.5346,3.5059,6.0112,0.0,,42537.3,42537.3,28337.5082,242037.237,242037.237
600193.SH,20230411,5.68,0.595,0.8932,0.5,121.9002,355.8394,7.5214,3.4997,6.0006,0.0,,42537.3,42537.3,28337.5082,241611.864,241611.864
600193.SH,20230410,5.61,0.7014,1.0528,0.6,120.3979,351.4541,7.4287,3.4566,5.9267,0.0,,42537.3,42537.3,28337.5082,238634.253,238634.253
600193.SH,20230407,5.71,0.5607,0.8417,0.47,122.5441,357.7188,7.5611,3.5182,6.0323,0.0,,42537.3,42537.3,28337.5082,242887.983,242887.983
600193.SH,20230406,5.64,0.8944,1.3426,0.76,121.0418,353.3335,7.4684,3.475,5.9584,0.0,,42537.3,42537.3,28337.5082,239910.372,239910.372
600193.SH,20230404,5.77,1.4551,2.1843,1.37,123.8317,361.4777,7.6406,3.5551,6.0957,0.0,,42537.3,42537.3,28337.5082,245440.221,245440.221
600193.SH,20230403,5.95,2.3279,3.4944,3.06,127.6948,372.7543,7.8789,3.666,6.2859,0.0,,42537.3,42537.3,28337.5082,253096.935,253096.935
600193.SH,20230331,5.73,0.6103,0.9161,0.64,122.9733,358.9718,7.5876,3.5305,6.0535,0.0,,42537.3,42537.3,28337.5082,243738.729,243738.729
600193.SH,20230330,5.7,0.6954,1.0438,0.66,122.3295,357.0924,7.5479,3.512,6.0218,0.0,,42537.3,42537.3,28337.5082,242462.61,242462.61
600193.SH,20230329,5.78,0.804,1.2068,0.69,124.0464,362.1042,7.6538,3.5613,6.1063,0.0,,42537.3,42537.3,28337.5082,245865.594,245865.594
600193.SH,20230328,5.87,0.8642,1.2972,0.76,125.9779,367.7425,7.773,3.6168,6.2014,0.0,,42537.3,42537.3,28337.5082,249693.951,249693.951
600193.SH,20230327,5.93,0.8328,1.2501,0.7,127.2656,371.5014,7.8524,3.6537,6.2648,0.0,,42537.3,42537.3,28337.5082,252246.189,252246.189
600193.SH,20230324,5.94,1.6075,2.413,1.41,127.4802,372.1278,7.8657,3.6599,6.2753,0.0,,42537.3,42537.3,28337.5082,252671.562,252671.562
600193.SH,20230323,6.15,1.1215,1.6835,1.02,131.987,385.2839,8.1438,3.7893,6.4972,0.0,,42537.3,42537.3,28337.5082,261604.395,261604.395
600193.SH,20230322,6.15,1.3736,2.0619,1.22,131.987,385.2839,8.1438,3.7893,6.4972,0.0,,42537.3,42537.3,28337.5082,261604.395,261604.395
600193.SH,20230321,6.3,0.7774,1.1669,0.63,135.2062,394.681,8.3424,3.8817,6.6556,0.0,,42537.3,42537.3,28337.5082,267984.99,267984.99
600193.SH,20230320,6.29,1.0442,1.5675,0.86,134.9916,394.0546,8.3292,3.8755,6.6451,0.0,,42537.3,42537.3,28337.5082,267559.617,267559.617
600193.SH,20230317,6.38,1.3662,2.0507,1.19,136.9231,399.6929,8.4483,3.931,6.7402,0.0,,42537.3,42537.3,28337.5082,271387.974,271387.974
600193.SH,20230316,6.45,0.9141,1.3721,0.74,138.4254,404.0782,8.541,3.9741,6.8141,0.0,,42537.3,42537.3,28337.5082,274365.585,274365.585
600193.SH,20230315,6.58,1.5288,2.2949,1.13,141.2154,412.2224,8.7132,4.0542,6.9515,0.0,,42537.3,42537.3,28337.5082,279895.434,279895.434
600193.SH,20230314,6.46,1.307,1.9619,0.79,138.6401,404.7047,8.5543,3.9803,6.8247,0.0,,42537.3,42537.3,28337.5082,274790.958,274790.958
600193.SH,20230313,6.45,0.9391,1.4097,0.57,138.4254,404.0782,8.541,3.9741,6.8141,0.0,,42537.3,42537.3,28337.5082,274365.585,274365.585
600193.SH,20230310,6.47,1.0414,1.5633,0.67,138.8547,405.3312,8.5675,3.9864,6.8352,0.0,,42537.3,42537.3,28337.5082,275216.331,275216.331
600193.SH,20230309,6.46,1.3998,2.1013,0.96,138.6401,404.7047,8.5543,3.9803,6.8247,0.0,,42537.3,42537.3,28337.5082,274790.958,274790.958
600193.SH,20230308,6.49,2.067,3.1028,1.67,139.2839,406.5841,8.594,3.9988,6.8564,0.0,,42537.3,42537.3,28337.5082,276067.077,276067.077
600193.SH,20230307,6.35,2.7877,4.1847,3.47,136.2793,397.8134,8.4086,3.9125,6.7085,0.0,,42537.3,42537.3,28337.5082,270111.855,270111.855
600193.SH,20230306,6.24,0.8743,1.3125,1.11,133.9186,390.9222,8.2629,3.8447,6.5923,0.0,,42537.3,42537.3,28337.5082,265432.752,265432.752
600193.SH,20230303,6.14,0.6272,0.9415,0.77,131.7724,384.6574,8.1305,3.7831,6.4866,0.0,,42537.3,42537.3,28337.5082,261179.022,261179.022
600193.SH,20230302,6.12,0.9368,1.4062,1.11,131.3432,383.4044,8.104,3.7708,6.4655,0.0,,42537.3,42537.3,28337.5082,260328.276,260328.276
600193.SH,20230301,6.23,0.9447,1.4181,0.97,133.704,390.2957,8.2497,3.8386,6.5817,0.0,,42537.3,42537.3,28337.5082,265007.379,265007.379
600193.SH,20230228,6.17,0.6383,0.9581,0.6,132.4163,386.5368,8.1703,3.8016,6.5183,0.0,,42537.3,42537.3,28337.5082,262455.141,262455.141
600193.SH,20230227,6.09,0.8064,1.2105,0.68,130.6994,381.525,8.0643,3.7523,6.4338,0.0,,42537.3,42537.3,28337.5082,259052.157,259052.157
600193.SH,20230224,6.19,0.7465,1.1205,0.57,132.8455,387.7898,8.1967,3.8139,6.5394,0.0,,42537.3,42537.3,28337.5082,263305.887,263305.887
600193.SH,20230223,6.16,1.0952,1.644,0.66,132.2017,385.9103,8.157,3.7954,6.5077,0.0,,42537.3,42537.3,28337.5082,262029.768,262029.768
600193.SH,20230222,6.29,1.5641,2.3479,0.95,134.9916,394.0546,8.3292,3.8755,6.6451,0.0,,42537.3,42537.3,28337.5082,267559.617,267559.617
600193.SH,20230221,6.26,1.105,1.6588,0.55,134.3478,392.1751,8.2894,3.8571,6.6134,0.0,,42537.3,42537.3,28337.5082,266283.498,266283.498
600193.SH,20230220,6.28,1.4011,2.1032,0.68,134.777,393.4281,8.3159,3.8694,6.6345,0.0,,42537.3,42537.3,28337.5082,267134.244,267134.244
600193.SH,20230217,6.27,1.4013,2.1035,0.67,134.5624,392.8016,8.3027,3.8632,6.624,0.0,,42537.3,42537.3,28337.5082,266708.871,266708.871
600193.SH,20230216,6.2,2.7754,4.1662,1.52,133.0601,388.4163,8.21,3.8201,6.55,0.0,,42537.3,42537.3,28337.5082,263731.26,263731.26
600193.SH,20230215,6.49,1.5735,2.362,0.88,139.2839,406.5841,8.594,3.9988,6.8564,0.0,,42537.3,42537.3,28337.5082,276067.077,276067.077
600193.SH,20230214,6.53,2.8213,4.235,1.8,140.1423,409.09,8.647,4.0234,6.8986,0.0,,42537.3,42537.3,28337.5082,277768.569,277768.569
600193.SH,20230213,6.46,1.7113,2.5688,1.06,138.6401,404.7047,8.5543,3.9803,6.8247,0.0,,42537.3,42537.3,28337.5082,274790.958,274790.958
600193.SH,20230210,6.4,1.5311,2.2983,0.91,137.3524,400.9458,8.4748,3.9433,6.7613,0.0,,42537.3,42537.3,28337.5082,272238.72,272238.72
600193.SH,20230209,6.46,1.4945,2.2435,0.77,138.6401,404.7047,8.5543,3.9803,6.8247,0.0,,42537.3,42537.3,28337.5082,274790.958,274790.958
600193.SH,20230208,6.5,1.3656,2.0499,0.58,139.4985,407.2106,8.6072,4.0049,6.8669,0.0,,42537.3,42537.3,28337.5082,276492.45,276492.45
600193.SH,20230207,6.55,1.755,2.6344,0.64,140.5716,410.343,8.6734,4.0357,6.9198,0.0,,42537.3,42537.3,28337.5082,278619.315,278619.315
600193.SH,20230206,6.54,1.8886,2.835,0.47,140.357,409.7165,8.6602,4.0296,6.9092,0.0,,42537.3,42537.3,28337.5082,278193.942,278193.942
600193.SH,20230203,6.66,1.8678,2.8038,0.38,142.9323,417.2342,8.8191,4.1035,7.036,0.0,,42537.3,42537.3,28337.5082,283298.418,283298.418
600193.SH,20230202,6.79,2.814,4.2241,0.62,145.7223,425.3785,8.9913,4.1836,7.1733,0.0,,42537.3,42537.3,28337.5082,288828.267,288828.267
600193.SH,20230201,6.93,3.5054,5.262,0.87,148.7269,434.1491,9.1766,4.2699,7.3212,0.0,,42537.3,42537.3,28337.5082,294783.489,294783.489
600193.SH,20230131,6.75,3.6043,5.4104,1.02,144.8638,422.8725,8.9383,4.159,7.131,0.0,,42537.3,42537.3,28337.5082,287126.775,287126.775
600193.SH,20230130,6.8,8.3542,12.5404,4.05,145.9369,426.0049,9.0045,4.1898,7.1839,0.0,,42537.3,42537.3,28337.5082,289253.64,289253.64
600193.SH,20230120,6.64,6.3728,9.5662,6.15,142.5031,415.9813,8.7926,4.0912,7.0148,0.0,,42537.3,42537.3,28337.5082,282447.672,282447.672
600193.SH,20230119,6.04,0.7913,1.1879,0.64,129.6263,378.3926,7.9981,3.7215,6.381,0.0,,42537.3,42537.3,28337.5082,256925.292,256925.292
600193.SH,20230118,5.98,0.94,1.4111,0.78,128.3386,374.6337,7.9187,3.6845,6.3176,0.0,,42537.3,42537.3,28337.5082,254373.054,254373.054
600193.SH,20230117,5.95,1.1332,1.7011,0.99,127.6948,372.7543,7.8789,3.666,6.2859,0.0,,42537.3,42537.3,28337.5082,253096.935,253096.935
600193.SH,20230116,6.09,1.084,1.6271,0.96,130.6994,381.525,8.0643,3.7523,6.4338,0.0,,42537.3,42537.3,28337.5082,259052.157,259052.157
600193.SH,20230113,6.18,1.2295,1.8456,1.18,132.6309,387.1633,8.1835,3.8078,6.5289,0.0,,42537.3,42537.3,28337.5082,262880.514,262880.514
600193.SH,20230112,6.08,1.8005,2.7028,2.11,130.4848,380.8985,8.0511,3.7461,6.4232,0.0,,42537.3,42537.3,28337.5082,258626.784,258626.784
600193.SH,20230111,5.98,0.7951,1.1935,0.87,128.3386,374.6337,7.9187,3.6845,6.3176,0.0,,42537.3,42537.3,28337.5082,254373.054,254373.054
600193.SH,20230110,5.95,0.7873,1.1819,0.86,127.6948,372.7543,7.8789,3.666,6.2859,0.0,,42537.3,42537.3,28337.5082,253096.935,253096.935
600193.SH,20230109,6.0,1.0491,1.5748,1.24,128.7679,375.8867,7.9451,3.6969,6.3387,0.0,,42537.3,42537.3,28337.5082,255223.8,255223.8
600193.SH,20230106,5.87,0.767,1.1514,0.89,125.9779,367.7425,7.773,3.6168,6.2014,0.0,,42537.3,42537.3,28337.5082,249693.951,249693.951
600193.SH,20230105,5.94,0.8653,1.299,0.97,127.4802,372.1278,7.8657,3.6599,6.2753,0.0,,42537.3,42537.3,28337.5082,252671.562,252671.562
600193.SH,20230104,6.02,1.0962,1.6455,1.26,129.1971,377.1397,7.9716,3.7092,6.3598,0.0,,42537.3,42537.3,28337.5082,256074.546,256074.546
600193.SH,20230103,5.88,0.7909,1.1872,0.79,126.1925,368.369,7.7862,3.6229,6.2119,0.0,,42537.3,42537.3,28337.5082,250119.324,250119.324
600193.SH,20221230,5.88,0.723,1.0853,0.58,126.1925,368.369,7.7862,3.6229,6.2119,0.0,,42537.3,42537.3,28337.5082,250119.324,250119.324
600193.SH,20221229,5.88,0.8497,1.2755,0.61,126.1925,368.369,7.7862,3.6229,6.2119,0.0,,42537.3,42537.3,28337.5082,250119.324,250119.324
600193.SH,20221228,6.03,1.0189,1.5295,0.74,129.4117,377.7661,7.9849,3.7153,6.3704,0.0,,42537.3,42537.3,28337.5082,256499.919,256499.919
600193.SH,20221227,6.17,0.9687,1.4542,0.71,132.4163,386.5368,8.1703,3.8016,6.5183,0.0,,42537.3,42537.3,28337.5082,262455.141,262455.141
600193.SH,20221226,6.18,1.4364,2.1561,1.13,132.6309,387.1633,8.1835,3.8078,6.5289,0.0,,42537.3,42537.3,28337.5082,262880.514,262880.514
600193.SH,20221223,6.06,1.9449,2.9195,1.77,130.0555,379.6456,8.0246,3.7338,6.4021,0.0,,42537.3,42537.3,28337.5082,257776.038,257776.038
600193.SH,20221222,5.81,1.5647,2.3488,1.66,124.6902,363.9836,7.6935,3.5798,6.138,0.0,,42537.3,42537.3,28337.5082,247141.713,247141.713
600193.SH,20221221,5.81,0.9399,1.4108,1.0,124.6902,363.9836,7.6935,3.5798,6.138,0.0,,42537.3,42537.3,28337.5082,247141.713,247141.713
600193.SH,20221220,5.9,0.9077,1.3625,0.83,126.6217,369.6219,7.8127,3.6352,6.2331,0.0,,42537.3,42537.3,28337.5082,250970.07,250970.07
600193.SH,20221219,5.76,0.9927,1.4901,0.79,123.6171,360.8512,7.6273,3.549,6.0852,0.0,,42537.3,42537.3,28337.5082,245014.848,245014.848
600193.SH,20221216,5.87,1.0775,1.6174,0.68,125.9779,367.7425,7.773,3.6168,6.2014,0.0,,42537.3,42537.3,28337.5082,249693.951,249693.951
600193.SH,20221215,5.87,0.7934,1.191,0.44,125.9779,367.7425,7.773,3.6168,6.2014,0.0,,42537.3,42537.3,28337.5082,249693.951,249693.951
600193.SH,20221214,5.88,0.9435,1.4162,0.47,126.1925,368.369,7.7862,3.6229,6.2119,0.0,,42537.3,42537.3,28337.5082,250119.324,250119.324
600193.SH,20221213,5.89,1.6414,2.4639,0.81,126.4071,368.9954,7.7995,3.6291,6.2225,0.0,,42537.3,42537.3,28337.5082,250544.697,250544.697
600193.SH,20221212,6.02,1.8389,2.7604,0.83,129.1971,377.1397,7.9716,3.7092,6.3598,0.0,,42537.3,42537.3,28337.5082,256074.546,256074.546
600193.SH,20221209,5.93,2.6813,4.0865,1.47,127.2656,371.5014,7.8524,3.6537,6.2648,0.0,,42537.3,42537.3,27910.7582,252246.189,252246.189
600193.SH,20221208,6.07,1.9303,2.9418,1.19,130.2701,380.272,8.0378,3.74,6.4127,0.0,,42537.3,42537.3,27910.7582,258201.411,258201.411
600193.SH,20221207,6.1,1.969,3.0008,1.33,130.914,382.1515,8.0776,3.7585,6.4444,0.0,,42537.3,42537.3,27910.7582,259477.53,259477.53
600193.SH,20221206,6.15,1.7449,2.6594,1.3,131.987,385.2839,8.1438,3.7893,6.4972,0.0,,42537.3,42537.3,27910.7582,261604.395,261604.395
600193.SH,20221205,6.33,2.692,4.1068,2.58,135.8501,396.5605,8.3821,3.9002,6.6873,0.0,,42537.3,42537.3,27883.5082,269261.109,269261.109
600193.SH,20221202,6.5,0.7989,1.2188,0.77,139.4985,407.2106,8.6072,4.0049,6.8669,0.0,,42537.3,42537.3,27883.5082,276492.45,276492.45
600193.SH,20221201,6.46,0.9039,1.3789,0.81,138.6401,404.7047,8.5543,3.9803,6.8247,0.0,,42537.3,42537.3,27883.5082,274790.958,274790.958
600193.SH,20221130,6.45,1.2833,1.9578,1.05,138.4254,404.0782,8.541,3.9741,6.8141,0.0,,42537.3,42537.3,27883.5082,274365.585,274365.585
600193.SH,20221129,6.57,1.0487,1.5998,0.74,141.0008,411.5959,8.6999,4.0481,6.9409,0.0,,42537.3,42537.3,27883.5082,279470.061,279470.061
600193.SH,20221128,6.5,1.1864,1.8099,0.75,139.4985,407.2106,8.6072,4.0049,6.8669,0.0,,42537.3,42537.3,27883.5082,276492.45,276492.45
600193.SH,20221125,6.63,0.7895,1.2044,0.44,142.2885,415.3548,8.7794,4.085,7.0043,0.0,,42537.3,42537.3,27883.5082,282022.299,282022.299
600193.SH,20221124,6.7,1.2967,1.9781,0.63,143.7908,419.7402,8.8721,4.1282,7.0782,0.0,,42537.3,42537.3,27883.5082,284999.91,284999.91
600193.SH,20221123,6.7,1.7776,2.7118,0.77,143.7908,419.7402,8.8721,4.1282,7.0782,0.0,,42537.3,42537.3,27883.5082,284999.91,284999.91
600193.SH,20221122,6.76,2.0561,3.1366,0.87,145.0784,423.499,8.9515,4.1651,7.1416,0.0,,42537.3,42537.3,27883.5082,287552.148,287552.148
600193.SH,20221121,6.83,1.9609,2.9914,0.83,146.5807,427.8844,9.0442,4.2083,7.2156,0.0,,42537.3,42537.3,27883.5082,290529.759,290529.759
600193.SH,20221118,7.08,1.9023,2.9021,0.73,151.9461,443.5463,9.3753,4.3623,7.4797,0.0,,42537.3,42537.3,27883.5082,301164.084,301164.084
600193.SH,20221117,7.25,2.5137,3.8347,0.81,155.5945,454.1964,9.6004,4.467,7.6593,0.0,,42537.3,42537.3,27883.5082,308395.425,308395.425
600193.SH,20221116,7.01,3.1574,4.8168,0.75,150.4438,439.161,9.2826,4.3192,7.4057,0.0,,42537.3,42537.3,27883.5082,298186.473,298186.473
600193.SH,20221115,6.77,2.2648,3.455,0.53,145.2931,424.1255,8.9648,4.1713,7.1522,0.0,,42537.3,42537.3,27883.5082,287977.521,287977.521
600193.SH,20221114,6.51,1.9669,3.0006,0.48,139.7131,407.8371,8.6205,4.0111,6.8775,0.0,,42537.3,42537.3,27883.5082,276917.823,276917.823
600193.SH,20221111,6.48,3.2101,4.8971,0.88,139.0693,405.9576,8.5808,3.9926,6.8458,0.0,,42537.3,42537.3,27883.5082,275641.704,275641.704
600193.SH,20221110,6.33,4.9256,7.5142,1.66,135.8501,396.5605,8.3821,3.9002,6.6873,0.0,,42537.3,42537.3,27883.5082,269261.109,269261.109
600193.SH,20221109,6.4,8.8138,13.4458,5.8,137.3524,400.9458,8.4748,3.9433,6.7613,0.0,,42537.3,42537.3,27883.5082,272238.72,272238.72
600193.SH,20221108,6.34,2.5839,3.9418,2.04,136.0647,397.187,8.3954,3.9063,6.6979,0.0,,42537.3,42537.3,27883.5082,269686.482,269686.482
600193.SH,20221107,6.05,0.7673,1.1706,0.62,129.8409,379.0191,8.0114,3.7277,6.3915,0.0,,42537.3,42537.3,27883.5082,257350.665,257350.665
600193.SH,20221104,6.03,1.1376,1.7355,0.96,129.4117,377.7661,7.9849,3.7153,6.3704,0.0,,42537.3,42537.3,27883.5082,256499.919,256499.919
600193.SH,20221103,6.13,1.5339,2.34,1.51,131.5578,384.0309,8.1173,3.777,6.476,0.0,,42537.3,42537.3,27883.5082,260753.649,260753.649
600193.SH,20221102,5.94,1.5797,2.4099,1.86,127.4802,372.1278,7.8657,3.6599,6.2753,0.0,,42537.3,42537.3,27883.5082,252671.562,252671.562
600193.SH,20221101,5.8,1.3085,1.9961,1.6,124.4756,363.3571,7.6803,3.5736,6.1274,0.0,,42537.3,42537.3,27883.5082,246716.34,246716.34
600193.SH,20221031,5.7,0.6151,0.9384,0.6,122.3295,357.0924,7.5479,3.512,6.0218,0.0,,42537.3,42537.3,27883.5082,242462.61,242462.61
600193.SH,20221028,5.68,0.8989,1.3712,0.9,121.9002,181.0526,7.4999,3.4997,4.7347,0.0,,42537.3,42537.3,27883.5082,241611.864,241611.864
600193.SH,20221027,5.69,0.6837,1.0429,0.67,122.1148,181.3713,7.5131,3.5059,4.743,0.0,,42537.3,42537.3,27883.5082,242037.237,242037.237
600193.SH,20221026,5.74,0.7506,1.1451,0.7,123.1879,182.9651,7.5792,3.5367,4.7847,0.0,,42537.3,42537.3,27883.5082,244164.102,244164.102
600193.SH,20221025,5.72,1.1461,1.7485,0.9,122.7587,182.3276,7.5528,3.5243,4.768,0.0,,42537.3,42537.3,27883.5082,243313.356,243313.356
600193.SH,20221024,5.68,1.6632,2.5372,1.53,121.9002,181.0526,7.4999,3.4997,4.7347,0.0,,42537.3,42537.3,27883.5082,241611.864,241611.864
600193.SH,20221021,5.62,0.7751,1.1825,0.66,120.6126,179.1401,7.4207,3.4627,4.6847,0.0,,42537.3,42537.3,27883.5082,239059.626,239059.626
600193.SH,20221020,5.58,0.8,1.2204,0.73,119.7541,177.865,7.3679,3.4381,4.6513,0.0,,42537.3,42537.3,27883.5082,237358.134,237358.134
600193.SH,20221019,5.55,1.0143,1.5474,1.0,119.1103,176.9088,7.3283,3.4196,4.6263,0.0,,42537.3,42537.3,27883.5082,236082.015,236082.015
600193.SH,20221018,5.64,2.1293,3.2483,3.17,121.0418,179.7776,7.4471,3.475,4.7013,0.0,,42537.3,42537.3,27883.5082,239910.372,239910.372
600193.SH,20221017,5.35,0.7317,1.1163,1.08,114.818,170.5337,7.0642,3.2964,4.4596,0.0,,42537.3,42537.3,27883.5082,227574.555,227574.555
600193.SH,20221014,5.26,1.1631,1.7743,2.03,112.8865,167.6649,6.9454,3.2409,4.3846,0.0,,42537.3,42537.3,27883.5082,223746.198,223746.198
600193.SH,20221013,5.25,0.4204,0.6413,0.56,112.6719,167.3461,6.9322,3.2347,4.3763,0.0,,42537.3,42537.3,27883.5082,223320.825,223320.825
600193.SH,20221012,5.25,0.6102,0.9308,0.77,112.6719,167.3461,6.9322,3.2347,4.3763,0.0,,42537.3,42537.3,27883.5082,223320.825,223320.825
600193.SH,20221011,5.13,0.4297,0.6555,0.5,110.0965,163.5211,6.7737,3.1608,4.2762,0.0,,42537.3,42537.3,27883.5082,218216.349,218216.349
600193.SH,20221010,5.15,0.7556,1.1527,0.77,110.5257,164.1586,6.8001,3.1731,4.2929,0.0,,42537.3,42537.3,27883.5082,219067.095,219067.095
600193.SH,20220930,5.16,0.6489,0.9899,0.54,110.7404,164.4774,6.8133,3.1793,4.3012,0.0,,42537.3,42537.3,27883.5082,219492.468,219492.468
600193.SH,20220929,5.25,1.3324,2.0326,1.19,112.6719,167.3461,6.9322,3.2347,4.3763,0.0,,42537.3,42537.3,27883.5082,223320.825,223320.825
600193.SH,20220928,5.26,0.7933,1.2101,0.71,112.8865,167.6649,6.9454,3.2409,4.3846,0.0,,42537.3,42537.3,27883.5082,223746.198,223746.198
600193.SH,20220927,5.44,0.7291,1.1123,0.57,116.7495,173.4025,7.183,3.3518,4.5346,0.0,,42537.3,42537.3,27883.5082,231402.912,231402.912
600193.SH,20220926,5.4,1.3902,2.1208,1.18,115.8911,172.1275,7.1302,3.3272,4.5013,0.0,,42537.3,42537.3,27883.5082,229701.42,229701.42
600193.SH,20220923,5.65,1.7858,2.7243,1.72,121.2564,180.0963,7.4603,3.4812,4.7097,0.0,,42537.3,42537.3,27883.5082,240335.745,240335.745
600193.SH,20220922,5.54,0.9073,1.384,0.84,118.8956,176.59,7.3151,3.4134,4.618,0.0,,42537.3,42537.3,27883.5082,235656.642,235656.642
600193.SH,20220921,5.54,0.8116,1.2382,0.75,118.8956,176.59,7.3151,3.4134,4.618,0.0,,42537.3,42537.3,27883.5082,235656.642,235656.642
600193.SH,20220920,5.49,1.5386,2.3472,1.5,117.8226,174.9963,7.2491,3.3826,4.5763,0.0,,42537.3,42537.3,27883.5082,233529.777,233529.777
600193.SH,20220919,5.3,0.8415,1.2838,0.82,113.7449,168.9399,6.9982,3.2656,4.4179,0.0,,42537.3,42537.3,27883.5082,225447.69,225447.69
600193.SH,20220916,5.33,1.0785,1.6453,1.06,114.3888,169.8962,7.0378,3.284,4.4429,0.0,,42537.3,42537.3,27883.5082,226723.809,226723.809
600193.SH,20220915,5.43,1.1011,1.6797,1.05,116.5349,173.0837,7.1698,3.3457,4.5263,0.0,,42537.3,42537.3,27883.5082,230977.539,230977.539
600193.SH,20220914,5.6,0.8651,1.3198,0.77,120.1833,178.5026,7.3943,3.4504,4.668,0.0,,42537.3,42537.3,27883.5082,238208.88,238208.88
600193.SH,20220913,5.72,1.2415,1.894,1.11,122.7587,182.3276,7.5528,3.5243,4.768,0.0,,42537.3,42537.3,27883.5082,243313.356,243313.356
600193.SH,20220909,5.69,0.8505,1.2975,0.69,122.1148,181.3713,7.5131,3.5059,4.743,0.0,,42537.3,42537.3,27883.5082,242037.237,242037.237
600193.SH,20220908,5.61,1.0312,1.5732,0.66,120.3979,178.8213,7.4075,3.4566,4.6763,0.0,,42537.3,42537.3,27883.5082,238634.253,238634.253
600193.SH,20220907,5.68,1.2796,1.9521,0.59,121.9002,181.0526,7.4999,3.4997,4.7347,0.0,,42537.3,42537.3,27883.5082,241611.864,241611.864
600193.SH,20220906,5.8,1.2021,1.8338,0.56,124.4756,184.8776,7.6584,3.5736,4.8347,0.0,,42537.3,42537.3,27883.5082,246716.34,246716.34
600193.SH,20220905,5.79,1.25,1.9069,0.58,124.261,184.5589,7.6452,3.5675,4.8264,0.0,,42537.3,42537.3,27883.5082,246290.967,246290.967
600193.SH,20220902,5.75,1.3869,2.1158,0.66,123.4025,183.2839,7.5924,3.5428,4.793,0.0,,42537.3,42537.3,27883.5082,244589.475,244589.475
600193.SH,20220901,5.8,2.6568,4.0531,1.42,124.4756,184.8776,7.6584,3.5736,4.8347,0.0,,42537.3,42537.3,27883.5082,246716.34,246716.34
600193.SH,20220831,6.07,4.4118,6.7304,2.97,130.2701,193.484,8.0149,3.74,5.0598,0.0,,42537.3,42537.3,27883.5082,258201.411,258201.411
600193.SH,20220830,5.91,1.0367,1.5816,0.65,126.8363,119.269,7.8254,3.6414,4.174,0.0,,42537.3,42537.3,27883.5082,251395.443,251395.443
600193.SH,20220829,6.07,1.2917,1.9705,0.7,130.2701,122.4979,8.0373,3.74,4.287,0.0,,42537.3,42537.3,27883.5082,258201.411,258201.411
600193.SH,20220826,5.92,1.1518,1.7572,0.49,127.0509,119.4708,7.8387,3.6476,4.181,0.0,,42537.3,42537.3,27883.5082,251820.816,251820.816
600193.SH,20220825,5.89,1.4439,2.2028,0.63,126.4071,118.8654,7.799,3.6291,4.1599,0.0,,42537.3,42537.3,27883.5082,250544.697,250544.697
600193.SH,20220824,5.82,2.4961,3.8078,1.14,124.9048,117.4527,7.7063,3.586,4.1104,0.0,,42537.3,42537.3,27883.5082,247567.086,247567.086
600193.SH,20220823,6.18,1.6081,2.4532,0.62,132.6309,124.7178,8.183,3.8078,4.3647,0.0,,42537.3,42537.3,27883.5082,262880.514,262880.514
600193.SH,20220822,6.2,2.5432,3.8797,1.11,133.0601,125.1214,8.2094,3.8201,4.3788,0.0,,42537.3,42537.3,27883.5082,263731.26,263731.26
600193.SH,20220819,6.27,3.7387,5.7035,1.96,134.5624,126.5341,8.3021,3.8632,4.4282,0.0,,42537.3,42537.3,27883.5082,266708.871,266708.871
600193.SH,20220818,6.6,1.0285,1.569,0.51,141.6446,133.1938,8.7391,4.0665,4.6613,0.0,,42537.3,42537.3,27883.5082,280746.18,280746.18
600193.SH,20220817,6.61,2.0154,3.0745,1.0,141.8592,133.3956,8.7523,4.0727,4.6684,0.0,,42537.3,42537.3,27883.5082,281171.553,281171.553
600193.SH,20220816,6.74,3.548,5.4126,1.57,144.6492,136.0191,8.9245,4.1528,4.7602,0.0,,42537.3,42537.3,27883.5082,286701.402,286701.402
600193.SH,20220815,6.31,1.1559,1.7633,0.37,135.4209,127.3413,8.3551,3.8879,4.4565,0.0,,42537.3,42537.3,27883.5082,268410.363,268410.363
600193.SH,20220812,6.31,1.8126,2.7652,0.61,135.4209,127.3413,8.3551,3.8879,4.4565,0.0,,42537.3,42537.3,27883.5082,268410.363,268410.363
600193.SH,20220811,6.22,1.5546,2.3716,0.54,133.4893,125.5251,8.2359,3.8324,4.3929,0.0,,42537.3,42537.3,27883.5082,264582.006,264582.006
600193.SH,20220810,6.21,2.0307,3.098,0.73,133.2747,125.3233,8.2227,3.8262,4.3859,0.0,,42537.3,42537.3,27883.5082,264156.633,264156.633
600193.SH,20220809,6.23,4.775,7.2844,2.23,133.704,125.7269,8.2492,3.8386,4.4,0.0,,42537.3,42537.3,27883.5082,265007.379,265007.379
600193.SH,20220808,6.29,5.246,8.0029,3.83,134.9916,126.9377,8.3286,3.8755,4.4424,0.0,,42537.3,42537.3,27883.5082,267559.617,267559.617
600193.SH,20220805,5.72,1.2366,1.8865,0.77,122.7587,115.4346,7.5739,3.5243,4.0398,0.0,,42537.3,42537.3,27883.5082,243313.356,243313.356
600193.SH,20220804,5.57,1.0951,1.6706,0.45,119.5395,112.4075,7.3753,3.4319,3.9339,0.0,,42537.3,42537.3,27883.5082,236932.761,236932.761
600193.SH,20220803,5.5,1.497,2.2837,0.4,118.0372,110.9948,7.2826,3.3888,3.8844,0.0,,42537.3,42537.3,27883.5082,233955.15,233955.15
600193.SH,20220802,5.59,1.6254,2.4796,0.42,119.9687,112.8111,7.4017,3.4442,3.948,0.0,,42537.3,42537.3,27883.5082,237783.507,237783.507
600193.SH,20220801,5.79,1.3915,2.1228,0.34,124.261,116.8473,7.6666,3.5675,4.0892,0.0,,42537.3,42537.3,27883.5082,246290.967,246290.967
600193.SH,20220729,5.78,2.3744,3.6222,0.62,124.0464,116.6455,7.6533,3.5613,4.0822,0.0,,42537.3,42537.3,27883.5082,245865.594,245865.594
600193.SH,20220728,5.78,5.2188,7.9615,1.8,124.0464,116.6455,7.6533,3.5613,4.0822,0.0,,42537.3,42537.3,27883.5082,245865.594,245865.594
600193.SH,20220727,5.84,7.8987,12.0498,5.48,125.334,117.8563,7.7328,3.5983,4.1245,0.0,,42537.3,42537.3,27883.5082,248417.832,248417.832
600193.SH,20220726,5.56,2.5244,3.851,2.41,119.3249,112.2057,7.362,3.4258,3.9268,0.0,,42537.3,42537.3,27883.5082,236507.388,236507.388
600193.SH,20220725,5.29,2.2678,3.4596,3.03,113.5303,106.7568,7.0045,3.2594,3.7361,0.0,,42537.3,42537.3,27883.5082,225022.317,225022.317
600193.SH,20220722,5.18,1.1128,1.6977,1.7,111.1696,104.5369,6.8589,3.1916,3.6584,0.0,,42537.3,42537.3,27883.5082,220343.214,220343.214
600193.SH,20220721,5.12,0.6866,1.0475,1.09,109.8819,103.3261,6.7794,3.1547,3.616,0.0,,42537.3,42537.3,27883.5082,217790.976,217790.976
600193.SH,20220720,5.16,0.6155,0.9389,0.93,110.7404,104.1333,6.8324,3.1793,3.6443,0.0,,42537.3,42537.3,27883.5082,219492.468,219492.468
600193.SH,20220719,5.17,0.5586,0.8522,0.8,110.955,104.3351,6.8456,3.1855,3.6513,0.0,,42537.3,42537.3,27883.5082,219917.841,219917.841
600193.SH,20220718,5.11,0.7743,1.1812,1.09,109.6673,103.1243,6.7662,3.1485,3.609,0.0,,42537.3,42537.3,27883.5082,217365.603,217365.603
600193.SH,20220715,5.0,0.6367,0.9713,0.69,107.3065,100.9044,6.6205,3.0807,3.5313,0.0,,42537.3,42537.3,27883.5082,212686.5,212686.5
600193.SH,20220714,5.13,0.5537,0.8447,0.41,110.0965,103.5279,6.7926,3.1608,3.6231,0.0,,42537.3,42537.3,27883.5082,218216.349,218216.349
600193.SH,20220713,5.11,0.799,1.2189,0.55,109.6673,103.1243,6.7662,3.1485,3.609,0.0,,42537.3,42537.3,27883.5082,217365.603,217365.603
600193.SH,20220712,4.99,0.72,1.0983,0.46,107.0919,100.7026,6.6073,3.0746,3.5242,0.0,,42537.3,42537.3,27883.5082,212261.127,212261.127
600193.SH,20220711,5.09,0.8449,1.2889,0.55,109.2381,102.7207,6.7397,3.1362,3.5948,0.0,,42537.3,42537.3,27883.5082,216514.857,216514.857
600193.SH,20220708,5.23,1.698,2.5903,1.22,112.2426,105.546,6.9251,3.2224,3.6937,0.0,,42537.3,42537.3,27883.5082,222470.079,222470.079
600193.SH,20220707,5.21,2.6536,4.0482,2.65,111.8134,105.1424,6.8986,3.2101,3.6796,0.0,,42537.3,42537.3,27883.5082,221619.333,221619.333
600193.SH,20220706,5.18,1.3722,2.0933,1.51,111.1696,104.5369,6.8589,3.1916,3.6584,0.0,,42537.3,42537.3,27883.5082,220343.214,220343.214
600193.SH,20220705,5.39,1.1838,1.8059,1.3,115.6765,108.7749,7.1369,3.321,3.8067,0.0,,42537.3,42537.3,27883.5082,229276.047,229276.047
600193.SH,20220704,5.31,0.7655,1.1679,0.67,113.9595,107.1605,7.031,3.2717,3.7502,0.0,,42537.3,42537.3,27883.5082,225873.063,225873.063
600193.SH,20220701,5.25,0.976,1.489,0.85,112.6719,105.9496,6.9515,3.2347,3.7078,0.0,,42537.3,42537.3,27883.5082,223320.825,223320.825
600193.SH,20220630,5.19,0.7001,1.0681,0.55,111.3842,104.7388,6.8721,3.1978,3.6655,0.0,,42537.3,42537.3,27883.5082,220768.587,220768.587
600193.SH,20220629,5.22,0.9063,1.3826,0.71,112.028,105.3442,6.9118,3.2163,3.6867,0.0,,42537.3,42537.3,27883.5082,222044.706,222044.706
600193.SH,20220628,5.37,1.2122,1.8492,0.98,115.2472,108.3713,7.1104,3.3087,3.7926,0.0,,42537.3,42537.3,27883.5082,228425.301,228425.301
600193.SH,20220627,5.44,1.8924,2.8869,1.81,116.7495,109.784,7.2031,3.3518,3.842,0.0,,42537.3,42537.3,27883.5082,231402.912,231402.912
600193.SH,20220624,5.23,1.0329,1.5757,0.98,112.2426,105.546,6.9251,3.2224,3.6937,0.0,,42537.3,42537.3,27883.5082,222470.079,222470.079
600193.SH,20220623,5.34,1.3154,2.0067,1.2,114.6034,107.7659,7.0707,3.2902,3.7714,0.0,,42537.3,42537.3,27883.5082,227149.182,227149.182
600193.SH,20220622,5.39,0.947,1.4446,0.85,115.6765,108.7749,7.1369,3.321,3.8067,0.0,,42537.3,42537.3,27883.5082,229276.047,229276.047
600193.SH,20220621,5.39,1.0225,1.5599,0.9,115.6765,108.7749,7.1369,3.321,3.8067,0.0,,42537.3,42537.3,27883.5082,229276.047,229276.047
600193.SH,20220620,5.49,0.9233,1.4086,0.68,117.8226,110.793,7.2693,3.3826,3.8774,0.0,,42537.3,42537.3,27883.5082,233529.777,233529.777
600193.SH,20220617,5.53,1.0522,1.6052,0.67,118.681,111.6003,7.3223,3.4073,3.9056,0.0,,42537.3,42537.3,27883.5082,235231.269,235231.269
600193.SH,20220616,5.55,1.5352,2.342,1.07,119.1103,112.0039,7.3488,3.4196,3.9197,0.0,,42537.3,42537.3,27883.5082,236082.015,236082.015
600193.SH,20220615,5.49,1.0436,1.5921,0.74,117.8226,110.793,7.2693,3.3826,3.8774,0.0,,42537.3,42537.3,27883.5082,233529.777,233529.777
600193.SH,20220614,5.54,1.0998,1.6778,0.75,118.8956,111.8021,7.3355,3.4134,3.9127,0.0,,42537.3,42537.3,27883.5082,235656.642,235656.642
600193.SH,20220613,5.63,2.0632,3.1475,1.73,120.8272,113.6183,7.4547,3.4689,3.9762,0.0,,42537.3,42537.3,27883.5082,239484.999,239484.999
600193.SH,20220610,5.85,2.0749,3.1653,2.32,125.5487,118.0581,7.746,3.6044,4.1316,0.0,,42537.3,42537.3,27883.5082,248843.205,248843.205
600193.SH,20220609,5.38,0.8649,1.3194,1.02,115.4618,108.5731,7.1237,3.3148,3.7997,0.0,,42537.3,42537.3,27883.5082,228850.674,228850.674
600193.SH,20220608,5.49,0.9578,1.4612,1.2,117.8226,110.793,7.2693,3.3826,3.8774,0.0,,42537.3,42537.3,27883.5082,233529.777,233529.777
600193.SH,20220607,5.51,1.3609,2.076,1.8,118.2518,111.1966,7.2958,3.3949,3.8915,0.0,,42537.3,42537.3,27883.5082,234380.523,234380.523
600193.SH,20220606,5.67,0.6924,1.0562,0.81,121.6856,114.4256,7.5077,3.4935,4.0045,0.0,,42537.3,42537.3,27883.5082,241186.491,241186.491
600193.SH,20220602,5.7,0.5972,0.911,0.52,122.3295,115.031,7.5474,3.512,4.0257,0.0,,42537.3,42537.3,27883.5082,242462.61,242462.61
600193.SH,20220601,5.68,0.6238,0.9516,0.51,121.9002,114.6274,7.5209,3.4997,4.0115,0.0,,42537.3,42537.3,27883.5082,241611.864,241611.864
600193.SH,20220531,5.68,0.7239,1.1044,0.52,121.9002,114.6274,7.5209,3.4997,4.0115,0.0,,42537.3,42537.3,27883.5082,241611.864,241611.864
600193.SH,20220530,5.79,1.1358,1.7327,0.73,124.261,116.8473,7.6666,3.5675,4.0892,0.0,,42537.3,42537.3,27883.5082,246290.967,246290.967
600193.SH,20220527,5.76,1.182,1.8032,0.69,123.6171,116.2419,7.6268,3.549,4.068,0.0,,42537.3,42537.3,27883.5082,245014.848,245014.848
600193.SH,20220526,5.9,2.022,3.0846,1.02,126.6217,119.0672,7.8122,3.6352,4.1669,0.0,,42537.3,42537.3,27883.5082,250970.07,250970.07
600193.SH,20220525,5.62,1.0501,1.6019,0.4,120.6126,113.4165,7.4415,3.4627,3.9692,0.0,,42537.3,42537.3,27883.5082,239059.626,239059.626
600193.SH,20220524,5.54,1.621,2.4728,0.59,118.8956,111.8021,7.3355,3.4134,3.9127,0.0,,42537.3,42537.3,27883.5082,235656.642,235656.642
600193.SH,20220523,5.78,1.9066,2.9087,0.77,124.0464,116.6455,7.6533,3.5613,4.0822,0.0,,42537.3,42537.3,27883.5082,245865.594,245865.594
600193.SH,20220520,5.69,1.9622,2.9934,0.89,122.1148,114.8292,7.5341,3.5059,4.0186,0.0,,42537.3,42537.3,27883.5082,242037.237,242037.237
600193.SH,20220519,5.78,3.3911,5.1733,2.05,124.0464,116.6455,7.6533,3.5613,4.0822,0.0,,42537.3,42537.3,27883.5082,245865.594,245865.594
600193.SH,20220518,5.54,4.2704,6.5146,4.64,118.8956,111.8021,7.3355,3.4134,3.9127,0.0,,42537.3,42537.3,27883.5082,235656.642,235656.642
600193.SH,20220517,5.48,2.1567,3.2901,3.37,117.608,110.5912,7.2561,3.3765,3.8703,0.0,,42537.3,42537.3,27883.5082,233104.404,233104.404
600193.SH,20220516,4.98,0.5206,0.7943,0.75,106.8773,100.5008,6.594,3.0684,3.5172,0.0,,42537.3,42537.3,27883.5082,211835.754,211835.754
600193.SH,20220513,5.06,0.6913,1.0546,0.87,108.5942,102.1152,6.7,3.1177,3.5737,0.0,,42537.3,42537.3,27883.5082,215238.738,215238.738
600193.SH,20220512,5.08,0.6141,0.9368,0.8,109.0234,102.5189,6.7264,3.13,3.5878,0.0,,42537.3,42537.3,27883.5082,216089.484,216089.484
600193.SH,20220511,5.01,0.6173,0.9417,0.76,107.5212,101.1062,6.6338,3.0869,3.5383,0.0,,42537.3,42537.3,27883.5082,213111.873,213111.873
600193.SH,20220510,5.08,0.7573,1.1553,0.95,109.0234,102.5189,6.7264,3.13,3.5878,0.0,,42537.3,42537.3,27883.5082,216089.484,216089.484
600193.SH,20220509,4.98,0.7871,1.2007,0.96,106.8773,100.5008,6.594,3.0684,3.5172,0.0,,42537.3,42537.3,27883.5082,211835.754,211835.754
600193.SH,20220506,4.91,1.1929,1.8199,1.64,105.375,99.0881,6.5013,3.0253,3.4677,0.0,,42537.3,42537.3,27883.5082,208858.143,208858.143
600193.SH,20220505,4.91,0.4971,0.7584,0.6,105.375,99.0881,6.5013,3.0253,3.4677,0.0,,42537.3,42537.3,27883.5082,208858.143,208858.143
600193.SH,20220429,4.9,0.8213,1.4846,1.07,105.1604,105.1604,6.6568,3.0191,3.0191,0.0,,42537.3,42537.3,23532.0564,208432.77,208432.77
600193.SH,20220428,4.57,0.6733,1.2171,0.85,98.0782,98.0782,6.2085,2.8158,2.8158,0.0,,42537.3,42537.3,23532.0564,194395.461,194395.461
600193.SH,20220427,4.61,0.9237,1.6696,1.28,98.9366,98.9366,6.2628,2.8404,2.8404,0.0,,42537.3,42537.3,23532.0564,196096.953,196096.953
600193.SH,20220426,4.64,0.7194,1.3004,1.02,99.5805,99.5805,6.3036,2.8589,2.8589,0.0,,42537.3,42537.3,23532.0564,197373.072,197373.072
600193.SH,20220425,4.9,0.995,1.7985,1.46,105.1604,105.1604,6.6568,3.0191,3.0191,0.0,,42537.3,42537.3,23532.0564,208432.77,208432.77
600193.SH,20220422,5.39,0.5147,0.9304,0.61,115.6765,115.6765,7.3225,3.321,3.321,0.0,,42537.3,42537.3,23532.0564,229276.047,229276.047
600193.SH,20220421,5.34,0.822,1.4858,0.64,114.6034,114.6034,7.2545,3.2902,3.2902,0.0,,42537.3,42537.3,23532.0564,227149.182,227149.182
600193.SH,20220420,5.61,0.5432,0.9819,0.36,120.3979,120.3979,7.6213,3.4566,3.4566,0.0,,42537.3,42537.3,23532.0564,238634.253,238634.253
600193.SH,20220419,5.7,0.6612,1.1953,0.44,122.3295,122.3295,7.7436,3.512,3.512,0.0,,42537.3,42537.3,23532.0564,242462.61,242462.61
600193.SH,20220418,5.64,0.8776,1.5864,0.62,121.0418,121.0418,7.6621,3.475,3.475,0.0,,42537.3,42537.3,23532.0564,239910.372,239910.372
600193.SH,20220415,5.73,1.3076,1.9948,1.01,122.9733,122.9733,7.7844,3.5305,3.5305,0.0,,42537.3,42537.3,27883.5082,243738.729,243738.729
600193.SH,20220414,5.94,3.0015,4.5789,3.62,127.4802,127.4802,8.0696,3.6599,3.6599,0.0,,42537.3,42537.3,27883.5082,252671.562,252671.562
600193.SH,20220413,5.93,1.7268,2.6344,2.02,127.2656,127.2656,8.0561,3.6537,3.6537,0.0,,42537.3,42537.3,27883.5082,252246.189,252246.189
600193.SH,20220412,5.39,0.539,0.8223,0.6,115.6765,115.6765,7.3225,3.321,3.321,0.0,,42537.3,42537.3,27883.5082,229276.047,229276.047
600193.SH,20220411,5.31,0.4948,0.7548,0.56,113.9595,113.9595,7.2138,3.2717,3.2717,0.0,,42537.3,42537.3,27883.5082,225873.063,225873.063
600193.SH,20220408,5.46,0.7052,1.0759,0.84,117.1787,117.1787,7.4176,3.3641,3.3641,0.0,,42537.3,42537.3,27883.5082,232253.658,232253.658
600193.SH,20220407,5.57,0.6749,1.0296,0.86,119.5395,119.5395,7.567,3.4319,3.4319,0.0,,42537.3,42537.3,27883.5082,236932.761,236932.761
600193.SH,20220406,5.76,1.8668,2.8478,3.46,123.6171,123.6171,7.8251,3.549,3.549,0.0,,42537.3,42537.3,27883.5082,245014.848,245014.848
600193.SH,20220401,5.51,0.7219,1.1013,1.47,118.2518,118.2518,7.4855,3.3949,3.3949,0.0,,42537.3,42537.3,27883.5082,234380.523,234380.523
600193.SH,20220331,5.51,0.4743,0.7235,0.97,118.2518,118.2518,7.4855,3.3949,3.3949,0.0,,42537.3,42537.3,27883.5082,234380.523,234380.523
600193.SH,20220330,5.48,0.4362,0.6751,0.86,40.2308,39.366,7.4459,2.1269,2.319,0.0,,42537.3,42537.3,27485.3755,233104.404,233104.404
600193.SH,20220329,5.47,0.4351,0.6733,0.83,40.1573,39.2942,7.4323,2.1231,2.3148,0.0,,42537.3,42537.3,27485.3755,232679.031,232679.031
600193.SH,20220328,5.62,0.6289,0.9733,1.22,41.2585,40.3717,7.6361,2.1813,2.3783,0.0,,42537.3,42537.3,27485.3755,239059.626,239059.626
600193.SH,20220325,5.59,0.4739,0.7334,0.79,41.0383,40.1562,7.5953,2.1696,2.3656,0.0,,42537.3,42537.3,27485.3755,237783.507,237783.507
600193.SH,20220324,5.58,0.4666,0.7222,0.65,40.9649,40.0844,7.5818,2.1657,2.3613,0.0,,42537.3,42537.3,27485.3755,237358.134,237358.134
600193.SH,20220323,5.62,0.5235,0.8101,0.67,41.2585,40.3717,7.6361,2.1813,2.3783,0.0,,42537.3,42537.3,27485.3755,239059.626,239059.626
600193.SH,20220322,5.66,0.5354,0.8286,0.65,41.5522,40.659,7.6905,2.1968,2.3952,0.0,,42537.3,42537.3,27485.3755,240761.118,240761.118
600193.SH,20220321,5.7,0.5699,0.8819,0.71,41.8459,40.9464,7.7448,2.2123,2.4121,0.0,,42537.3,42537.3,27485.3755,242462.61,242462.61
600193.SH,20220318,5.67,0.9188,1.422,1.25,41.6256,40.7309,7.704,2.2007,2.3994,0.0,,42537.3,42537.3,27485.3755,241186.491,241186.491
600193.SH,20220317,5.45,1.0279,1.5908,1.38,40.0105,39.1505,7.4051,2.1153,2.3063,0.0,,42537.3,42537.3,27485.3755,231828.285,231828.285
600193.SH,20220316,5.48,0.832,1.2876,1.04,40.2308,39.366,7.4459,2.1269,2.319,0.0,,42537.3,42537.3,27485.3755,233104.404,233104.404
600193.SH,20220315,5.39,0.7903,1.2231,0.99,39.57,38.7195,7.3236,2.092,2.2809,0.0,,42537.3,42537.3,27485.3755,229276.047,229276.047
600193.SH,20220314,5.76,0.418,0.647,0.5,42.2863,41.3774,7.8263,2.2356,2.4375,0.0,,42537.3,42537.3,27485.3755,245014.848,245014.848
600193.SH,20220311,6.01,0.6061,0.9381,0.67,44.1217,43.1733,8.166,2.3326,2.5433,0.0,,42537.3,42537.3,27485.3755,255649.173,255649.173
600193.SH,20220310,6.05,1.084,1.6776,1.26,44.4153,43.4606,8.2204,2.3482,2.5602,0.0,,42537.3,42537.3,27485.3755,257350.665,257350.665
600193.SH,20220309,5.69,1.1177,1.7298,1.41,41.7724,40.8745,7.7312,2.2084,2.4079,0.0,,42537.3,42537.3,27485.3755,242037.237,242037.237
600193.SH,20220308,5.81,0.7623,1.1798,0.99,42.6534,41.7366,7.8943,2.255,2.4587,0.0,,42537.3,42537.3,27485.3755,247141.713,247141.713
600193.SH,20220307,5.97,0.6265,0.9695,0.71,43.828,42.8859,8.1117,2.3171,2.5264,0.0,,42537.3,42537.3,27485.3755,253947.681,253947.681
600193.SH,20220304,6.08,0.9354,1.4476,1.17,44.6356,43.6761,8.2611,2.3598,2.5729,0.0,,42537.3,42537.3,27485.3755,258626.784,258626.784
600193.SH,20220303,6.24,0.8444,1.3069,1.09,45.8102,44.8255,8.4785,2.4219,2.6406,0.0,,42537.3,42537.3,27485.3755,265432.752,265432.752
600193.SH,20220302,6.25,0.7878,1.2193,0.99,45.8836,44.8974,8.4921,2.4258,2.6449,0.0,,42537.3,42537.3,27485.3755,265858.125,265858.125
600193.SH,20220301,6.18,0.6625,1.0253,0.83,45.3697,44.3945,8.397,2.3986,2.6152,0.0,,42537.3,42537.3,27485.3755,262880.514,262880.514
600193.SH,20220228,6.12,1.1946,1.8488,1.85,44.9292,43.9635,8.3155,2.3753,2.5899,0.0,,42537.3,42537.3,27485.3755,260328.276,260328.276
600193.SH,20220225,6.25,0.4985,0.7715,0.76,45.8836,44.8974,8.4921,2.4258,2.6449,0.0,,42537.3,42537.3,27485.3755,265858.125,265858.125
600193.SH,20220224,6.27,0.7466,1.1555,1.15,46.0304,45.041,8.5193,2.4336,2.6533,0.0,,42537.3,42537.3,27485.3755,266708.871,266708.871
600193.SH,20220223,6.43,0.8608,1.3322,1.34,47.2051,46.1904,8.7367,2.4957,2.721,0.0,,42537.3,42537.3,27485.3755,273514.839,273514.839
600193.SH,20220222,6.35,0.7014,1.0855,1.16,46.6178,45.6157,8.628,2.4646,2.6872,0.0,,42537.3,42537.3,27485.3755,270111.855,270111.855
600193.SH,20220221,6.32,0.4175,0.6462,0.7,46.3975,45.4002,8.5872,2.453,2.6745,0.0,,42537.3,42537.3,27485.3755,268835.736,268835.736
600193.SH,20220218,6.31,0.5738,0.888,0.98,46.3241,45.3284,8.5736,2.4491,2.6703,0.0,,42537.3,42537.3,27485.3755,268410.363,268410.363
600193.SH,20220217,6.22,0.7058,1.0922,1.27,45.6634,44.6818,8.4513,2.4141,2.6322,0.0,,42537.3,42537.3,27485.3755,264582.006,264582.006
600193.SH,20220216,6.33,0.8074,1.2496,1.6,46.4709,45.472,8.6008,2.4568,2.6787,0.0,,42537.3,42537.3,27485.3755,269261.109,269261.109
600193.SH,20220215,6.22,0.5262,0.8143,0.98,45.6634,44.6818,8.4513,2.4141,2.6322,0.0,,42537.3,42537.3,27485.3755,264582.006,264582.006
600193.SH,20220214,6.27,0.368,0.5695,0.62,46.0304,45.041,8.5193,2.4336,2.6533,0.0,,42537.3,42537.3,27485.3755,266708.871,266708.871
600193.SH,20220211,6.24,0.51,0.7894,0.76,45.8102,44.8255,8.4785,2.4219,2.6406,0.0,,42537.3,42537.3,27485.3755,265432.752,265432.752
600193.SH,20220210,6.28,0.5621,0.8699,0.77,46.1039,45.1129,8.5329,2.4374,2.6576,0.0,,42537.3,42537.3,27485.3755,267134.244,267134.244
600193.SH,20220209,6.31,0.5613,0.8687,0.72,46.3241,45.3284,8.5736,2.4491,2.6703,0.0,,42537.3,42537.3,27485.3755,268410.363,268410.363
600193.SH,20220208,6.22,0.6813,1.0544,0.75,45.6634,44.6818,8.4513,2.4141,2.6322,0.0,,42537.3,42537.3,27485.3755,264582.006,264582.006
600193.SH,20220207,6.05,0.6454,0.9988,0.68,44.4153,43.4606,8.2204,2.3482,2.5602,0.0,,42537.3,42537.3,27485.3755,257350.665,257350.665
600193.SH,20220128,5.91,0.9185,1.4215,1.0,43.3875,42.4549,8.0301,2.2938,2.501,0.0,,42537.3,42537.3,27485.3755,251395.443,251395.443
600193.SH,20220127,5.66,0.8564,1.3255,0.84,41.5522,40.659,7.6905,2.1968,2.3952,0.0,,42537.3,42537.3,27485.3755,240761.118,240761.118
600193.SH,20220126,5.89,0.8166,1.2639,0.81,43.2407,42.3113,8.003,2.2861,2.4925,0.0,,42537.3,42537.3,27485.3755,250544.697,250544.697
600193.SH,20220125,5.92,1.2906,1.9973,1.44,43.461,42.5268,8.0437,2.2977,2.5052,0.0,,42537.3,42537.3,27485.3755,251820.816,251820.816
600193.SH,20220124,6.02,0.8356,1.2933,0.96,44.1951,43.2451,8.1796,2.3365,2.5475,0.0,,42537.3,42537.3,27485.3755,256074.546,256074.546
600193.SH,20220121,6.11,0.7893,1.2215,0.82,44.8558,43.8917,8.3019,2.3715,2.5856,0.0,,42537.3,42537.3,27485.3755,259902.903,259902.903
600193.SH,20220120,6.11,1.3501,2.0895,1.61,44.8558,43.8917,8.3019,2.3715,2.5856,0.0,,42537.3,42537.3,27485.3755,259902.903,259902.903
600193.SH,20220119,6.3,0.784,1.2133,0.94,46.2507,45.2565,8.56,2.4452,2.666,0.0,,42537.3,42537.3,27485.3755,267984.99,267984.99
600193.SH,20220118,6.4,0.7257,1.1232,0.9,46.9848,45.9749,8.6959,2.484,2.7083,0.0,,42537.3,42537.3,27485.3755,272238.72,272238.72
600193.SH,20220117,6.41,0.7101,1.0989,0.91,47.0582,46.0467,8.7095,2.4879,2.7126,0.0,,42537.3,42537.3,27485.3755,272664.093,272664.093
600193.SH,20220114,6.34,1.2496,1.934,1.62,46.5443,45.5439,8.6144,2.4607,2.683,0.0,,42537.3,42537.3,27485.3755,269686.482,269686.482
600193.SH,20220113,6.53,0.7354,1.1381,0.82,47.9392,46.9088,8.8726,2.5345,2.7634,0.0,,42537.3,42537.3,27485.3755,277768.569,277768.569
600193.SH,20220112,6.58,0.7328,1.1341,0.67,48.3063,47.2679,8.9405,2.5539,2.7845,0.0,,42537.3,42537.3,27485.3755,279895.434,279895.434
600193.SH,20220111,6.55,0.6093,0.9429,0.5,48.086,47.0524,8.8997,2.5422,2.7718,0.0,,42537.3,42537.3,27485.3755,278619.315,278619.315
600193.SH,20220110,6.55,0.5619,0.8697,0.41,48.086,47.0524,8.8997,2.5422,2.7718,0.0,,42537.3,42537.3,27485.3755,278619.315,278619.315
600193.SH,20220107,6.56,1.2237,1.8938,0.94,48.1594,47.1243,8.9133,2.5461,2.7761,0.0,,42537.3,42537.3,27485.3755,279044.688,279044.688
600193.SH,20220106,6.61,1.3314,2.0605,1.14,48.5265,47.4834,8.9813,2.5655,2.7972,0.0,,42537.3,42537.3,27485.3755,281171.553,281171.553
600193.SH,20220105,6.5,1.7353,2.6856,1.73,47.719,46.6932,8.8318,2.5228,2.7507,0.0,,42537.3,42537.3,27485.3755,276492.45,276492.45
600193.SH,20220104,6.65,1.2908,1.9977,1.26,48.8202,47.7708,9.0356,2.581,2.8141,0.0,,42537.3,42537.3,27485.3755,282873.045,282873.045
