ts_code,trade_date,close,turnover_rate,turnover_rate_f,volume_ratio,pe,pe_ttm,pb,ps,ps_ttm,dv_ratio,dv_ttm,total_share,float_share,free_share,total_mv,circ_mv
603712.SH,20251231,20.77,4.8128,9.3106,2.07,,,3.8415,7.4447,9.2326,0.2889,,77200.0,77200.0,39906.17,1603444.0,1603444.0
603712.SH,20251230,19.73,2.0492,3.9642,0.82,,,3.6492,7.0719,8.7703,0.3041,,77200.0,77200.0,39906.17,1523156.0,1523156.0
603712.SH,20251229,20.03,2.345,4.5364,0.97,,,3.7047,7.1794,8.9037,0.2996,,77200.0,77200.0,39906.17,1546316.0,1546316.0
603712.SH,20251226,19.67,2.1336,4.1276,0.87,,,3.6381,7.0504,8.7436,0.305,,77200.0,77200.0,39906.17,1518524.0,1518524.0
603712.SH,20251225,19.77,2.5399,4.9136,1.07,,,3.6566,7.0862,8.7881,0.3035,,77200.0,77200.0,39906.17,1526244.0,1526244.0
603712.SH,20251224,19.17,2.5741,4.9796,1.03,,,3.5456,6.8712,8.5214,0.313,,77200.0,77200.0,39906.17,1479924.0,1479924.0
603712.SH,20251223,18.83,2.8497,5.5128,1.16,,,3.4827,6.7493,8.3702,0.3186,,77200.0,77200.0,39906.17,1453676.0,1453676.0
603712.SH,20251222,19.68,2.0352,3.9371,0.84,,,3.6399,7.054,8.7481,0.3049,,77200.0,77200.0,39906.17,1519296.0,1519296.0
603712.SH,20251219,19.93,2.2175,4.2899,0.86,,,3.6862,7.1436,8.8592,0.3011,,77200.0,77200.0,39906.17,1538596.0,1538596.0
603712.SH,20251218,19.51,2.1422,4.1442,0.86,,,3.6085,6.993,8.6725,0.3075,,77200.0,77200.0,39906.17,1506172.0,1506172.0
603712.SH,20251217,19.46,3.273,6.3318,1.45,,,3.5992,6.9751,8.6503,0.3083,,77200.0,77200.0,39906.17,1502312.0,1502312.0
603712.SH,20251216,20.06,2.5963,5.0226,1.22,,,3.7102,7.1902,8.917,0.2991,,77200.0,77200.0,39906.17,1548632.0,1548632.0
603712.SH,20251215,20.54,1.8261,3.5326,0.75,,,3.799,7.3622,9.1304,0.2921,,77200.0,77200.0,39906.17,1585688.0,1585688.0
603712.SH,20251212,20.5,3.1268,6.049,1.23,,,3.7916,7.3479,9.1126,0.2927,,77200.0,77200.0,39906.17,1582600.0,1582600.0
603712.SH,20251211,21.08,1.5939,3.0834,0.57,,,3.8989,7.5558,9.3704,0.2846,,77200.0,77200.0,39906.17,1627376.0,1627376.0
603712.SH,20251210,21.36,2.1582,4.1751,0.7,,,3.9506,7.6561,9.4949,0.2809,,77200.0,77200.0,39906.17,1648992.0,1648992.0
603712.SH,20251209,21.45,1.9763,3.8233,0.59,,,3.9673,7.6884,9.5349,0.2797,,77200.0,77200.0,39906.17,1655940.0,1655940.0
603712.SH,20251208,21.63,3.3304,6.4427,0.93,,,4.0006,7.7529,9.6149,0.2774,,77200.0,77200.0,39906.17,1669836.0,1669836.0
603712.SH,20251205,21.79,3.6714,7.1024,0.97,,,4.0302,7.8103,9.686,0.2754,,77200.0,77200.0,39906.17,1682188.0,1682188.0
603712.SH,20251204,21.1,2.7706,5.3598,0.82,,,3.9026,7.563,9.3793,0.2844,,77200.0,77200.0,39906.17,1628920.0,1628920.0
603712.SH,20251203,21.62,3.6552,7.0712,1.26,,,3.9987,7.7493,9.6104,0.2775,,77200.0,77200.0,39906.17,1669064.0,1669064.0
603712.SH,20251202,21.55,3.2179,6.2252,1.31,,,3.9858,7.7242,9.5793,0.2784,,77200.0,77200.0,39906.17,1663660.0,1663660.0
603712.SH,20251201,21.35,4.5985,8.8961,2.51,,,3.9488,7.6526,9.4904,0.281,,77200.0,77200.0,39906.17,1648220.0,1648220.0
603712.SH,20251128,21.84,4.7035,9.099,4.0,,,4.0394,7.8282,9.7082,0.2747,,77200.0,77200.0,39906.17,1686048.0,1686048.0
603712.SH,20251127,19.85,0.7811,1.5111,0.6,,,3.6714,7.1149,8.8237,0.3023,,77200.0,77200.0,39906.17,1532420.0,1532420.0
603712.SH,20251126,19.89,1.2265,2.3728,0.99,,,3.6788,7.1292,8.8414,0.3017,,77200.0,77200.0,39906.17,1535508.0,1535508.0
603712.SH,20251125,20.22,1.0084,1.9508,0.81,,,3.7398,7.2475,8.9881,0.2967,,77200.0,77200.0,39906.17,1560984.0,1560984.0
603712.SH,20251124,20.25,1.4514,2.8077,1.18,,,3.7453,7.2583,9.0015,0.2963,,77200.0,77200.0,39906.17,1563300.0,1563300.0
603712.SH,20251121,19.58,1.4145,2.7365,1.2,,,3.6214,7.0181,8.7036,0.3064,,77200.0,77200.0,39906.17,1511576.0,1511576.0
603712.SH,20251120,19.75,1.4571,2.8187,1.14,,,3.6529,7.0791,8.7792,0.3038,,77200.0,77200.0,39906.17,1524700.0,1524700.0
603712.SH,20251119,20.65,0.888,1.7179,0.47,,,3.8193,7.4017,9.1793,0.2906,,77200.0,77200.0,39906.17,1594180.0,1594180.0
603712.SH,20251118,20.49,0.998,1.9306,0.55,,,3.7897,7.3443,9.1081,0.2928,,77200.0,77200.0,39906.17,1581828.0,1581828.0
603712.SH,20251117,20.9,1.3815,2.6726,0.77,,,3.8656,7.4913,9.2904,0.2871,,77200.0,77200.0,39906.17,1613480.0,1613480.0
603712.SH,20251114,20.79,1.1698,2.263,0.62,,,3.8452,7.4518,9.2415,0.2886,,77200.0,77200.0,39906.17,1604988.0,1604988.0
603712.SH,20251113,20.82,1.9767,3.8239,1.18,,,3.8508,7.4626,9.2548,0.2882,,77200.0,77200.0,39906.17,1607304.0,1607304.0
603712.SH,20251112,20.56,3.9113,7.5666,3.85,,,3.8027,7.3694,9.1393,0.2918,,77200.0,77200.0,39906.17,1587232.0,1587232.0
603712.SH,20251111,20.16,0.6313,1.2212,0.62,,,3.7287,7.226,8.9615,0.2976,,77200.0,77200.0,39906.17,1556352.0,1556352.0
603712.SH,20251110,20.16,1.313,2.54,1.45,,,3.7287,7.226,8.9615,0.2976,,77200.0,77200.0,39906.17,1556352.0,1556352.0
603712.SH,20251107,19.95,1.6369,3.1666,2.29,,,3.6899,7.1508,8.8681,0.3008,,77200.0,77200.0,39906.17,1540140.0,1540140.0
603712.SH,20251106,19.78,0.9125,1.7653,1.15,,,3.6584,7.0898,8.7925,0.3033,,77200.0,77200.0,39906.17,1527016.0,1527016.0
603712.SH,20251105,19.97,0.5801,1.1221,0.63,,,3.6936,7.1579,8.877,0.3005,,77200.0,77200.0,39906.17,1541684.0,1541684.0
603712.SH,20251104,20.04,0.6308,1.2204,0.62,,,3.7065,7.183,8.9081,0.2994,,77200.0,77200.0,39906.17,1547088.0,1547088.0
603712.SH,20251103,20.3,0.7721,1.4937,0.7,,,3.7546,7.2762,9.0237,0.2956,,77200.0,77200.0,39906.17,1567160.0,1567160.0
603712.SH,20251031,20.1,0.6746,1.3051,0.57,,,3.7176,7.2045,8.9348,0.2985,,77200.0,77200.0,39906.17,1551720.0,1551720.0
603712.SH,20251030,20.01,1.3178,2.5493,1.19,,,3.701,7.1723,8.8948,0.2999,,77200.0,77200.0,39906.17,1544772.0,1544772.0
603712.SH,20251029,20.07,1.201,2.3233,1.03,,,3.6328,7.1938,9.7869,0.299,,77200.0,77200.0,39906.17,1549404.0,1549404.0
603712.SH,20251028,20.23,1.16,2.2441,0.97,,,3.6618,7.2511,9.8649,0.2966,,77200.0,77200.0,39906.17,1561756.0,1561756.0
603712.SH,20251027,20.1,1.1398,2.2051,0.99,,,3.6383,7.2045,9.8015,0.2985,,77200.0,77200.0,39906.17,1551720.0,1551720.0
603712.SH,20251024,19.73,1.0993,2.1266,0.85,,,3.5713,7.0719,9.6211,0.3041,,77200.0,77200.0,39906.17,1523156.0,1523156.0
603712.SH,20251023,19.59,0.9239,1.7874,0.65,,,3.5459,7.0217,9.5528,0.3063,,77200.0,77200.0,39906.17,1512348.0,1512348.0
603712.SH,20251022,19.46,1.5302,2.9602,1.14,,,3.5224,6.9751,9.4894,0.3083,,77200.0,77200.0,39906.17,1502312.0,1502312.0
603712.SH,20251021,20.06,1.3048,2.5242,0.93,,,3.631,7.1902,9.782,0.2991,,77200.0,77200.0,39906.17,1548632.0,1548632.0
603712.SH,20251020,20.12,0.8999,1.7408,0.6,,,3.6419,7.2117,9.8112,0.2982,,77200.0,77200.0,39906.17,1553264.0,1553264.0
603712.SH,20251017,20.05,1.7763,3.4363,1.23,,,3.6292,7.1866,9.7771,0.2993,,77200.0,77200.0,39906.17,1547860.0,1547860.0
603712.SH,20251016,21.15,1.6269,3.1472,1.1,,,3.8283,7.5809,10.3135,0.2837,,77200.0,77200.0,39906.17,1632780.0,1632780.0
603712.SH,20251015,21.9,1.0804,2.09,0.6,,,3.9641,7.8497,10.6792,0.274,,77200.0,77200.0,39906.17,1690680.0,1690680.0
603712.SH,20251014,21.61,1.6455,3.1833,0.94,,,3.9116,7.7458,10.5378,0.2776,,77200.0,77200.0,39906.17,1668292.0,1668292.0
603712.SH,20251013,22.17,1.3799,2.6695,0.81,,,4.0129,7.9465,10.8109,0.2706,,77200.0,77200.0,39906.17,1711524.0,1711524.0
603712.SH,20251010,22.14,1.4922,2.8868,0.9,,,4.0075,7.9357,10.7963,0.271,,77200.0,77200.0,39906.17,1709208.0,1709208.0
603712.SH,20251009,22.18,1.7886,3.4601,1.09,,,4.0148,7.9501,10.8158,0.2705,,77200.0,77200.0,39906.17,1712296.0,1712296.0
603712.SH,20250930,21.89,2.7708,5.3602,1.93,,,3.9623,7.8461,10.6744,0.2741,,77200.0,77200.0,39906.17,1689908.0,1689908.0
603712.SH,20250929,21.16,1.3031,2.5208,0.91,,,3.8301,7.5845,10.3184,0.2836,,77200.0,77200.0,39906.17,1633552.0,1633552.0
603712.SH,20250926,21.11,1.1409,2.207,0.62,,,3.8211,7.5665,10.294,0.2842,,77200.0,77200.0,39906.17,1629692.0,1629692.0
603712.SH,20250925,21.46,1.2736,2.4638,0.66,,,3.8844,7.692,10.4647,0.2796,,77200.0,77200.0,39906.17,1656712.0,1656712.0
603712.SH,20250924,21.49,1.7118,3.3115,0.9,,,3.8899,7.7027,10.4793,0.2792,,77200.0,77200.0,39906.17,1659028.0,1659028.0
603712.SH,20250923,21.66,1.7339,3.3542,0.94,,,3.9206,7.7637,10.5622,0.277,,77200.0,77200.0,39906.17,1672152.0,1672152.0
603712.SH,20250922,21.25,1.3234,2.5601,0.7,,,3.8464,7.6167,10.3623,0.2824,,77200.0,77200.0,39906.17,1640500.0,1640500.0
603712.SH,20250919,21.45,3.1174,6.0306,2.04,,,3.8826,7.6884,10.4598,0.2797,,77200.0,77200.0,39906.17,1655940.0,1655940.0
603712.SH,20250918,20.77,1.7367,3.3596,1.09,,,3.7595,7.4447,10.1282,0.2889,,77200.0,77200.0,39906.17,1603444.0,1603444.0
603712.SH,20250917,21.2,1.5839,3.0641,0.92,,,3.8374,7.5988,10.3379,0.283,,77200.0,77200.0,39906.17,1636640.0,1636640.0
603712.SH,20250916,21.07,1.4855,2.8737,0.85,,,3.8138,7.5522,10.2745,0.2848,,77200.0,77200.0,39906.17,1626604.0,1626604.0
603712.SH,20250915,21.22,1.5916,3.079,0.94,,,3.841,7.606,10.3476,0.2828,,77200.0,77200.0,39906.17,1638184.0,1638184.0
603712.SH,20250912,21.71,1.2564,2.4305,0.7,,,3.9297,7.7816,10.5866,0.2764,,77200.0,77200.0,39906.17,1676012.0,1676012.0
603712.SH,20250911,21.83,2.0579,3.981,1.11,,,3.9514,7.8246,10.6451,0.2749,,77200.0,77200.0,39906.17,1685276.0,1685276.0
603712.SH,20250910,22.01,2.2494,4.3515,1.12,,,3.984,7.8891,10.7329,0.2726,,77200.0,77200.0,39906.17,1699172.0,1699172.0
603712.SH,20250909,20.97,1.5769,3.0505,0.73,,,3.7957,7.5164,10.2257,0.2861,,77200.0,77200.0,39906.17,1618884.0,1618884.0
603712.SH,20250908,21.68,1.3447,2.6014,0.55,,,3.9243,7.7708,10.572,0.2768,,77200.0,77200.0,39906.17,1673696.0,1673696.0
603712.SH,20250905,21.53,1.6861,3.2619,0.64,,,3.8971,7.7171,10.4988,0.2787,,77200.0,77200.0,39906.17,1662116.0,1662116.0
603712.SH,20250904,21.1,2.3995,4.642,0.75,,,3.8193,7.563,10.2891,0.2844,,77200.0,77200.0,39906.17,1628920.0,1628920.0
603712.SH,20250903,21.09,3.0277,5.8573,0.8,,,3.8175,7.5594,10.2842,0.2845,,77200.0,77200.0,39906.17,1628148.0,1628148.0
603712.SH,20250902,22.5,2.3995,4.642,0.62,,,4.0727,8.0648,10.9718,0.2667,,77200.0,77200.0,39906.17,1737000.0,1737000.0
603712.SH,20250901,22.97,2.732,5.2851,0.65,,,4.1578,8.2332,11.201,0.2612,,77200.0,77200.0,39906.17,1773284.0,1773284.0
603712.SH,20250829,22.91,2.6039,5.0374,0.61,,,4.1469,8.2117,11.1717,0.2619,,77200.0,77200.0,39906.17,1768652.0,1768652.0
603712.SH,20250828,23.13,5.3231,10.2978,1.44,,,4.1867,8.2906,11.279,0.2594,,77200.0,77200.0,39906.17,1785636.0,1785636.0
603712.SH,20250827,23.86,5.8029,11.2259,1.81,,,4.2594,8.5522,9.7972,0.2515,,77200.0,77200.0,39906.17,1841992.0,1841992.0
603712.SH,20250826,23.66,2.8536,5.5204,0.76,,,4.2237,8.4805,9.715,0.2536,,77200.0,77200.0,39906.17,1826552.0,1826552.0
603712.SH,20250825,23.89,4.3384,8.3928,1.14,,,4.2647,8.563,9.8095,0.2512,,77200.0,77200.0,39906.17,1844308.0,1844308.0
603712.SH,20250822,23.76,3.151,6.0957,0.82,,,4.2415,8.5164,9.7561,0.2525,,77200.0,77200.0,39906.17,1834272.0,1834272.0
603712.SH,20250821,23.38,2.3975,4.6381,0.59,,,4.1737,8.3802,9.6001,0.2566,,77200.0,77200.0,39906.17,1804936.0,1804936.0
603712.SH,20250820,23.44,3.3247,6.4317,0.82,,,4.1844,8.4017,9.6247,0.256,,77200.0,77200.0,39906.17,1809568.0,1809568.0
603712.SH,20250819,23.55,5.6505,10.931,1.43,,,4.204,8.4411,9.6699,0.2548,,77200.0,77200.0,39906.17,1818060.0,1818060.0
603712.SH,20250818,22.95,4.4531,8.6146,1.06,,,4.0969,8.2261,9.4235,0.2614,,77200.0,77200.0,39906.17,1771740.0,1771740.0
603712.SH,20250815,22.96,3.3587,6.4975,0.64,,,4.0987,8.2296,9.4276,0.2613,,77200.0,77200.0,39906.17,1772512.0,1772512.0
603712.SH,20250814,22.84,3.5883,6.9416,0.6,,,4.0773,8.1866,9.3783,0.2627,,77200.0,77200.0,39906.17,1763248.0,1763248.0
603712.SH,20250813,23.72,3.2173,6.224,0.51,,,4.2344,8.502,9.7397,0.253,,77200.0,77200.0,39906.17,1831184.0,1831184.0
603712.SH,20250812,23.85,5.1469,9.9569,0.77,,,4.2576,8.5486,9.7931,0.2516,,77200.0,77200.0,39906.17,1841220.0,1841220.0
603712.SH,20250811,24.62,5.6798,10.9879,0.88,,,4.395,8.8246,10.1092,0.2437,,77200.0,77200.0,39906.17,1900664.0,1900664.0
603712.SH,20250808,24.38,8.5876,16.613,1.69,,,4.3522,8.7386,10.0107,0.2461,,77200.0,77200.0,39906.17,1882136.0,1882136.0
603712.SH,20250807,25.31,7.4297,14.3729,1.83,,,4.5182,9.072,10.3926,0.2371,,77200.0,77200.0,39906.17,1953932.0,1953932.0
603712.SH,20250806,23.01,4.8132,9.3113,1.33,,,4.1076,8.2476,9.4481,0.2608,,77200.0,77200.0,39906.17,1776372.0,1776372.0
603712.SH,20250805,22.87,7.029,13.5978,2.72,,,4.0826,8.1974,9.3907,0.2624,,77200.0,77200.0,39906.17,1765564.0,1765564.0
603712.SH,20250804,22.03,4.3101,8.338,1.96,,,3.9327,7.8963,9.0457,0.2724,,77200.0,77200.0,39906.17,1700716.0,1700716.0
603712.SH,20250801,20.86,1.7672,3.4188,0.82,,,3.7238,7.4769,8.5653,0.2876,,77200.0,77200.0,39906.17,1610392.0,1610392.0
603712.SH,20250731,21.19,2.3895,4.6225,1.04,,,3.7827,7.5952,8.7008,0.2832,,77200.0,77200.0,39906.17,1635868.0,1635868.0
603712.SH,20250730,21.32,2.5798,4.9908,1.26,,,3.8059,7.6418,8.7542,0.2814,,77200.0,77200.0,39906.17,1645904.0,1645904.0
603712.SH,20250729,21.49,1.8846,3.6458,0.93,,,3.8363,7.7027,8.824,0.2792,,77200.0,77200.0,39906.17,1659028.0,1659028.0
603712.SH,20250728,21.3,2.3635,4.5723,1.27,,,3.8024,7.6346,8.746,0.2817,,77200.0,77200.0,39906.17,1644360.0,1644360.0
603712.SH,20250725,21.17,1.5649,3.0273,0.85,,,3.7792,7.588,8.6926,0.2834,,77200.0,77200.0,39906.17,1634324.0,1634324.0
603712.SH,20250724,21.08,3.0707,5.9403,1.86,,,3.7631,7.5558,8.6557,0.2846,,77200.0,77200.0,39906.17,1627376.0,1627376.0
603712.SH,20250723,20.26,1.3944,2.6975,0.91,,,3.6167,7.2619,8.319,0.2962,,77200.0,77200.0,39906.17,1564072.0,1564072.0
603712.SH,20250722,20.62,1.6917,3.2727,0.99,,,3.681,7.3909,8.4668,0.291,,77200.0,77200.0,39906.17,1591864.0,1591864.0
603712.SH,20250721,20.79,1.556,3.0102,0.94,,,3.7113,7.4518,8.5366,0.2886,,77200.0,77200.0,39906.17,1604988.0,1604988.0
603712.SH,20250718,20.65,1.4398,2.7854,0.88,,,3.6863,7.4017,8.4791,0.2906,,77200.0,77200.0,39906.17,1594180.0,1594180.0
603712.SH,20250717,20.56,2.1587,4.1762,1.41,,,3.6703,7.3694,8.4422,0.2918,,77200.0,77200.0,39906.17,1587232.0,1587232.0
603712.SH,20250716,19.95,0.8362,1.6177,0.5,,,3.5614,7.1508,8.1917,0.3008,,77200.0,77200.0,39906.17,1540140.0,1540140.0
603712.SH,20250715,19.94,2.5882,5.007,1.63,,,3.5596,7.1472,8.1876,0.3009,,77200.0,77200.0,39906.17,1539368.0,1539368.0
603712.SH,20250714,20.51,1.2409,2.4007,0.74,,,3.6613,7.3515,8.4216,0.2925,,77200.0,77200.0,39906.17,1583372.0,1583372.0
603712.SH,20250711,20.68,1.3629,2.6367,0.74,,,3.6917,7.4124,8.4914,0.2901,,77200.0,77200.0,39906.17,1596496.0,1596496.0
603712.SH,20250710,20.58,1.6498,3.1916,0.67,,,3.6738,7.3766,8.4504,0.2915,,77200.0,77200.0,39906.17,1588776.0,1588776.0
603712.SH,20250709,20.84,1.5078,2.9169,0.54,,,3.7202,7.4698,8.5571,0.2879,,77200.0,77200.0,39906.17,1608848.0,1608848.0
603712.SH,20250708,21.06,2.18,4.2174,0.66,,,3.7595,7.5486,8.6475,0.2849,,77200.0,77200.0,39906.17,1625832.0,1625832.0
603712.SH,20250707,20.84,1.6895,3.2683,0.44,,,3.7202,7.4698,8.5571,0.2879,,77200.0,77200.0,39906.17,1608848.0,1608848.0
603712.SH,20250704,21.31,2.2411,4.3355,0.59,,,3.8041,7.6382,8.7501,0.2816,,77200.0,77200.0,39906.17,1645132.0,1645132.0
603712.SH,20250703,21.66,4.7681,9.2242,1.32,,,3.8666,7.7637,8.8938,0.277,,77200.0,77200.0,39906.17,1672152.0,1672152.0
603712.SH,20250702,20.96,3.0079,5.8189,0.87,,,3.7417,7.5128,8.6064,0.2863,,77200.0,77200.0,39906.17,1618112.0,1618112.0
603712.SH,20250701,21.54,4.8162,9.3172,1.71,,,3.8452,7.7207,8.8446,0.2786,,77200.0,77200.0,39906.17,1662888.0,1662888.0
603712.SH,20250630,21.01,4.1645,8.0563,1.84,,,3.7506,7.5307,8.6269,0.2856,,77200.0,77200.0,39906.17,1621972.0,1621972.0
603712.SH,20250627,20.15,2.3669,4.5788,1.17,,,3.5971,7.2224,8.2738,0.2978,,77200.0,77200.0,39906.17,1555580.0,1555580.0
603712.SH,20250626,20.33,3.6644,7.089,2.14,,,3.6292,7.287,8.3477,0.2951,,77200.0,77200.0,39906.17,1569476.0,1569476.0
603712.SH,20250625,19.96,2.1812,4.2196,1.36,,,3.5632,7.1543,8.1958,0.3006,,77200.0,77200.0,39906.17,1540912.0,1540912.0
603712.SH,20250624,19.44,1.6727,3.2358,1.01,,,3.4703,6.968,7.9823,0.3086,,77200.0,77200.0,39906.17,1500768.0,1500768.0
603712.SH,20250623,19.3,1.4613,2.8269,0.9,,,3.4453,6.9178,7.9248,0.3109,,77200.0,77200.0,39906.17,1489960.0,1489960.0
603712.SH,20250620,19.21,1.1687,2.2608,0.63,,,3.4293,6.8855,7.8878,0.3123,,77200.0,77200.0,39906.17,1483012.0,1483012.0
603712.SH,20250619,19.46,2.0591,3.9834,1.22,,,3.4739,6.9751,7.9905,0.3083,0.3083,77200.0,77200.0,39906.17,1502312.0,1502312.0
603712.SH,20250618,20.07,1.6774,3.245,1.08,,,3.5828,7.1938,8.241,0.299,0.299,77200.0,77200.0,39906.17,1549404.0,1549404.0
603712.SH,20250617,20.18,1.8986,3.673,1.2,,,3.6024,7.2332,8.2861,0.2973,0.2973,77200.0,77200.0,39906.17,1557896.0,1557896.0
603712.SH,20250616,19.79,1.2716,2.46,0.74,,,3.5328,7.0934,8.126,0.3032,0.3032,77200.0,77200.0,39906.17,1527788.0,1527788.0
603712.SH,20250613,19.83,2.4022,4.6176,1.44,,,3.5399,7.1077,8.1424,0.3026,0.3026,77200.0,77200.0,40161.38,1530876.0,1530876.0
603712.SH,20250612,19.98,1.1554,2.221,0.64,,,3.5667,7.1615,8.204,0.3003,0.3003,77200.0,77200.0,40161.38,1542456.0,1542456.0
603712.SH,20250611,20.22,1.0337,1.987,0.55,,,3.6096,7.2475,8.3025,0.2967,0.2967,77200.0,77200.0,40161.38,1560984.0,1560984.0
603712.SH,20250610,20.29,2.0773,3.9931,1.02,,,3.6221,7.2726,8.3313,0.2957,0.2957,77200.0,77200.0,40161.38,1566388.0,1566388.0
603712.SH,20250609,20.96,1.9362,3.7219,0.91,,,3.7417,7.5128,8.6064,0.2863,0.2863,77200.0,77200.0,40161.38,1618112.0,1618112.0
603712.SH,20250606,20.91,2.1521,4.1368,1.12,,,3.7327,7.4948,8.5859,0.2869,0.2869,77200.0,77200.0,40161.38,1614252.0,1614252.0
603712.SH,20250605,20.6,1.7665,3.3957,0.97,,,3.6774,7.3837,8.4586,0.2913,0.2913,77200.0,77200.0,40161.38,1590320.0,1590320.0
603712.SH,20250604,20.41,1.5401,2.9604,0.87,,,3.6435,7.3156,8.3806,0.294,0.294,77200.0,77200.0,40161.38,1575652.0,1575652.0
603712.SH,20250603,20.65,2.7476,5.2815,1.85,,,3.6863,7.4017,8.4791,0.2906,0.2906,77200.0,77200.0,40161.38,1594180.0,1594180.0
603712.SH,20250530,20.33,2.4111,4.6348,1.78,,,3.6292,7.287,8.3477,0.2951,0.2951,77200.0,77200.0,40161.38,1569476.0,1569476.0
603712.SH,20250529,19.85,1.1397,2.1908,0.61,,,3.5435,7.1149,8.1506,0.3023,0.3023,77200.0,77200.0,40161.38,1532420.0,1532420.0
603712.SH,20250528,19.59,1.2292,2.3627,0.62,,,3.4971,7.0217,8.0439,0.3063,0.3063,77200.0,77200.0,40161.38,1512348.0,1512348.0
603712.SH,20250527,20.14,1.3153,2.5284,0.58,,,3.5953,7.2189,8.2697,0.2979,0.2979,77200.0,77200.0,40161.38,1554808.0,1554808.0
603712.SH,20250526,20.04,1.3402,2.5762,0.53,,,3.5774,7.183,8.2286,0.2994,0.2994,77200.0,77200.0,40161.38,1547088.0,1547088.0
603712.SH,20250523,19.63,1.75,3.3639,0.68,,,3.5042,7.0361,8.0603,0.3057,0.3057,77200.0,77200.0,40161.38,1515436.0,1515436.0
603712.SH,20250522,19.96,3.6451,7.0069,1.47,,,3.5632,7.1543,8.1958,0.3006,0.3006,77200.0,77200.0,40161.38,1540912.0,1540912.0
603712.SH,20250521,19.47,1.8571,3.5698,0.64,,,3.4757,6.9787,7.9946,0.3082,0.3082,77200.0,77200.0,40161.38,1503084.0,1503084.0
603712.SH,20250520,19.88,2.7564,5.2985,0.67,,,3.5489,7.1257,8.1629,0.3018,0.3018,77200.0,77200.0,40161.38,1534736.0,1534736.0
603712.SH,20250519,20.53,2.6349,5.0649,0.6,,,3.6649,7.3586,8.4298,0.2923,0.2923,77200.0,77200.0,40161.38,1584916.0,1584916.0
603712.SH,20250516,20.25,2.0149,3.8731,0.45,,,3.6149,7.2583,8.3149,0.2963,0.2963,77200.0,77200.0,40161.38,1563300.0,1563300.0
603712.SH,20250515,20.42,3.1045,5.9676,0.72,,,3.6453,7.3192,8.3847,0.2938,0.2938,77200.0,77200.0,40161.38,1576424.0,1576424.0
603712.SH,20250514,21.09,3.9592,7.6106,1.0,,,3.7649,7.5594,8.6598,0.2845,0.2845,77200.0,77200.0,40161.38,1628148.0,1628148.0
603712.SH,20250513,21.45,9.0101,17.3196,3.73,,,3.8291,7.6884,8.8076,0.2797,0.2797,77200.0,77200.0,40161.38,1655940.0,1655940.0
603712.SH,20250512,21.99,3.7639,7.2351,2.09,,,3.9255,7.882,9.0293,0.2729,0.2729,77200.0,77200.0,40161.38,1697628.0,1697628.0
603712.SH,20250509,19.99,2.7741,5.3326,1.89,,,3.5685,7.1651,8.2081,0.3002,0.3002,77200.0,77200.0,40161.38,1543228.0,1543228.0
603712.SH,20250508,20.19,2.1323,4.0989,1.69,,,3.6042,7.2368,8.2902,0.2972,0.2972,77200.0,77200.0,40161.38,1558668.0,1558668.0
603712.SH,20250507,19.68,2.0947,4.0265,2.03,,,3.5132,7.054,8.0808,0.3049,0.3049,77200.0,77200.0,40161.38,1519296.0,1519296.0
603712.SH,20250506,19.16,1.2996,2.4981,1.27,,,3.4203,6.8676,7.8673,0.3132,0.3132,77200.0,77200.0,40161.38,1479152.0,1479152.0
603712.SH,20250430,18.45,0.7195,1.3824,0.58,,,3.2936,6.6131,7.5758,0.3252,0.3252,77200.0,77200.0,40183.25,1424340.0,1424340.0
603712.SH,20250429,18.4,1.0783,2.0717,0.81,,,3.2847,6.5952,7.5552,0.3261,0.3261,77200.0,77200.0,40183.25,1420480.0,1420480.0
603712.SH,20250428,18.4,1.0997,2.1128,0.82,,,3.2451,6.5952,6.5952,0.3261,0.3261,77200.0,77200.0,40183.25,1420480.0,1420480.0
603712.SH,20250425,18.98,0.9518,1.8286,0.67,,,3.3474,6.8031,6.8031,0.3161,0.3161,77200.0,77200.0,40183.25,1465256.0,1465256.0
603712.SH,20250424,19.32,1.2721,2.4439,0.83,,,3.4073,6.9249,6.9249,0.3106,0.3106,77200.0,77200.0,40183.25,1491504.0,1491504.0
603712.SH,20250423,19.29,1.8134,3.4839,1.29,,,3.402,6.9142,6.9142,0.311,0.311,77200.0,77200.0,40183.25,1489188.0,1489188.0
603712.SH,20250422,19.88,1.4859,2.8547,1.0,34.8967,146.7122,3.3376,4.6966,5.8769,0.3018,0.3018,77200.0,77200.0,40183.25,1534736.0,1534736.0
603712.SH,20250421,20.19,1.1974,2.3004,0.74,35.4408,149.0,3.3896,4.7699,5.9685,0.2972,0.2972,77200.0,77200.0,40183.25,1558668.0,1558668.0
603712.SH,20250418,20.0,1.3416,2.5775,0.71,35.1073,147.5978,3.3577,4.725,5.9124,0.3,0.3,77200.0,77200.0,40183.25,1544000.0,1544000.0
603712.SH,20250417,19.99,1.7906,3.4401,0.81,35.0898,147.524,3.3561,4.7226,5.9094,0.3002,0.3002,77200.0,77200.0,40183.25,1543228.0,1543228.0
603712.SH,20250416,19.94,1.2067,2.3183,0.48,35.002,147.155,3.3477,4.7108,5.8946,0.3009,0.3009,77200.0,77200.0,40183.25,1539368.0,1539368.0
603712.SH,20250415,20.38,1.8776,3.6073,0.77,35.7743,150.4022,3.4215,4.8148,6.0247,0.2944,0.2944,77200.0,77200.0,40183.25,1573336.0,1573336.0
603712.SH,20250414,19.98,1.8493,3.5529,0.72,35.0722,147.4502,3.3544,4.7203,5.9065,0.3003,0.3003,77200.0,77200.0,40183.25,1542456.0,1542456.0
603712.SH,20250411,20.12,2.7083,5.2031,1.18,35.318,148.4834,3.3779,4.7533,5.9478,0.2982,0.2982,77200.0,77200.0,40183.25,1553264.0,1553264.0
603712.SH,20250410,19.71,3.4304,6.5905,1.81,34.5983,145.4577,3.3091,4.6565,5.8266,0.3044,0.3044,77200.0,77200.0,40183.25,1521612.0,1521612.0
603712.SH,20250409,19.54,2.7066,5.2,1.61,34.2998,144.2031,3.2805,4.6163,5.7764,0.3071,0.3071,77200.0,77200.0,40183.25,1508488.0,1508488.0
603712.SH,20250408,17.76,1.5066,2.8945,0.9,31.1753,131.0669,2.9817,4.1958,5.2502,0.3378,0.3378,77200.0,77200.0,40183.25,1371072.0,1371072.0
603712.SH,20250407,17.83,2.4514,4.7096,1.75,31.2982,131.5835,2.9934,4.2123,5.2709,0.3365,0.3365,77200.0,77200.0,40183.25,1376476.0,1376476.0
603712.SH,20250403,19.23,1.36,2.6129,1.01,33.7557,141.9153,3.2285,4.5431,5.6847,0.312,0.312,77200.0,77200.0,40183.25,1484556.0,1484556.0
603712.SH,20250402,19.22,1.452,2.7895,1.14,33.7381,141.8415,3.2268,4.5407,5.6818,0.3122,0.3122,77200.0,77200.0,40183.25,1483784.0,1483784.0
603712.SH,20250401,19.39,1.6273,3.1264,1.23,34.0365,143.0961,3.2553,4.5809,5.732,0.3094,0.3094,77200.0,77200.0,40183.25,1496908.0,1496908.0
603712.SH,20250331,18.8,1.4938,2.8699,1.09,33.0009,138.742,3.1563,4.4415,5.5576,0.3191,0.3191,77200.0,77200.0,40183.25,1451360.0,1451360.0
603712.SH,20250328,18.72,1.0892,2.0925,0.74,32.8604,138.1516,3.1428,4.4226,5.534,0.3205,0.3205,77200.0,77200.0,40183.25,1445184.0,1445184.0
603712.SH,20250327,19.1,1.0385,1.9953,0.66,33.5275,140.9559,3.2066,4.5124,5.6463,0.3141,0.3141,77200.0,77200.0,40183.25,1474520.0,1474520.0
603712.SH,20250326,19.48,1.1098,2.1321,0.63,34.1945,143.7603,3.2704,4.6021,5.7586,0.308,0.308,77200.0,77200.0,40183.25,1503856.0,1503856.0
603712.SH,20250325,19.8,1.8844,3.6204,1.05,34.7562,146.1218,3.3242,4.6777,5.8532,0.303,0.303,77200.0,77200.0,40183.25,1528560.0,1528560.0
603712.SH,20250324,19.51,1.7436,3.3498,0.96,34.2472,143.9817,3.2755,4.6092,5.7675,0.3075,0.3075,77200.0,77200.0,40183.25,1506172.0,1506172.0
603712.SH,20250321,19.84,1.6318,3.135,0.79,34.8264,146.417,3.3309,4.6872,5.8651,0.3024,0.3024,77200.0,77200.0,40183.25,1531648.0,1531648.0
603712.SH,20250320,20.07,1.4898,2.8622,0.66,35.2302,148.1144,3.3695,4.7415,5.9331,0.299,0.299,77200.0,77200.0,40183.25,1549404.0,1549404.0
603712.SH,20250319,19.95,2.0037,3.8494,0.74,35.0195,147.2288,3.3493,4.7132,5.8976,0.3008,0.3008,77200.0,77200.0,40183.25,1540140.0,1540140.0
603712.SH,20250318,20.49,2.0643,3.9659,0.7,35.9674,151.214,3.44,4.8407,6.0572,0.2928,0.2928,77200.0,77200.0,40183.25,1581828.0,1581828.0
603712.SH,20250317,20.73,1.8605,3.5744,0.55,36.3887,152.9851,3.4803,4.8974,6.1282,0.2894,0.2894,77200.0,77200.0,40183.25,1600356.0,1600356.0
603712.SH,20250314,20.95,2.8504,5.4762,0.77,36.7749,154.6087,3.5172,4.9494,6.1932,0.2864,0.2864,77200.0,77200.0,40183.25,1617340.0,1617340.0
603712.SH,20250313,21.44,2.5927,4.9811,0.66,37.635,158.2249,3.5995,5.0652,6.3381,0.2799,0.2799,77200.0,77200.0,40183.25,1655168.0,1655168.0
603712.SH,20250312,21.19,4.1207,7.9166,1.11,37.1962,156.3799,3.5575,5.0061,6.2642,0.2832,0.2832,77200.0,77200.0,40183.25,1635868.0,1635868.0
603712.SH,20250311,20.93,3.2683,6.2791,0.79,36.7398,154.4611,3.5139,4.9447,6.1873,0.2867,0.2867,77200.0,77200.0,40183.25,1615796.0,1615796.0
603712.SH,20250310,20.43,3.953,7.5944,1.0,35.8621,150.7712,3.4299,4.8266,6.0395,0.2937,0.2937,77200.0,77200.0,40183.25,1577196.0,1577196.0
603712.SH,20250307,20.46,4.6873,9.0053,1.23,35.9148,150.9926,3.435,4.8337,6.0484,0.2933,0.2933,77200.0,77200.0,40183.25,1579512.0,1579512.0
603712.SH,20250306,19.89,3.486,6.6974,0.84,34.9142,146.786,3.3393,4.699,5.8799,0.3017,0.3017,77200.0,77200.0,40183.25,1535508.0,1535508.0
603712.SH,20250305,19.57,3.1957,6.1395,0.71,34.3525,144.4245,3.2855,4.6234,5.7853,0.3066,0.3066,77200.0,77200.0,40183.25,1510804.0,1510804.0
603712.SH,20250304,19.56,5.3988,10.3721,1.46,34.3349,144.3507,3.2839,4.621,5.7823,0.3067,0.3067,77200.0,77200.0,40183.25,1510032.0,1510032.0
603712.SH,20250303,18.6,3.0549,5.8691,0.88,32.6498,137.266,3.1227,4.3942,5.4985,0.3226,0.3226,77200.0,77200.0,40183.25,1435920.0,1435920.0
603712.SH,20250228,18.34,3.9378,7.5653,1.27,32.1934,135.3472,3.079,4.3328,5.4216,0.3272,0.3272,77200.0,77200.0,40183.25,1415848.0,1415848.0
603712.SH,20250227,19.03,5.2353,10.0581,2.0,33.4046,140.4393,3.1949,4.4958,5.6256,0.3153,0.3153,77200.0,77200.0,40183.25,1469116.0,1469116.0
603712.SH,20250226,19.42,5.0124,9.6298,2.54,34.0892,143.3175,3.2604,4.588,5.7409,0.309,0.309,77200.0,77200.0,40183.25,1499224.0,1499224.0
603712.SH,20250225,17.65,1.2831,2.4652,0.6,30.9822,130.2551,2.9632,4.1698,5.2177,0.3399,0.3399,77200.0,77200.0,40183.25,1362580.0,1362580.0
603712.SH,20250224,17.87,1.9322,3.7121,0.88,31.3684,131.8787,3.0001,4.2218,5.2827,0.3358,0.3358,77200.0,77200.0,40183.25,1379564.0,1379564.0
603712.SH,20250221,18.15,1.9914,3.8258,0.94,31.8599,133.945,3.0471,4.2879,5.3655,0.3306,0.3306,77200.0,77200.0,40183.25,1401180.0,1401180.0
603712.SH,20250220,18.12,2.8857,5.544,1.52,31.8072,133.7236,3.0421,4.2808,5.3566,0.3311,0.3311,77200.0,77200.0,40183.25,1398864.0,1398864.0
603712.SH,20250219,17.66,1.7924,3.4435,0.8,30.9998,130.3289,2.9649,4.1722,5.2206,0.3398,0.3398,77200.0,77200.0,40183.25,1363352.0,1363352.0
603712.SH,20250218,17.27,2.0452,3.9292,0.93,30.3152,127.4507,2.8994,4.08,5.1053,0.3474,0.3474,77200.0,77200.0,40183.25,1333244.0,1333244.0
603712.SH,20250217,17.56,2.2127,4.251,0.99,30.8242,129.5909,2.9481,4.1485,5.1911,0.3417,0.3417,77200.0,77200.0,40183.25,1355632.0,1355632.0
603712.SH,20250214,17.42,1.6088,3.0909,0.66,30.5785,128.5577,2.9246,4.1155,5.1497,0.3444,0.3444,77200.0,77200.0,40183.25,1344824.0,1344824.0
603712.SH,20250213,17.54,1.8308,3.5174,0.68,30.7891,129.4433,2.9447,4.1438,5.1851,0.3421,0.3421,77200.0,77200.0,40183.25,1354088.0,1354088.0
603712.SH,20250212,17.79,3.5193,6.7612,1.55,31.228,131.2883,2.9867,4.2029,5.2591,0.3373,0.3373,77200.0,77200.0,40183.25,1373388.0,1373388.0
603712.SH,20250211,17.12,1.805,3.4677,0.82,30.0519,126.3437,2.8742,4.0446,5.061,0.3505,0.3505,77200.0,77200.0,40183.25,1321664.0,1321664.0
603712.SH,20250210,17.43,2.4569,4.7201,1.22,30.596,128.6315,2.9263,4.1178,5.1526,0.3442,0.3442,77200.0,77200.0,40183.25,1345596.0,1345596.0
603712.SH,20250207,17.0,2.4974,4.7981,1.21,29.8412,125.4581,2.8541,4.0162,5.0255,0.3529,0.3529,77200.0,77200.0,40183.25,1312400.0,1312400.0
603712.SH,20250206,16.98,3.2443,6.2329,1.9,29.8061,125.3105,2.8507,4.0115,5.0196,0.3534,0.3534,77200.0,77200.0,40183.25,1310856.0,1310856.0
603712.SH,20250205,16.18,1.3523,2.5981,0.7,28.4018,119.4066,2.7164,3.8225,4.7831,0.3708,0.3708,77200.0,77200.0,40183.25,1249096.0,1249096.0
603712.SH,20250127,15.94,1.5163,2.9131,0.67,27.9805,117.6355,2.6761,3.7658,4.7122,0.3764,0.3764,77200.0,77200.0,40183.25,1230568.0,1230568.0
603712.SH,20250124,16.36,1.4468,2.7796,0.54,28.7178,120.735,2.7466,3.865,4.8363,0.3667,0.3667,77200.0,77200.0,40183.25,1262992.0,1262992.0
603712.SH,20250123,16.34,2.7522,5.2874,1.05,28.6827,120.5874,2.7433,3.8603,4.8304,0.3672,0.3672,77200.0,77200.0,40183.25,1261448.0,1261448.0
603712.SH,20250122,16.35,1.4905,2.8635,0.48,28.7002,120.6612,2.745,3.8627,4.8334,0.367,0.367,77200.0,77200.0,40183.25,1262220.0,1262220.0
603712.SH,20250121,16.61,2.3857,4.5834,0.76,29.1566,122.58,2.7886,3.9241,4.9102,0.3612,0.3612,77200.0,77200.0,40183.25,1282292.0,1282292.0
603712.SH,20250120,16.5,3.2466,6.2373,1.16,28.9635,121.7682,2.7701,3.8981,4.8777,0.3636,0.3636,77200.0,77200.0,40183.25,1273800.0,1273800.0
603712.SH,20250117,16.22,3.6305,6.975,1.42,28.472,119.7018,2.7231,3.832,4.7949,0.3699,0.3699,77200.0,77200.0,40183.25,1252184.0,1252184.0
603712.SH,20250116,15.85,2.3992,4.6094,0.94,27.8225,116.9713,2.661,3.7446,4.6856,0.3785,0.3785,77200.0,77200.0,40183.25,1223620.0,1223620.0
603712.SH,20250115,15.72,3.9994,7.6836,1.67,27.5943,116.0119,2.6392,3.7138,4.6471,0.3817,0.3817,77200.0,77200.0,40183.25,1213584.0,1213584.0
603712.SH,20250114,16.53,2.3995,4.61,1.03,29.0162,121.9896,2.7752,3.9052,4.8866,0.363,0.363,77200.0,77200.0,40183.25,1276116.0,1276116.0
603712.SH,20250113,15.87,1.5191,2.9185,0.59,27.8576,117.1189,2.6644,3.7493,4.6915,0.3781,0.3781,77200.0,77200.0,40183.25,1225164.0,1225164.0
603712.SH,20250110,16.02,2.4381,4.684,0.9,28.121,118.2259,2.6895,3.7847,4.7358,0.3745,0.3745,77200.0,77200.0,40183.25,1236744.0,1236744.0
603712.SH,20250109,16.34,2.3671,4.5477,0.83,28.6827,120.5874,2.7433,3.8603,4.8304,0.3672,0.3672,77200.0,77200.0,40183.25,1261448.0,1261448.0
603712.SH,20250108,16.13,3.2339,6.2129,1.16,28.314,119.0376,2.708,3.8107,4.7683,0.372,0.372,77200.0,77200.0,40183.25,1245236.0,1245236.0
603712.SH,20250107,16.63,2.0456,3.93,0.69,29.1917,122.7276,2.792,3.9288,4.9161,0.3608,0.3608,77200.0,77200.0,40183.25,1283836.0,1283836.0
603712.SH,20250106,16.33,2.7846,5.3497,0.81,28.6651,120.5136,2.7416,3.858,4.8275,0.3674,0.3674,77200.0,77200.0,40183.25,1260676.0,1260676.0
603712.SH,20250103,17.09,3.1536,6.0588,0.92,29.9992,126.1223,2.8692,4.0375,5.0521,0.3511,0.3511,77200.0,77200.0,40183.25,1319348.0,1319348.0
603712.SH,20250102,18.38,3.1141,5.9829,0.89,32.2636,135.6424,3.0858,4.3423,5.4335,0.3264,0.3264,77200.0,77200.0,40183.25,1418936.0,1418936.0
603712.SH,20241231,19.47,2.8421,5.4602,0.75,34.177,143.6865,3.2688,4.5998,5.7557,0.565,0.3082,77200.0,77200.0,40183.25,1503084.0,1503084.0
603712.SH,20241230,19.37,2.9298,5.6287,0.75,34.0014,142.9485,3.252,4.5761,5.7261,0.5679,0.3098,77200.0,77200.0,40183.25,1495364.0,1495364.0
603712.SH,20241227,20.19,5.1011,9.8002,1.45,35.4408,149.0,3.3896,4.7699,5.9685,0.5448,0.2972,77200.0,77200.0,40183.25,1558668.0,1558668.0
603712.SH,20241226,20.14,3.1616,6.074,0.9,35.3531,148.631,3.3812,4.7581,5.9538,0.5462,0.2979,77200.0,77200.0,40183.25,1554808.0,1554808.0
603712.SH,20241225,19.83,3.366,6.4667,0.99,34.8089,146.3432,3.3292,4.6848,5.8621,0.5547,0.3026,77200.0,77200.0,40183.25,1530876.0,1530876.0
603712.SH,20241224,19.98,4.4097,8.4719,1.27,35.0722,147.4502,3.3544,4.7203,5.9065,0.5506,0.3003,77200.0,77200.0,40183.25,1542456.0,1542456.0
603712.SH,20241223,18.84,3.5149,6.7529,0.86,33.0711,139.0371,3.163,4.4509,5.5695,0.5839,0.3185,77200.0,77200.0,40183.25,1454448.0,1454448.0
603712.SH,20241220,20.07,3.1879,6.1246,0.72,35.2302,148.1144,3.3695,4.7415,5.9331,0.5481,0.299,77200.0,77200.0,40183.25,1549404.0,1549404.0
603712.SH,20241219,19.81,3.0214,5.8047,0.59,34.7738,146.1956,3.3258,4.6801,5.8562,0.5553,0.3029,77200.0,77200.0,40183.25,1529332.0,1529332.0
603712.SH,20241218,20.0,2.9021,5.5755,0.49,35.1073,147.5978,3.3577,4.725,5.9124,0.55,0.3,77200.0,77200.0,40183.25,1544000.0,1544000.0
603712.SH,20241217,20.0,4.6993,9.0282,0.59,35.1073,147.5978,3.3577,4.725,5.9124,0.55,0.3,77200.0,77200.0,40183.25,1544000.0,1544000.0
603712.SH,20241216,21.21,6.5101,12.5071,0.68,37.2313,156.5275,3.5609,5.0108,6.2701,0.5186,0.2829,77200.0,77200.0,40183.25,1637412.0,1637412.0
603712.SH,20241213,20.47,5.1367,9.8685,0.45,35.9323,151.0664,3.4366,4.836,6.0513,0.5374,0.2931,77200.0,77200.0,40183.25,1580284.0,1580284.0
603712.SH,20241212,21.27,6.1676,11.8493,0.52,37.3366,156.9703,3.571,5.025,6.2878,0.5172,0.2821,77200.0,77200.0,40183.25,1642044.0,1642044.0
603712.SH,20241211,21.39,7.2172,13.8657,0.66,37.5473,157.8559,3.5911,5.0534,6.3233,0.5143,0.2805,77200.0,77200.0,40183.25,1651308.0,1651308.0
603712.SH,20241210,21.63,15.0947,28.9999,1.79,37.9686,159.627,3.6314,5.1101,6.3942,0.5086,0.2774,77200.0,77200.0,40183.25,1669836.0,1669836.0
603712.SH,20241209,22.44,14.0942,27.0778,2.26,39.3904,165.6048,3.7674,5.3014,6.6337,0.4902,0.2674,77200.0,77200.0,40183.25,1732368.0,1732368.0
603712.SH,20241206,20.4,14.4025,27.67,3.57,35.8095,150.5498,3.4249,4.8195,6.0306,0.5392,0.2941,77200.0,77200.0,40183.25,1574880.0,1574880.0
603712.SH,20241205,19.69,8.5563,16.4383,2.64,34.5631,145.3101,3.3057,4.6517,5.8207,0.5587,0.3047,77200.0,77200.0,40183.25,1520068.0,1520068.0
603712.SH,20241204,17.9,2.404,4.6186,0.55,31.421,132.1,3.0052,4.2289,5.2916,0.6145,0.3352,77200.0,77200.0,40183.25,1381880.0,1381880.0
603712.SH,20241203,18.43,2.6316,5.0558,0.52,32.3514,136.0114,3.0942,4.3541,5.4482,0.5969,0.3256,77200.0,77200.0,40183.25,1422796.0,1422796.0
603712.SH,20241202,18.82,3.2123,6.1714,0.69,33.036,138.8895,3.1596,4.4462,5.5635,0.5845,0.3188,77200.0,77200.0,40183.25,1452904.0,1452904.0
603712.SH,20241129,18.72,3.384,6.5014,0.77,32.8604,138.1516,3.1428,4.4226,5.534,0.5876,0.3205,77200.0,77200.0,40183.25,1445184.0,1445184.0
603712.SH,20241128,18.66,4.5614,8.7633,1.18,32.7551,137.7088,3.1328,4.4084,5.5162,0.5895,0.3215,77200.0,77200.0,40183.25,1440552.0,1440552.0
603712.SH,20241127,19.0,8.122,15.6039,3.12,33.3519,140.2179,3.1899,4.4887,5.6168,0.5789,0.3158,77200.0,77200.0,40183.25,1466800.0,1466800.0
603712.SH,20241126,18.42,5.9362,11.4046,3.23,32.3338,135.9376,3.0925,4.3517,5.4453,0.5972,0.3257,77200.0,77200.0,40183.25,1422024.0,1422024.0
603712.SH,20241125,17.19,1.3727,2.6372,0.7,30.1747,126.8603,2.886,4.0611,5.0817,0.6399,0.349,77200.0,77200.0,40183.25,1327068.0,1327068.0
603712.SH,20241122,17.15,1.9237,3.6957,0.93,30.1045,126.5651,2.8793,4.0517,5.0699,0.6414,0.3499,77200.0,77200.0,40183.25,1323980.0,1323980.0
603712.SH,20241121,17.89,1.8931,3.637,0.88,31.4035,132.0263,3.0035,4.2265,5.2886,0.6149,0.3354,77200.0,77200.0,40183.25,1381108.0,1381108.0
603712.SH,20241120,18.11,1.8839,3.6193,0.85,31.7897,133.6498,3.0404,4.2785,5.3537,0.6074,0.3313,77200.0,77200.0,40183.25,1398092.0,1398092.0
603712.SH,20241119,17.8,2.1138,4.0611,0.83,31.2455,131.3621,2.9884,4.2052,5.262,0.618,0.3371,77200.0,77200.0,40183.25,1374160.0,1374160.0
603712.SH,20241118,17.35,1.9884,3.8202,0.68,30.4556,128.0411,2.9128,4.0989,5.129,0.634,0.3458,77200.0,77200.0,40183.25,1339420.0,1339420.0
603712.SH,20241115,17.8,2.4998,4.8027,0.75,31.2455,131.3621,2.9884,4.2052,5.262,0.618,0.3371,77200.0,77200.0,40183.25,1374160.0,1374160.0
603712.SH,20241114,18.56,2.2283,4.2811,0.61,32.5796,136.9708,3.116,4.3848,5.4867,0.5927,0.3233,77200.0,77200.0,40183.25,1432832.0,1432832.0
603712.SH,20241113,19.0,2.2776,4.3757,0.49,33.3519,140.2179,3.1899,4.4887,5.6168,0.5789,0.3158,77200.0,77200.0,40183.25,1466800.0,1466800.0
603712.SH,20241112,19.1,3.6687,7.0484,0.73,33.5275,140.9559,3.2066,4.5124,5.6463,0.5759,0.3141,77200.0,77200.0,40183.25,1474520.0,1474520.0
603712.SH,20241111,19.8,3.9911,7.6676,0.89,34.7562,146.1218,3.3242,4.6777,5.8532,0.5556,0.303,77200.0,77200.0,40183.25,1528560.0,1528560.0
603712.SH,20241108,19.55,4.4091,8.4707,1.06,34.3174,144.2769,3.2822,4.6187,5.7793,0.5627,0.3069,77200.0,77200.0,40183.25,1509260.0,1509260.0
603712.SH,20241107,19.15,3.9023,7.497,0.99,33.6152,141.3249,3.215,4.5242,5.6611,0.5744,0.3133,77200.0,77200.0,40183.25,1478380.0,1478380.0
603712.SH,20241106,19.15,7.1652,13.7657,2.25,33.6152,141.3249,3.215,4.5242,5.6611,0.5744,0.3133,77200.0,77200.0,40183.25,1478380.0,1478380.0
603712.SH,20241105,18.67,5.5014,10.5693,2.07,32.7727,137.7826,3.1344,4.4108,5.5192,0.5892,0.3214,77200.0,77200.0,40183.25,1441324.0,1441324.0
603712.SH,20241104,16.97,1.5343,2.9478,0.53,29.7886,125.2368,2.849,4.0091,5.0166,0.6482,0.3536,77200.0,77200.0,40183.25,1310084.0,1310084.0
603712.SH,20241101,16.6,2.7124,5.2111,0.93,29.1391,122.5062,2.7869,3.9217,4.9073,0.6627,0.3614,77200.0,77200.0,40183.25,1281520.0,1281520.0
603712.SH,20241031,17.39,2.7992,5.3779,0.93,30.5258,128.3363,2.9196,4.1084,5.1408,0.6325,0.345,77200.0,77200.0,40183.25,1342508.0,1342508.0
603712.SH,20241030,17.56,3.3477,6.4315,1.07,30.8242,129.5909,2.9481,4.1485,5.1911,0.6264,0.3417,77200.0,77200.0,40183.25,1355632.0,1355632.0
603712.SH,20241029,18.45,2.9122,5.595,0.95,32.3865,47.7019,3.0357,4.3588,4.6111,0.5962,0.3252,77200.0,77200.0,40183.25,1424340.0,1424340.0
603712.SH,20241028,19.02,2.6365,5.0652,0.76,33.387,49.1756,3.1295,4.4935,4.7536,0.5783,0.3155,77200.0,77200.0,40183.25,1468344.0,1468344.0
603712.SH,20241025,18.91,2.896,5.5639,0.85,33.194,48.8912,3.1114,4.4675,4.7261,0.5817,0.3173,77200.0,77200.0,40183.25,1459852.0,1459852.0
603712.SH,20241024,19.32,3.251,6.2458,1.06,33.9137,49.9513,3.1788,4.5643,4.8285,0.5694,0.3106,77200.0,77200.0,40183.25,1491504.0,1491504.0
603712.SH,20241023,19.57,3.9921,7.6695,1.51,34.3525,50.5976,3.22,4.6234,4.891,0.5621,0.3066,77200.0,77200.0,40183.25,1510804.0,1510804.0
603712.SH,20241022,18.61,2.615,5.0238,1.0,32.6673,48.1156,3.062,4.3966,4.6511,0.5911,0.3224,77200.0,77200.0,40183.25,1436692.0,1436692.0
603712.SH,20241021,19.12,4.5713,8.7824,1.98,33.5626,49.4342,3.1459,4.5171,4.7786,0.5753,0.3138,77200.0,77200.0,40183.25,1476064.0,1476064.0
603712.SH,20241018,18.21,2.5536,4.906,1.19,31.9652,47.0814,2.9962,4.3021,4.5511,0.6041,0.3295,77200.0,77200.0,40183.25,1405812.0,1405812.0
603712.SH,20241017,17.48,1.644,3.1585,0.7,30.6838,45.194,2.8761,4.1296,4.3687,0.6293,0.3432,77200.0,77200.0,40183.25,1349456.0,1349456.0
603712.SH,20241016,17.46,1.8262,3.5084,0.72,30.6487,45.1423,2.8728,4.1249,4.3637,0.63,0.3436,77200.0,77200.0,40183.25,1347912.0,1347912.0
603712.SH,20241015,17.78,2.5038,4.8104,0.89,31.2104,45.9696,2.9255,4.2005,4.4437,0.6187,0.3375,77200.0,77200.0,40183.25,1372616.0,1372616.0
603712.SH,20241014,17.78,2.9929,5.7499,1.04,31.2104,45.9696,2.9255,4.2005,4.4437,0.6187,0.3375,77200.0,77200.0,40183.25,1372616.0,1372616.0
603712.SH,20241011,16.89,1.7966,3.4516,0.63,29.6481,43.6686,2.779,3.9902,4.2212,0.6513,0.3552,77200.0,77200.0,40183.25,1303908.0,1303908.0
603712.SH,20241010,17.89,2.6419,5.0756,0.98,31.4035,46.254,2.9436,4.2265,4.4711,0.6149,0.3354,77200.0,77200.0,40183.25,1381108.0,1381108.0
603712.SH,20241009,18.18,2.71,5.2065,1.03,31.9125,47.0038,2.9913,4.295,4.5436,0.6051,0.33,77200.0,77200.0,40183.25,1403496.0,1403496.0
603712.SH,20241008,19.98,3.9104,7.5127,1.64,35.0722,51.6577,3.2874,4.7203,4.9935,0.5506,0.3003,77200.0,77200.0,40183.25,1542456.0,1542456.0
603712.SH,20240930,18.45,3.3126,6.3641,1.47,32.3865,47.7019,3.0357,4.3588,4.6111,0.5962,0.3252,77200.0,77200.0,40183.25,1424340.0,1424340.0
603712.SH,20240927,16.77,1.6242,3.1204,0.77,29.4375,43.3583,2.7593,3.9619,4.1912,0.6559,0.3578,77200.0,77200.0,40183.25,1294644.0,1294644.0
603712.SH,20240926,15.93,1.9281,3.7043,0.99,27.963,41.1865,2.6211,3.7635,3.9813,0.6905,0.3766,77200.0,77200.0,40183.25,1229796.0,1229796.0
603712.SH,20240925,15.22,2.4026,4.6158,1.45,26.7167,39.3508,2.5042,3.5957,3.8038,0.7227,0.3942,77200.0,77200.0,40183.25,1174984.0,1174984.0
603712.SH,20240924,15.26,2.6535,5.0979,2.1,26.7869,39.4543,2.5108,3.6052,3.8138,0.7208,0.3932,77200.0,77200.0,40183.25,1178072.0,1178072.0
603712.SH,20240923,14.87,2.6744,5.1381,3.17,26.1023,38.4459,2.4467,3.513,3.7164,0.7397,0.4035,77200.0,77200.0,40183.25,1147964.0,1147964.0
603712.SH,20240920,14.14,0.83,1.5947,1.06,24.8209,36.5585,2.3265,3.3406,3.5339,0.7779,0.4243,77200.0,77200.0,40183.25,1091608.0,1091608.0
603712.SH,20240919,14.23,1.2064,2.3178,1.7,24.9788,36.7912,2.3414,3.3618,3.5564,0.773,0.4216,77200.0,77200.0,40183.25,1098556.0,1098556.0
603712.SH,20240918,14.05,0.9434,1.8124,1.35,24.6629,36.3258,2.3117,3.3193,3.5114,0.7829,0.427,77200.0,77200.0,40183.25,1084660.0,1084660.0
603712.SH,20240913,14.4,0.665,1.2777,0.96,25.2773,37.2308,2.3693,3.402,3.5989,0.7639,0.4167,77200.0,77200.0,40183.25,1111680.0,1111680.0
603712.SH,20240912,14.63,0.5758,1.1062,0.82,25.681,37.8254,2.4072,3.4563,3.6564,0.7519,0.4101,77200.0,77200.0,40183.25,1129436.0,1129436.0
603712.SH,20240911,14.82,0.5095,0.9788,0.7,26.0145,38.3167,2.4384,3.5012,3.7039,0.7422,0.4049,77200.0,77200.0,40183.25,1144104.0,1144104.0
603712.SH,20240910,14.93,0.8469,1.6272,1.25,26.2076,38.6011,2.4565,3.5272,3.7314,0.7368,0.4019,77200.0,77200.0,40183.25,1152596.0,1152596.0
603712.SH,20240909,15.02,0.8874,1.7049,1.29,26.3656,38.8337,2.4713,3.5485,3.7539,0.7324,0.3995,77200.0,77200.0,40183.25,1159544.0,1159544.0
603712.SH,20240906,15.49,0.6619,1.2716,0.88,27.1906,40.0489,2.5487,3.6595,3.8713,0.7101,0.3873,77200.0,77200.0,40183.25,1195828.0,1195828.0
603712.SH,20240905,15.88,0.6111,1.174,0.74,27.8752,41.0572,2.6128,3.7516,3.9688,0.6927,0.3778,77200.0,77200.0,40183.25,1225936.0,1225936.0
603712.SH,20240904,15.47,0.6499,1.2486,0.78,27.1555,39.9972,2.5454,3.6548,3.8663,0.7111,0.3878,77200.0,77200.0,40183.25,1194284.0,1194284.0
603712.SH,20240903,15.78,0.5686,1.0924,0.67,27.6997,40.7987,2.5964,3.728,3.9438,0.6971,0.3802,77200.0,77200.0,40183.25,1218216.0,1218216.0
603712.SH,20240902,15.61,0.9499,1.8249,1.25,27.4013,40.3592,2.5684,3.6879,3.9013,0.7047,0.3844,77200.0,77200.0,40183.25,1205092.0,1205092.0
603712.SH,20240830,16.31,0.9873,1.8969,1.52,28.63,42.169,2.6836,3.8532,4.0763,0.6744,0.3679,77200.0,77200.0,40183.25,1259132.0,1259132.0
603712.SH,20240829,15.87,0.9807,1.8842,1.8,27.8576,41.0314,2.6112,3.7493,3.9663,0.6931,0.3781,77200.0,77200.0,40183.25,1225164.0,1225164.0
603712.SH,20240828,15.51,0.6886,1.323,1.29,27.2257,40.1006,2.552,3.6642,3.8763,0.7092,0.3868,77200.0,77200.0,40183.25,1197372.0,1197372.0
603712.SH,20240827,15.68,0.6486,1.2461,1.23,27.5241,28.1056,2.6091,3.7044,3.6848,0.7015,0.3827,77200.0,77200.0,40183.25,1210496.0,1210496.0
603712.SH,20240826,16.1,0.4984,0.9575,0.87,28.2614,28.8584,2.679,3.8036,3.7835,0.6832,0.3727,77200.0,77200.0,40183.25,1242920.0,1242920.0
603712.SH,20240823,16.33,0.4319,0.8297,0.61,28.6651,29.2707,2.7173,3.858,3.8375,0.6736,0.3674,77200.0,77200.0,40183.25,1260676.0,1260676.0
603712.SH,20240822,16.24,0.4631,0.8898,0.61,28.5071,29.1093,2.7023,3.8367,3.8164,0.6773,0.3695,77200.0,77200.0,40183.25,1253728.0,1253728.0
603712.SH,20240821,16.41,0.6187,1.1886,0.79,28.8055,29.4141,2.7306,3.8769,3.8563,0.6703,0.3656,77200.0,77200.0,40183.25,1266852.0,1266852.0
603712.SH,20240820,16.48,0.6258,1.2022,0.73,28.9284,29.5395,2.7423,3.8934,3.8728,0.6675,0.3641,77200.0,77200.0,40183.25,1272256.0,1272256.0
603712.SH,20240819,17.03,0.7223,1.3877,0.79,29.8939,30.5254,2.8338,4.0233,4.002,0.6459,0.3523,77200.0,77200.0,40183.25,1314716.0,1314716.0
603712.SH,20240816,16.81,1.1142,2.1407,1.34,29.5077,30.131,2.7972,3.9713,3.9503,0.6544,0.3569,77200.0,77200.0,40183.25,1297732.0,1297732.0
603712.SH,20240815,17.2,0.7332,1.4086,0.78,30.1923,30.8301,2.8621,4.0635,4.042,0.6395,0.3488,77200.0,77200.0,40183.25,1327840.0,1327840.0
603712.SH,20240814,17.21,0.7336,1.4094,0.66,30.2098,30.848,2.8637,4.0658,4.0443,0.6392,0.3486,77200.0,77200.0,40183.25,1328612.0,1328612.0
603712.SH,20240813,17.36,1.0099,1.9403,0.81,30.4731,31.1169,2.8887,4.1013,4.0796,0.6336,0.3456,77200.0,77200.0,40183.25,1340192.0,1340192.0
603712.SH,20240812,17.38,0.9829,1.8883,0.76,30.5083,31.1527,2.892,4.106,4.0843,0.6329,0.3452,77200.0,77200.0,40183.25,1341736.0,1341736.0
603712.SH,20240809,17.71,0.7034,1.3515,0.52,31.0875,31.7442,2.9469,4.184,4.1618,0.6211,0.3388,77200.0,77200.0,40183.25,1367212.0,1367212.0
603712.SH,20240808,17.88,1.2458,2.3934,0.86,31.3859,32.0489,2.9752,4.2241,4.2018,0.6152,0.3356,77200.0,77200.0,40183.25,1380336.0,1380336.0
603712.SH,20240807,18.41,1.6481,3.1664,1.14,32.3163,32.9989,3.0634,4.3493,4.3263,0.5975,0.3259,77200.0,77200.0,40183.25,1421252.0,1421252.0
603712.SH,20240806,18.13,1.6281,3.1278,1.17,31.8248,32.4971,3.0168,4.2832,4.2605,0.6067,0.3309,77200.0,77200.0,40183.25,1399636.0,1399636.0
603712.SH,20240805,17.49,1.2229,2.3495,0.88,30.7013,31.3499,2.9103,4.132,4.1101,0.6289,0.3431,77200.0,77200.0,40183.25,1350228.0,1350228.0
603712.SH,20240802,17.93,1.0447,2.0071,0.7,31.4737,32.1386,2.9835,4.2359,4.2135,0.6135,0.3346,77200.0,77200.0,40183.25,1384196.0,1384196.0
603712.SH,20240801,18.06,1.6696,3.2076,1.25,31.7019,32.3716,3.0052,4.2667,4.2441,0.6091,0.3322,77200.0,77200.0,40183.25,1394232.0,1394232.0
603712.SH,20240731,18.08,1.6378,3.1465,1.28,31.737,32.4074,3.0085,4.2714,4.2488,0.6084,0.3319,77200.0,77200.0,40183.25,1395776.0,1395776.0
603712.SH,20240730,18.01,1.3986,2.687,1.14,31.6141,32.282,2.9969,4.2548,4.2323,0.6108,0.3331,77200.0,77200.0,40183.25,1390372.0,1390372.0
603712.SH,20240729,17.79,1.2273,2.3579,0.9,31.228,31.8876,2.9602,4.2029,4.1806,0.6183,0.3373,77200.0,77200.0,40183.25,1373388.0,1373388.0
603712.SH,20240726,18.04,1.5269,2.9335,1.08,31.6668,32.3357,3.0018,4.2619,4.2394,0.6098,0.3326,77200.0,77200.0,40183.25,1392688.0,1392688.0
603712.SH,20240725,17.18,0.8865,1.7031,0.62,30.1572,30.7942,2.8587,4.0588,4.0373,0.6403,0.3492,77200.0,77200.0,40183.25,1326296.0,1326296.0
603712.SH,20240724,17.26,1.3378,2.5701,1.01,30.2976,30.9376,2.8721,4.0777,4.0561,0.6373,0.3476,77200.0,77200.0,40183.25,1332472.0,1332472.0
603712.SH,20240723,17.2,1.1426,2.1951,0.91,30.1923,30.8301,2.8621,4.0635,4.042,0.6395,0.3488,77200.0,77200.0,40183.25,1327840.0,1327840.0
603712.SH,20240722,17.69,1.9615,3.7684,1.81,31.0524,31.7084,2.9436,4.1792,4.1571,0.6218,0.3392,77200.0,77200.0,40183.25,1365668.0,1365668.0
603712.SH,20240719,17.0,1.7145,3.2939,1.82,29.8412,30.4716,2.8288,4.0162,3.995,0.6471,0.3529,77200.0,77200.0,40183.25,1312400.0,1312400.0
603712.SH,20240718,16.34,0.9574,1.8394,0.93,28.6827,29.2886,2.719,3.8603,3.8399,0.6732,0.3672,77200.0,77200.0,40183.25,1261448.0,1261448.0
603712.SH,20240717,16.12,0.83,1.5946,0.64,28.2965,28.8942,2.6824,3.8083,3.7882,0.6824,0.3722,77200.0,77200.0,40183.25,1244464.0,1244464.0
603712.SH,20240716,16.36,0.8065,1.5495,0.57,28.7178,29.3244,2.7223,3.865,3.8446,0.6724,0.3667,77200.0,77200.0,40183.25,1262992.0,1262992.0
603712.SH,20240715,16.2,1.1177,2.1474,0.78,28.4369,29.0376,2.6957,3.8272,3.807,0.679,0.3704,77200.0,77200.0,40183.25,1250640.0,1250640.0
603712.SH,20240712,16.22,1.0004,1.922,0.65,28.472,29.0735,2.699,3.832,3.8117,0.6782,0.3699,77200.0,77200.0,40183.25,1252184.0,1252184.0
603712.SH,20240711,16.21,1.3924,2.6751,0.89,28.4545,29.0556,2.6973,3.8296,3.8093,0.6786,0.3701,77200.0,77200.0,40183.25,1251412.0,1251412.0
603712.SH,20240710,15.63,2.1411,4.1135,1.47,27.4364,28.0159,2.6008,3.6926,3.673,0.7038,0.3839,77200.0,77200.0,40183.25,1206636.0,1206636.0
603712.SH,20240709,16.11,1.4259,2.7394,0.98,28.2789,28.8763,2.6807,3.806,3.7858,0.6828,0.3724,77200.0,77200.0,40183.25,1243692.0,1243692.0
603712.SH,20240708,15.81,1.2113,2.3271,0.8,27.7523,28.3386,2.6308,3.7351,3.7153,0.6958,0.3795,77200.0,77200.0,40183.25,1220532.0,1220532.0
603712.SH,20240705,16.21,1.5632,3.0031,1.03,28.4545,29.0556,2.6973,3.8296,3.8093,0.6786,0.3701,77200.0,77200.0,40183.25,1251412.0,1251412.0
603712.SH,20240704,16.23,1.5078,2.8967,1.05,28.4896,29.0914,2.7007,3.8343,3.814,0.6778,0.3697,77200.0,77200.0,40183.25,1252956.0,1252956.0
603712.SH,20240703,16.84,1.5624,3.0016,1.16,29.5604,30.1848,2.8022,3.9784,3.9574,0.6532,0.3563,77200.0,77200.0,40183.25,1300048.0,1300048.0
603712.SH,20240702,17.48,1.394,2.6781,1.05,30.6838,31.332,2.9087,4.1296,4.1078,0.6293,0.3432,77200.0,77200.0,40183.25,1349456.0,1349456.0
603712.SH,20240701,17.91,1.5282,2.9359,1.15,31.4386,32.1027,2.9802,4.2312,4.2088,0.6142,0.335,77200.0,77200.0,40183.25,1382652.0,1382652.0
603712.SH,20240628,18.19,1.6314,3.1342,1.39,31.9301,32.6046,3.0268,4.2974,4.2746,0.6047,0.3299,77200.0,77200.0,40183.25,1404268.0,1404268.0
603712.SH,20240627,17.99,1.0853,2.0852,0.83,31.579,32.2461,2.9935,4.2501,4.2276,0.6115,0.3335,77200.0,77200.0,40183.25,1388828.0,1388828.0
603712.SH,20240626,18.59,1.1151,2.1422,0.82,32.6322,33.3216,3.0934,4.3919,4.3686,0.5917,0.3228,77200.0,77200.0,40183.25,1435148.0,1435148.0
603712.SH,20240625,18.19,1.3058,2.5087,1.01,31.9301,32.6046,3.0268,4.2974,4.2746,0.6047,0.3299,77200.0,77200.0,40183.25,1404268.0,1404268.0
603712.SH,20240624,18.58,1.4816,2.8464,1.28,32.6147,33.3037,3.0917,4.3895,4.3663,0.592,0.3229,77200.0,77200.0,40183.25,1434376.0,1434376.0
603712.SH,20240621,19.7,0.8921,1.7139,0.75,34.5807,35.3112,3.2781,4.6541,4.6295,0.5584,0.3046,77200.0,77200.0,40183.25,1520840.0,1520840.0
603712.SH,20240620,19.63,1.7244,3.313,1.71,34.4578,35.1857,3.2664,4.6376,4.613,0.5604,0.3057,77200.0,77200.0,40183.25,1515436.0,1515436.0
603712.SH,20240619,20.29,1.366,2.6243,1.36,35.6164,36.3687,3.3429,4.7935,4.7681,0.5421,,77200.0,77200.0,40183.25,1566388.0,1566388.0
603712.SH,20240618,20.99,0.9753,1.8738,0.83,36.8451,37.6235,3.4582,4.9589,4.9326,0.5241,,77200.0,77200.0,40183.25,1620428.0,1620428.0
603712.SH,20240617,21.21,0.8126,1.5612,0.64,37.2313,38.0178,3.4944,5.0108,4.9843,0.5186,,77200.0,77200.0,40183.25,1637412.0,1637412.0
603712.SH,20240614,21.32,1.0759,2.067,0.78,37.4244,38.215,3.5126,5.0368,5.0102,0.5159,0.5159,77200.0,77200.0,40183.25,1645904.0,1645904.0
603712.SH,20240613,21.62,0.8264,1.5877,0.45,37.951,38.7527,3.562,5.1077,5.0807,0.5088,0.5088,77200.0,77200.0,40183.25,1669064.0,1669064.0
603712.SH,20240612,21.66,1.3142,2.5249,0.72,38.0212,38.8244,3.5686,5.1172,5.0901,0.5078,0.5078,77200.0,77200.0,40183.25,1672152.0,1672152.0
603712.SH,20240611,21.9,1.8608,3.575,1.02,38.4425,39.2546,3.6081,5.1739,5.1465,0.5023,0.5023,77200.0,77200.0,40183.25,1690680.0,1690680.0
603712.SH,20240607,20.81,1.298,2.4937,0.56,36.5292,37.3008,3.4285,4.9163,4.8903,0.5286,0.5286,77200.0,77200.0,40183.25,1606532.0,1606532.0
603712.SH,20240606,20.88,1.5716,3.0194,0.7,36.652,37.4263,3.4401,4.9329,4.9068,0.5268,0.5268,77200.0,77200.0,40183.25,1611936.0,1611936.0
603712.SH,20240605,21.62,3.1148,5.9842,1.72,37.951,38.7527,3.562,5.1077,5.0807,0.5088,0.5088,77200.0,77200.0,40183.25,1669064.0,1669064.0
603712.SH,20240604,20.72,1.3263,2.5481,0.66,36.3712,37.1395,3.4137,4.8951,4.8692,0.5309,0.5309,77200.0,77200.0,40183.25,1599584.0,1599584.0
603712.SH,20240603,20.67,1.8323,3.5202,0.94,36.2834,37.0499,3.4055,4.8833,4.8574,0.5322,0.5322,77200.0,77200.0,40183.25,1595724.0,1595724.0
603712.SH,20240531,21.2,3.7287,7.1635,2.57,37.2137,37.9999,3.4928,5.0085,4.982,0.5189,0.5189,77200.0,77200.0,40183.25,1636640.0,1636640.0
603712.SH,20240530,20.54,1.2245,2.3525,0.88,36.0552,36.8169,3.3841,4.8526,4.8269,0.5355,0.5355,77200.0,77200.0,40183.25,1585688.0,1585688.0
603712.SH,20240529,20.4,0.969,1.8616,0.69,35.8095,36.5659,3.361,4.8195,4.794,0.5392,0.5392,77200.0,77200.0,40183.25,1574880.0,1574880.0
603712.SH,20240528,20.65,2.3179,4.4531,2.09,36.2483,37.014,3.4022,4.8785,4.8527,0.5327,0.5327,77200.0,77200.0,40183.25,1594180.0,1594180.0
603712.SH,20240527,21.42,1.515,2.9107,1.38,37.5999,38.3942,3.529,5.0605,5.0337,0.5135,0.5135,77200.0,77200.0,40183.25,1653624.0,1653624.0
603712.SH,20240524,21.92,1.2308,2.3645,1.12,38.4776,39.2904,3.6114,5.1786,5.1512,0.5018,0.5018,77200.0,77200.0,40183.25,1692224.0,1692224.0
603712.SH,20240523,22.72,0.9303,1.7873,0.83,39.8819,40.7244,3.7432,5.3676,5.3392,0.4842,0.4842,77200.0,77200.0,40183.25,1753984.0,1753984.0
603712.SH,20240522,23.13,1.0338,1.9861,0.93,40.6016,41.4593,3.8108,5.4644,5.4355,0.4756,0.4756,77200.0,77200.0,40183.25,1785636.0,1785636.0
603712.SH,20240521,23.36,0.826,1.5868,0.67,41.0053,41.8716,3.8487,5.5188,5.4896,0.4709,0.4709,77200.0,77200.0,40183.25,1803392.0,1803392.0
603712.SH,20240520,23.69,1.4858,2.8546,1.2,41.5846,42.4631,3.903,5.5967,5.5671,0.4643,0.4643,77200.0,77200.0,40183.25,1828868.0,1828868.0
603712.SH,20240517,23.21,1.2384,2.3792,0.95,40.742,41.6027,3.824,5.4833,5.4543,0.4739,0.4739,77200.0,77200.0,40183.25,1791812.0,1791812.0
603712.SH,20240516,22.74,1.0186,1.9569,0.63,39.917,40.7602,3.7465,5.3723,5.3439,0.4837,0.4837,77200.0,77200.0,40183.25,1755528.0,1755528.0
603712.SH,20240515,22.88,0.96,1.8444,0.49,40.1628,41.0112,3.7696,5.4054,5.3768,0.4808,0.4808,77200.0,77200.0,40183.25,1766336.0,1766336.0
603712.SH,20240514,23.06,1.4242,2.7362,0.63,40.4787,41.3338,3.7992,5.4479,5.4191,0.477,0.477,77200.0,77200.0,40183.25,1780232.0,1780232.0
603712.SH,20240513,23.56,1.5621,3.0011,0.67,41.3564,42.23,3.8816,5.566,5.5366,0.4669,0.4669,77200.0,77200.0,40183.25,1818832.0,1818832.0
603712.SH,20240510,24.05,1.5839,3.043,0.6,42.2165,43.1083,3.9623,5.6818,5.6517,0.4574,0.4574,77200.0,77200.0,40183.25,1856660.0,1856660.0
603712.SH,20240509,24.42,2.5802,4.957,0.99,42.866,43.7715,4.0233,5.7692,5.7387,0.4505,0.4505,77200.0,77200.0,40183.25,1885224.0,1885224.0
603712.SH,20240508,23.74,2.6455,5.0825,0.99,41.6724,42.5527,3.9113,5.6086,5.5789,0.4634,0.4634,77200.0,77200.0,40183.25,1832728.0,1832728.0
603712.SH,20240507,23.44,2.9641,5.6947,1.1,41.1458,42.015,3.8618,5.5377,5.5084,0.4693,0.4693,77200.0,77200.0,40183.25,1809568.0,1809568.0
603712.SH,20240506,22.54,1.8287,3.5133,0.61,39.5659,40.4017,3.7136,5.3251,5.2969,0.488,0.488,77200.0,77200.0,40183.25,1740088.0,1740088.0
603712.SH,20240430,22.1,3.1055,5.9663,0.9,38.7936,39.6131,3.6411,5.2211,5.1935,0.4977,0.4977,77200.0,77200.0,40183.25,1706120.0,1706120.0
603712.SH,20240429,22.86,2.4697,4.7447,0.71,40.1277,40.1277,3.7803,5.4007,5.4007,0.4812,0.4812,77200.0,77200.0,40183.25,1764792.0,1764792.0
603712.SH,20240426,22.65,2.94,5.6483,0.92,39.759,39.759,3.7456,5.351,5.351,0.4857,0.4857,77200.0,77200.0,40183.25,1748580.0,1748580.0
603712.SH,20240425,22.05,3.0826,5.9222,1.07,38.7058,38.7058,3.6464,5.2093,5.2093,0.4989,0.4989,77200.0,77200.0,40183.25,1702260.0,1702260.0
603712.SH,20240424,23.16,3.2992,6.3384,1.26,40.6543,40.6543,3.83,5.4715,5.4715,0.475,0.475,77200.0,77200.0,40183.25,1787952.0,1787952.0
603712.SH,20240423,23.3,5.4288,10.4298,2.79,40.9,40.9,3.8531,5.5046,5.5046,0.4721,0.4721,77200.0,77200.0,40183.25,1798760.0,1798760.0
603712.SH,20240422,22.97,2.5963,4.9879,1.44,40.3207,40.3207,3.7985,5.4266,5.4266,0.4789,0.4789,77200.0,77200.0,40183.25,1773284.0,1773284.0
603712.SH,20240419,20.88,1.5383,2.9553,0.87,36.652,36.652,3.4529,4.9329,4.9329,0.5268,0.5268,77200.0,77200.0,40183.25,1611936.0,1611936.0
603712.SH,20240418,21.32,1.5376,2.954,0.92,37.4244,37.4244,3.5257,5.0368,5.0368,0.5159,0.5159,77200.0,77200.0,40183.25,1645904.0,1645904.0
603712.SH,20240417,21.42,2.0067,3.8552,1.37,37.5999,37.5999,3.5422,5.0605,5.0605,0.5135,0.5135,77200.0,77200.0,40183.25,1653624.0,1653624.0
603712.SH,20240416,21.13,2.0651,3.9675,1.56,37.0909,37.0909,3.4943,4.9919,4.9919,0.5206,0.5206,77200.0,77200.0,40183.25,1631236.0,1631236.0
603712.SH,20240415,22.91,1.8565,3.5667,1.46,40.2154,40.2154,3.7886,5.4125,5.4125,0.4801,0.4801,77200.0,77200.0,40183.25,1768652.0,1768652.0
603712.SH,20240412,22.41,1.37,2.632,1.06,39.3377,39.3377,3.7059,5.2943,5.2943,0.4909,0.4909,77200.0,77200.0,40183.25,1730052.0,1730052.0
603712.SH,20240411,22.06,1.0614,2.0392,0.78,38.7234,38.7234,3.648,5.2117,5.2117,0.4986,0.4986,77200.0,77200.0,40183.25,1703032.0,1703032.0
603712.SH,20240410,22.23,0.9854,1.8931,0.64,39.0218,39.0218,3.6762,5.2518,5.2518,0.4948,0.4948,77200.0,77200.0,40183.25,1716156.0,1716156.0
603712.SH,20240409,22.59,1.3376,2.5699,0.86,39.6537,39.6537,3.7357,5.3369,5.3369,0.4869,0.4869,77200.0,77200.0,40183.25,1743948.0,1743948.0
603712.SH,20240408,22.09,1.6171,3.1067,0.91,38.776,38.776,3.653,5.2187,5.2187,0.498,0.498,77200.0,77200.0,40183.25,1705348.0,1705348.0
603712.SH,20240403,22.81,1.4679,2.8202,0.85,40.0399,40.0399,3.7721,5.3888,5.3888,0.4822,0.4822,77200.0,77200.0,40183.25,1760932.0,1760932.0
603712.SH,20240402,23.01,1.4128,2.7143,0.86,40.391,40.391,3.8051,5.4361,5.4361,0.4781,0.4781,77200.0,77200.0,40183.25,1776372.0,1776372.0
603712.SH,20240401,23.63,1.8626,3.5784,1.31,41.4793,41.4793,3.9077,5.5826,5.5826,0.4655,0.4655,77200.0,77200.0,40183.25,1824236.0,1824236.0
603712.SH,20240329,24.0,1.4154,2.7192,1.05,42.1288,42.1288,3.9689,5.67,5.67,0.4583,0.4583,77200.0,77200.0,40183.25,1852800.0,1852800.0
603712.SH,20240328,23.92,2.7646,5.3114,2.65,41.9883,41.9883,3.9556,5.6511,5.6511,0.4599,0.4599,77200.0,77200.0,40183.25,1846624.0,1846624.0
603712.SH,20240327,24.41,1.1561,2.2211,1.21,24.3181,24.173,4.1549,4.6649,4.6051,0.4506,0.4506,77200.0,77200.0,40183.25,1884452.0,1884452.0
603712.SH,20240326,25.13,0.9745,1.8723,1.0,25.0354,24.886,4.2774,4.8025,4.7409,0.4377,0.4377,77200.0,77200.0,40183.25,1940036.0,1940036.0
603712.SH,20240325,25.97,0.7834,1.505,0.77,25.8723,25.7178,4.4204,4.963,4.8994,0.4236,0.4236,77200.0,77200.0,40183.25,2004884.0,2004884.0
603712.SH,20240322,26.72,1.045,2.0076,1.09,26.6195,26.4605,4.5481,5.1064,5.0408,0.4117,0.4117,77200.0,77200.0,40183.25,2062784.0,2062784.0
603712.SH,20240321,27.45,1.2647,2.4297,1.49,27.3467,27.1834,4.6723,5.2459,5.1786,0.4007,0.4007,77200.0,77200.0,40183.25,2119140.0,2119140.0
603712.SH,20240320,28.8,0.7208,1.3848,0.83,28.6916,28.5203,4.9021,5.5039,5.4333,0.3819,0.3819,77200.0,77200.0,40183.25,2223360.0,2223360.0
603712.SH,20240319,28.71,1.0782,2.0715,1.34,28.602,28.4312,4.8868,5.4867,5.4163,0.3831,0.3831,77200.0,77200.0,40183.25,2216412.0,2216412.0
603712.SH,20240318,28.4,0.9827,1.888,1.42,28.2931,28.1242,4.834,5.4274,5.3578,0.3873,0.3873,77200.0,77200.0,40183.25,2192480.0,2192480.0
603712.SH,20240315,27.28,0.7418,1.4251,1.14,27.1773,27.0151,4.6434,5.2134,5.1465,0.4032,0.4032,77200.0,77200.0,40183.25,2106016.0,2106016.0
603712.SH,20240314,27.47,0.7274,1.3975,1.2,27.3666,27.2032,4.6757,5.2497,5.1823,0.4004,0.4004,77200.0,77200.0,40183.25,2120684.0,2120684.0
603712.SH,20240313,27.95,0.8143,1.5645,1.55,27.8448,27.6786,4.7574,5.3414,5.2729,0.3936,0.3936,77200.0,77200.0,40183.25,2157740.0,2157740.0
603712.SH,20240312,28.4,0.7531,1.4468,1.44,28.2931,28.1242,4.834,5.4274,5.3578,0.3873,0.3873,77200.0,77200.0,40183.25,2192480.0,2192480.0
603712.SH,20240311,28.55,0.4202,0.8074,0.76,28.4426,28.2728,4.8595,5.4561,5.3861,0.3853,0.3853,77200.0,77200.0,40183.25,2204060.0,2204060.0
603712.SH,20240308,28.5,0.5329,1.0238,0.93,28.3928,28.2232,4.851,5.4465,5.3767,0.386,0.386,77200.0,77200.0,40183.25,2200200.0,2200200.0
603712.SH,20240307,27.61,0.5139,0.9874,0.79,27.5061,27.3419,4.6995,5.2765,5.2088,0.3984,0.3984,77200.0,77200.0,40183.25,2131492.0,2131492.0
603712.SH,20240306,28.71,0.4023,0.7728,0.55,28.602,28.4312,4.8868,5.4867,5.4163,0.3831,0.3831,77200.0,77200.0,40183.25,2216412.0,2216412.0
603712.SH,20240305,29.09,0.748,1.437,1.02,28.9805,28.8075,4.9515,5.5593,5.488,0.3781,0.3781,77200.0,77200.0,40183.25,2245748.0,2245748.0
603712.SH,20240304,28.79,0.5642,1.0839,0.7,28.6817,28.5104,4.9004,5.502,5.4314,0.3821,0.3821,77200.0,77200.0,40183.25,2222588.0,2222588.0
603712.SH,20240301,29.22,0.6269,1.2043,0.76,29.11,28.9362,4.9736,5.5841,5.5125,0.3765,0.3765,77200.0,77200.0,40183.25,2255784.0,2255784.0
603712.SH,20240229,28.8,0.9091,1.7466,1.23,28.6916,28.5203,4.9021,5.5039,5.4333,0.3819,0.3819,77200.0,77200.0,40183.25,2223360.0,2223360.0
603712.SH,20240228,27.82,0.8039,1.5444,1.13,27.7153,27.5498,4.7353,5.3166,5.2484,0.3954,0.3954,77200.0,77200.0,40183.25,2147704.0,2147704.0
603712.SH,20240227,29.53,0.7726,1.4842,1.14,29.4189,29.2432,5.0264,5.6434,5.571,0.3725,0.3725,77200.0,77200.0,40183.25,2279716.0,2279716.0
603712.SH,20240226,28.09,0.9345,1.7954,1.31,27.9843,27.8172,4.7812,5.3682,5.2993,0.3916,0.3916,77200.0,77200.0,40183.25,2168548.0,2168548.0
603712.SH,20240223,27.93,0.7165,1.3765,0.82,27.8249,27.6588,4.754,5.3376,5.2691,0.3938,0.3938,77200.0,77200.0,40183.25,2156196.0,2156196.0
603712.SH,20240222,27.65,0.4783,0.9189,0.45,27.546,27.3815,4.7064,5.2841,5.2163,0.3978,0.3978,77200.0,77200.0,40183.25,2134580.0,2134580.0
603712.SH,20240221,27.55,0.6481,1.2451,0.56,27.4463,27.2825,4.6893,5.265,5.1974,0.3993,0.3993,77200.0,77200.0,40183.25,2126860.0,2126860.0
603712.SH,20240220,27.8,0.5966,1.1461,0.46,27.6954,27.53,4.7319,5.3128,5.2446,0.3957,0.3957,77200.0,77200.0,40183.25,2146160.0,2146160.0
603712.SH,20240219,27.66,1.1264,2.1641,0.76,27.5559,27.3914,4.7081,5.286,5.2182,0.3977,0.3977,77200.0,77200.0,40183.25,2135352.0,2135352.0
603712.SH,20240208,28.0,1.53,2.9395,1.13,27.8946,27.7281,4.7659,5.351,5.2823,0.3929,0.3929,77200.0,77200.0,40183.25,2161600.0,2161600.0
603712.SH,20240207,27.2,1.399,2.6877,1.18,27.0976,26.9359,4.6298,5.1981,5.1314,0.4044,0.4044,77200.0,77200.0,40183.25,2099840.0,2099840.0
603712.SH,20240206,24.73,1.0926,2.0992,1.04,24.6369,24.4898,4.2093,4.7261,4.6654,0.4448,0.4448,77200.0,77200.0,40183.25,1909156.0,1909156.0
603712.SH,20240205,23.19,1.3786,2.6486,1.59,23.1027,22.9648,3.9472,4.4318,4.3749,0.4743,0.4743,77200.0,77200.0,40183.25,1790268.0,1790268.0
603712.SH,20240202,23.15,2.052,3.9424,3.78,23.0629,22.9252,3.9404,4.4241,4.3674,0.4752,0.4752,77200.0,77200.0,40183.25,1787180.0,1787180.0
603712.SH,20240201,24.78,0.8602,1.6527,1.54,24.6868,24.5394,4.2178,4.7356,4.6749,0.4439,0.4439,77200.0,77200.0,40183.25,1913016.0,1913016.0
603712.SH,20240131,24.81,0.5518,1.0602,0.95,24.7166,24.5691,4.223,4.7414,4.6805,0.4434,0.4434,77200.0,77200.0,40183.25,1915332.0,1915332.0
603712.SH,20240130,26.34,0.4087,0.7852,0.63,26.2409,26.0842,4.4834,5.0338,4.9692,0.4176,0.4176,77200.0,77200.0,40183.25,2033448.0,2033448.0
603712.SH,20240129,26.97,0.4552,0.8746,0.68,26.8685,26.7081,4.5906,5.1542,5.088,0.4079,0.4079,77200.0,77200.0,40183.25,2082084.0,2082084.0
603712.SH,20240126,27.5,0.4406,0.8464,0.6,27.3965,27.2329,4.6808,5.2554,5.188,0.4,0.4,77200.0,77200.0,40183.25,2123000.0,2123000.0
603712.SH,20240125,28.02,0.944,1.8136,1.2,27.9146,27.7479,4.7693,5.3548,5.2861,0.3926,0.3926,77200.0,77200.0,40183.25,2163144.0,2163144.0
603712.SH,20240124,26.18,0.6573,1.2627,0.76,26.0815,25.9258,4.4561,5.0032,4.939,0.4202,0.4202,77200.0,77200.0,40183.25,2021096.0,2021096.0
603712.SH,20240123,25.65,0.7216,1.3864,0.78,25.5535,25.4009,4.3659,4.9019,4.839,0.4288,0.4288,77200.0,77200.0,40183.25,1980180.0,1980180.0
603712.SH,20240122,25.38,0.5881,1.1299,0.59,25.2845,25.1335,4.32,4.8503,4.7881,0.4334,0.4334,77200.0,77200.0,40183.25,1959336.0,1959336.0
603712.SH,20240119,26.96,0.7549,1.4502,0.81,26.8586,26.6982,4.5889,5.1522,5.0861,0.408,0.408,77200.0,77200.0,40183.25,2081312.0,2081312.0
603712.SH,20240118,26.78,1.2078,2.3204,1.45,26.6792,26.5199,4.5583,5.1178,5.0522,0.4108,0.4108,77200.0,77200.0,40183.25,2067416.0,2067416.0
603712.SH,20240117,26.46,1.0418,2.0014,1.41,26.3604,26.203,4.5038,5.0567,4.9918,0.4157,0.4157,77200.0,77200.0,40183.25,2042712.0,2042712.0
603712.SH,20240116,28.12,1.0395,1.9972,1.56,28.0142,27.8469,4.7864,5.3739,5.305,0.3912,0.3912,77200.0,77200.0,40183.25,2170864.0,2170864.0
603712.SH,20240115,28.74,0.9386,1.8032,1.57,28.6319,28.4609,4.8919,5.4924,5.4219,0.3827,0.3827,77200.0,77200.0,40183.25,2218728.0,2218728.0
603712.SH,20240112,29.56,0.4438,0.8526,0.7,29.4488,29.2729,5.0315,5.6491,5.5766,0.3721,0.3721,77200.0,77200.0,40183.25,2282032.0,2282032.0
603712.SH,20240111,29.92,0.7015,1.3476,1.1,29.8074,29.6294,5.0927,5.7179,5.6445,0.3676,0.3676,77200.0,77200.0,40183.25,2309824.0,2309824.0
603712.SH,20240110,29.25,0.5762,1.107,0.88,29.1399,28.966,4.9787,5.5899,5.5181,0.3761,0.3761,77200.0,77200.0,40183.25,2258100.0,2258100.0
603712.SH,20240109,30.02,0.6772,1.301,0.83,29.907,29.7285,5.1098,5.737,5.6634,0.3664,0.3664,77200.0,77200.0,40183.25,2317544.0,2317544.0
603712.SH,20240108,29.88,0.5881,1.1298,0.65,29.7676,29.5898,5.0859,5.7103,5.637,0.3681,0.3681,77200.0,77200.0,40183.25,2306736.0,2306736.0
603712.SH,20240105,30.58,0.6385,1.2267,0.63,30.4649,30.283,5.2051,5.844,5.7691,0.3597,0.3597,77200.0,77200.0,40183.25,2360776.0,2360776.0
603712.SH,20240104,31.17,0.6974,1.3399,0.63,31.0527,30.8673,5.3055,5.9568,5.8804,0.3529,0.3529,77200.0,77200.0,40183.25,2406324.0,2406324.0
603712.SH,20240103,31.33,0.6754,1.2977,0.59,31.2121,31.0258,5.3327,5.9874,5.9105,0.3511,0.3511,77200.0,77200.0,40183.25,2418676.0,2418676.0
603712.SH,20240102,32.45,1.4774,2.8384,1.24,32.3279,32.1349,5.5234,6.2014,6.1218,0.339,0.339,77200.0,77200.0,40183.25,2505140.0,2505140.0
603712.SH,20231229,31.51,1.0245,1.9683,0.72,31.3914,31.204,5.3634,6.0218,5.9445,0.3174,0.3491,77200.0,77200.0,40183.25,2432572.0,2432572.0
603712.SH,20231228,30.98,1.1607,2.2299,0.76,30.8634,30.6792,5.2732,5.9205,5.8445,0.3228,0.3551,77200.0,77200.0,40183.25,2391656.0,2391656.0
603712.SH,20231227,31.82,1.1902,2.2867,0.85,31.7003,31.511,5.4161,6.081,6.003,0.3143,0.3457,77200.0,77200.0,40183.25,2456504.0,2456504.0
603712.SH,20231226,31.8,0.8677,1.667,0.64,31.6803,31.4912,5.4127,6.0772,5.9992,0.3145,0.3459,77200.0,77200.0,40183.25,2454960.0,2454960.0
603712.SH,20231225,31.91,1.6977,3.2617,1.52,31.7899,31.6001,5.4315,6.0982,6.02,0.3134,0.3447,77200.0,77200.0,40183.25,2463452.0,2463452.0
603712.SH,20231222,31.62,2.1554,4.1409,2.65,31.501,31.3129,5.3821,6.0428,5.9653,0.3163,0.3479,77200.0,77200.0,40183.25,2441064.0,2441064.0
603712.SH,20231221,30.0,1.7027,3.2713,2.84,29.8871,29.7087,5.1064,5.7332,5.6596,0.3333,0.3667,77200.0,77200.0,40183.25,2316000.0,2316000.0
603712.SH,20231220,28.65,0.6141,1.1798,0.94,28.5422,28.3718,4.8766,5.4752,5.405,0.349,0.3839,77200.0,77200.0,40183.25,2211780.0,2211780.0
603712.SH,20231219,28.93,0.5728,1.1005,0.82,28.8211,28.6491,4.9242,5.5287,5.4578,0.3457,0.3802,77200.0,77200.0,40183.25,2233396.0,2233396.0
603712.SH,20231218,28.83,0.5244,1.0075,0.66,28.7215,28.55,4.9072,5.5096,5.4389,0.3469,0.3815,77200.0,77200.0,40183.25,2225676.0,2225676.0
603712.SH,20231215,29.52,0.6538,1.256,0.75,29.4089,29.2333,5.0246,5.6415,5.5691,0.3388,0.3726,77200.0,77200.0,40183.25,2278944.0,2278944.0
603712.SH,20231214,29.93,0.6308,1.2118,0.71,29.8174,29.6394,5.0944,5.7198,5.6464,0.3341,0.3675,77200.0,77200.0,40183.25,2310596.0,2310596.0
603712.SH,20231213,30.7,0.9005,1.7301,1.15,30.5845,30.4019,5.2255,5.867,5.7917,0.3257,0.3583,77200.0,77200.0,40183.25,2370040.0,2370040.0
603712.SH,20231212,30.45,0.773,1.4851,1.08,30.3354,30.1543,5.1829,5.8192,5.7445,0.3284,0.3612,77200.0,77200.0,40183.25,2350740.0,2350740.0
603712.SH,20231211,30.05,1.0133,1.9467,1.57,29.9369,29.7582,5.1149,5.7428,5.6691,0.3328,0.3661,77200.0,77200.0,40183.25,2319860.0,2319860.0
603712.SH,20231208,29.45,1.049,2.0153,1.54,29.3392,29.164,5.0127,5.6281,5.5559,0.3396,0.3735,77200.0,77200.0,40183.25,2273540.0,2273540.0
603712.SH,20231207,30.5,0.6947,1.3346,0.88,30.3852,30.2038,5.1915,5.8288,5.754,0.3279,0.3607,77200.0,77200.0,40183.25,2354600.0,2354600.0
603712.SH,20231206,30.09,0.3902,0.7497,0.45,29.9768,29.7978,5.1217,5.7504,5.6766,0.3323,0.3656,77200.0,77200.0,40183.25,2322948.0,2322948.0
603712.SH,20231205,30.73,0.4395,0.8444,0.42,30.6144,30.4316,5.2306,5.8727,5.7974,0.3254,0.358,77200.0,77200.0,40183.25,2372356.0,2372356.0
603712.SH,20231204,30.94,0.6586,1.2653,0.61,30.8236,30.6395,5.2663,5.9128,5.837,0.3232,0.3555,77200.0,77200.0,40183.25,2388568.0,2388568.0
603712.SH,20231201,31.16,1.2206,2.3449,1.14,31.0427,30.8574,5.3038,5.9549,5.8785,0.3209,0.353,77200.0,77200.0,40183.25,2405552.0,2405552.0
603712.SH,20231130,30.9,1.2555,2.412,1.28,30.7837,30.5999,5.2595,5.9052,5.8294,0.3236,0.356,77200.0,77200.0,40183.25,2385480.0,2385480.0
603712.SH,20231129,30.33,0.7969,1.531,0.74,30.2159,30.0355,5.1625,5.7963,5.7219,0.3297,0.3627,77200.0,77200.0,40183.25,2341476.0,2341476.0
603712.SH,20231128,30.27,1.3092,2.5153,1.31,30.1561,29.9761,5.1523,5.7848,5.7106,0.3304,0.3634,77200.0,77200.0,40183.25,2336844.0,2336844.0
603712.SH,20231127,29.22,0.8549,1.6424,0.79,29.11,28.9362,4.9736,5.5841,5.5125,0.3422,0.3765,77200.0,77200.0,40183.25,2255784.0,2255784.0
603712.SH,20231124,29.87,1.1321,2.1751,1.23,29.7576,29.5799,5.0842,5.7084,5.6351,0.3348,0.3683,77200.0,77200.0,40183.25,2305964.0,2305964.0
603712.SH,20231123,30.38,0.8013,1.5394,0.92,30.2657,30.085,5.171,5.8058,5.7313,0.3292,0.3621,77200.0,77200.0,40183.25,2345336.0,2345336.0
603712.SH,20231122,30.49,1.2806,2.4602,1.47,30.3753,30.1939,5.1898,5.8268,5.7521,0.328,0.3608,77200.0,77200.0,40183.25,2353828.0,2353828.0
603712.SH,20231121,29.81,0.9099,1.748,0.92,29.6978,29.5205,5.074,5.6969,5.6238,0.3355,0.369,77200.0,77200.0,40183.25,2301332.0,2301332.0
603712.SH,20231120,29.95,1.2605,2.4218,1.19,29.8373,29.6592,5.0978,5.7237,5.6502,0.3339,0.3673,77200.0,77200.0,40183.25,2312140.0,2312140.0
603712.SH,20231117,28.63,0.3601,0.6917,0.34,28.5223,28.352,4.8732,5.4714,5.4012,0.3493,0.3842,77200.0,77200.0,40183.25,2210236.0,2210236.0
603712.SH,20231116,28.75,0.5394,1.0363,0.51,28.6418,28.4708,4.8936,5.4943,5.4238,0.3478,0.3826,77200.0,77200.0,40183.25,2219500.0,2219500.0
603712.SH,20231115,28.87,1.2839,2.4666,1.34,28.7614,28.5896,4.914,5.5173,5.4465,0.3464,0.381,77200.0,77200.0,40183.25,2228764.0,2228764.0
603712.SH,20231114,29.92,1.5022,2.886,1.95,29.8074,29.6294,5.0927,5.7179,5.6445,0.3342,0.3676,77200.0,77200.0,40183.25,2309824.0,2309824.0
603712.SH,20231113,29.56,1.6161,3.1048,2.96,29.4488,29.2729,5.0315,5.6491,5.5766,0.3383,0.3721,77200.0,77200.0,40183.25,2282032.0,2282032.0
603712.SH,20231110,27.57,0.4256,0.8177,0.71,27.4663,27.3023,4.6927,5.2688,5.2012,0.3627,0.399,77200.0,77200.0,40183.25,2128404.0,2128404.0
603712.SH,20231109,27.28,0.4825,0.9269,0.82,27.1773,27.0151,4.6434,5.2134,5.1465,0.3666,0.4032,77200.0,77200.0,40183.25,2106016.0,2106016.0
603712.SH,20231108,27.21,0.7786,1.4958,1.5,27.1076,26.9458,4.6315,5.2,5.1333,0.3675,0.4043,77200.0,77200.0,40183.25,2100612.0,2100612.0
603712.SH,20231107,26.99,0.5493,1.0552,1.03,26.8884,26.7279,4.594,5.158,5.0918,0.3705,0.4076,77200.0,77200.0,40183.25,2083628.0,2083628.0
603712.SH,20231106,26.79,0.4942,0.9495,0.77,26.6892,26.5298,4.56,5.1198,5.0541,0.3733,0.4106,77200.0,77200.0,40183.25,2068188.0,2068188.0
603712.SH,20231103,26.7,0.7064,1.3572,1.17,26.5995,26.4407,4.5447,5.1026,5.0371,0.3745,0.412,77200.0,77200.0,40183.25,2061240.0,2061240.0
603712.SH,20231102,26.01,0.4016,0.7716,0.62,25.9121,25.7574,4.4272,4.9707,4.9069,0.3845,0.4229,77200.0,77200.0,40183.25,2007972.0,2007972.0
603712.SH,20231101,26.2,0.4442,0.8534,0.63,26.1014,25.9456,4.4595,5.007,4.9427,0.3817,0.4198,77200.0,77200.0,40183.25,2022640.0,2022640.0
603712.SH,20231031,26.61,0.6161,1.1836,0.89,26.5099,26.3516,4.5293,5.0854,5.0201,0.3758,0.4134,77200.0,77200.0,40183.25,2054292.0,2054292.0
603712.SH,20231030,26.56,1.0434,2.0045,1.83,26.4601,26.3021,4.5208,5.0758,5.0107,0.3765,0.4142,77200.0,77200.0,40183.25,2050432.0,2050432.0
603712.SH,20231027,24.92,0.5023,0.9649,0.89,24.8262,24.7398,4.3394,4.7624,4.752,0.4013,0.4414,77200.0,77200.0,40183.25,1923824.0,1923824.0
603712.SH,20231026,24.68,0.6244,1.1995,1.23,24.5871,24.5016,4.2976,4.7165,4.7062,0.4052,0.4457,77200.0,77200.0,40183.25,1905296.0,1905296.0
603712.SH,20231025,25.02,0.7362,1.4144,1.68,24.9259,24.8391,4.3568,4.7815,4.771,0.3997,0.4396,77200.0,77200.0,40183.25,1931544.0,1931544.0
603712.SH,20231024,24.36,0.5572,1.0706,1.4,24.2683,24.1839,4.2419,4.6554,4.6452,0.4105,0.4516,77200.0,77200.0,40183.25,1880592.0,1880592.0
603712.SH,20231023,24.6,0.4248,0.8161,1.07,24.5074,24.4222,4.2837,4.7012,4.691,0.4065,0.4472,77200.0,77200.0,40183.25,1899120.0,1899120.0
603712.SH,20231020,25.1,0.4762,0.915,1.13,25.0056,24.9185,4.3707,4.7968,4.7863,0.3984,0.4382,77200.0,77200.0,40183.25,1937720.0,1937720.0
603712.SH,20231019,25.4,0.3438,0.6605,0.75,25.3044,25.2164,4.423,4.8541,4.8435,0.3937,0.4331,77200.0,77200.0,40183.25,1960880.0,1960880.0
603712.SH,20231018,25.59,0.3845,0.7388,0.75,25.4937,25.405,4.4561,4.8904,4.8797,0.3908,0.4299,77200.0,77200.0,40183.25,1975548.0,1975548.0
603712.SH,20231017,25.9,0.3661,0.7033,0.64,25.8025,25.7128,4.5101,4.9497,4.9388,0.3861,0.4247,77200.0,77200.0,40183.25,1999480.0,1999480.0
603712.SH,20231016,25.5,0.4058,0.7796,0.72,25.404,25.3157,4.4404,4.8732,4.8626,0.3922,0.4314,77200.0,77200.0,40183.25,1968600.0,1968600.0
603712.SH,20231013,26.04,0.6089,1.1698,1.2,25.942,25.8518,4.5344,4.9764,4.9655,0.384,0.4224,77200.0,77200.0,40183.25,2010288.0,2010288.0
603712.SH,20231012,25.83,0.5312,1.0205,1.16,25.7328,25.6433,4.4979,4.9363,4.9255,0.3871,0.4259,77200.0,77200.0,40183.25,1994076.0,1994076.0
603712.SH,20231011,26.11,0.6605,1.2689,1.64,26.0118,25.9212,4.5466,4.9898,4.9789,0.383,0.4213,77200.0,77200.0,40183.25,2015692.0,2015692.0
603712.SH,20231010,26.03,0.673,1.293,1.83,25.9321,25.8418,4.5327,4.9745,4.9636,0.3842,0.4226,77200.0,77200.0,40183.25,2009516.0,2009516.0
603712.SH,20231009,25.3,0.3525,0.6772,0.92,25.2048,25.1171,4.4056,4.835,4.8244,0.3953,0.4348,77200.0,77200.0,40183.25,1953160.0,1953160.0
603712.SH,20230928,25.28,0.3227,0.6199,0.75,25.1849,25.0972,4.4021,4.8312,4.8206,0.3956,0.4351,77200.0,77200.0,40183.25,1951616.0,1951616.0
603712.SH,20230927,25.03,0.2836,0.5448,0.63,24.9358,24.8491,4.3586,4.7834,4.7729,0.3995,0.4395,77200.0,77200.0,40183.25,1932316.0,1932316.0
603712.SH,20230926,24.87,0.3867,0.743,0.83,24.7764,24.6902,4.3307,4.7528,4.7424,0.4021,0.4423,77200.0,77200.0,40183.25,1919964.0,1919964.0
603712.SH,20230925,25.15,0.4899,0.9411,1.08,25.0554,24.9682,4.3795,4.8063,4.7958,0.3976,0.4374,77200.0,77200.0,40183.25,1941580.0,1941580.0
603712.SH,20230922,25.79,0.4413,0.8479,0.96,25.693,25.6036,4.4909,4.9286,4.9179,0.3877,0.4265,77200.0,77200.0,40183.25,1990988.0,1990988.0
603712.SH,20230921,25.19,0.5482,1.0532,1.3,25.0952,25.0079,4.3864,4.814,4.8035,0.397,0.4367,77200.0,77200.0,40183.25,1944668.0,1944668.0
603712.SH,20230920,25.45,0.3905,0.7502,0.87,25.3542,25.266,4.4317,4.8637,4.853,0.3929,0.4322,77200.0,77200.0,40183.25,1964740.0,1964740.0
603712.SH,20230919,25.63,0.4648,0.8931,0.9,25.5336,25.4447,4.463,4.8981,4.8874,0.3902,0.4292,77200.0,77200.0,40183.25,1978636.0,1978636.0
603712.SH,20230918,25.94,0.4208,0.8085,0.67,25.8424,25.7525,4.517,4.9573,4.9465,0.3855,0.4241,77200.0,77200.0,40183.25,2002568.0,2002568.0
603712.SH,20230915,26.38,0.4651,0.8936,0.63,26.2807,26.1893,4.5936,5.0414,5.0304,0.3791,0.417,77200.0,77200.0,40183.25,2036536.0,2036536.0
603712.SH,20230914,26.34,0.3614,0.6943,0.47,26.2409,26.1496,4.5867,5.0338,5.0227,0.3797,0.4176,77200.0,77200.0,40183.25,2033448.0,2033448.0
603712.SH,20230913,26.51,0.5261,1.0107,0.68,26.4102,26.3184,4.6163,5.0662,5.0552,0.3772,0.4149,77200.0,77200.0,40183.25,2046572.0,2046572.0
603712.SH,20230912,26.67,0.8203,1.5759,1.19,26.5696,26.4772,4.6441,5.0968,5.0857,0.375,0.4124,77200.0,77200.0,40183.25,2058924.0,2058924.0
603712.SH,20230911,27.13,0.9599,1.8443,1.6,27.0279,26.9339,4.7242,5.1847,5.1734,0.3686,0.4055,77200.0,77200.0,40183.25,2094436.0,2094436.0
603712.SH,20230908,27.56,1.0179,1.9556,2.17,27.4563,27.3608,4.7991,5.2669,5.2554,0.3628,0.3991,77200.0,77200.0,40183.25,2127632.0,2127632.0
603712.SH,20230907,26.68,0.4922,0.9457,1.11,26.5796,26.4871,4.6459,5.0987,5.0876,0.3748,0.4123,77200.0,77200.0,40183.25,2059696.0,2059696.0
603712.SH,20230906,27.01,0.5795,1.1133,1.23,26.9084,26.8147,4.7033,5.1618,5.1505,0.3702,0.4073,77200.0,77200.0,40183.25,2085172.0,2085172.0
603712.SH,20230905,26.01,0.4,0.7684,0.69,25.9121,25.822,4.5292,4.9707,4.9598,0.3845,0.4229,77200.0,77200.0,40183.25,2007972.0,2007972.0
603712.SH,20230904,26.43,0.5164,0.9921,0.77,26.3305,26.2389,4.6023,5.051,5.0399,0.3784,0.4162,77200.0,77200.0,40183.25,2040396.0,2040396.0
603712.SH,20230901,26.09,0.3596,0.6909,0.54,25.9918,25.9014,4.5431,4.986,4.9751,0.3833,0.4216,77200.0,77200.0,40183.25,2014148.0,2014148.0
603712.SH,20230831,26.6,0.3583,0.6884,0.51,26.4999,26.4077,4.6319,5.0834,5.0723,0.3759,0.4135,77200.0,77200.0,40183.25,2053520.0,2053520.0
603712.SH,20230830,26.71,0.7127,1.3693,1.05,26.6095,26.5169,4.6511,5.1045,5.0933,0.3744,0.4118,77200.0,77200.0,40183.25,2062012.0,2062012.0
603712.SH,20230829,26.46,0.9449,1.8154,1.62,26.3604,26.2687,4.6076,5.0567,5.0456,0.3779,0.4157,77200.0,77200.0,40183.25,2042712.0,2042712.0
603712.SH,20230828,25.0,0.962,1.8481,2.05,24.9059,24.7944,4.5441,4.7777,4.7047,0.4,0.44,77200.0,77200.0,40183.25,1930000.0,1930000.0
603712.SH,20230825,25.22,0.3683,0.7075,0.77,25.1251,25.0126,4.5841,4.8197,4.7461,0.3965,0.4362,77200.0,77200.0,40183.25,1946984.0,1946984.0
603712.SH,20230824,25.71,0.4945,0.9501,1.02,25.6133,25.4985,4.6731,4.9134,4.8383,0.389,0.4278,77200.0,77200.0,40183.25,1984812.0,1984812.0
603712.SH,20230823,25.89,0.632,1.2142,1.51,25.7926,25.6771,4.7058,4.9478,4.8722,0.3862,0.4249,77200.0,77200.0,40183.25,1998708.0,1998708.0
603712.SH,20230822,26.7,0.4655,0.8944,1.23,26.5995,26.4804,4.8531,5.1026,5.0247,0.3745,0.412,77200.0,77200.0,40183.25,2061240.0,2061240.0
603712.SH,20230821,26.52,0.3843,0.7382,1.03,26.4202,26.3019,4.8204,5.0682,4.9908,0.3771,0.4148,77200.0,77200.0,40183.25,2047344.0,2047344.0
603712.SH,20230818,27.47,0.4137,0.7949,1.24,27.3666,27.2441,4.993,5.2497,5.1696,0.364,0.4004,77200.0,77200.0,40183.25,2120684.0,2120684.0
603712.SH,20230817,27.56,0.5274,1.0133,1.9,27.4563,27.3333,5.0094,5.2669,5.1865,0.3628,0.3991,77200.0,77200.0,40183.25,2127632.0,2127632.0
603712.SH,20230816,26.55,0.3007,0.5777,1.06,26.4501,26.3316,4.8258,5.0739,4.9964,0.3766,0.4143,77200.0,77200.0,40183.25,2049660.0,2049660.0
603712.SH,20230815,27.13,0.2712,0.5211,0.79,27.0279,26.9069,4.9312,5.1847,5.1056,0.3686,0.4055,77200.0,77200.0,40183.25,2094436.0,2094436.0
603712.SH,20230814,27.19,0.3571,0.6861,1.03,27.0877,26.9664,4.9421,5.1962,5.1169,0.3678,0.4046,77200.0,77200.0,40183.25,2099068.0,2099068.0
603712.SH,20230811,27.13,0.2144,0.4119,0.58,27.0279,26.9069,4.9312,5.1847,5.1056,0.3686,0.4055,77200.0,77200.0,40183.25,2094436.0,2094436.0
603712.SH,20230810,27.46,0.244,0.4687,0.64,27.3567,27.2341,4.9912,5.2478,5.1677,0.3642,0.4006,77200.0,77200.0,40183.25,2119912.0,2119912.0
603712.SH,20230809,27.3,0.335,0.6435,0.87,27.1973,27.0755,4.9621,5.2172,5.1376,0.3663,0.4029,77200.0,77200.0,40183.25,2107560.0,2107560.0
603712.SH,20230808,27.56,0.565,1.0856,1.43,27.4563,27.3333,5.0094,5.2669,5.1865,0.3628,0.3991,77200.0,77200.0,40183.25,2127632.0,2127632.0
603712.SH,20230807,28.23,0.3831,0.736,0.9,28.1238,27.9978,5.1312,5.3949,5.3126,0.3542,0.3897,77200.0,77200.0,40183.25,2179356.0,2179356.0
603712.SH,20230804,28.21,0.3063,0.5885,0.68,28.1038,27.978,5.1275,5.3911,5.3088,0.3545,0.3899,77200.0,77200.0,40183.25,2177812.0,2177812.0
603712.SH,20230803,28.09,0.3281,0.6304,0.75,27.9843,27.859,5.1057,5.3682,5.2862,0.356,0.3916,77200.0,77200.0,40183.25,2168548.0,2168548.0
603712.SH,20230802,28.4,0.335,0.6436,0.82,28.2931,28.1664,5.1621,5.4274,5.3446,0.3521,0.3873,77200.0,77200.0,40183.25,2192480.0,2192480.0
603712.SH,20230801,28.76,0.6179,1.187,1.72,28.6518,28.5234,5.2275,5.4962,5.4123,0.3477,0.3825,77200.0,77200.0,40183.25,2220272.0,2220272.0
603712.SH,20230731,28.11,0.5516,1.0596,1.77,28.0042,27.8788,5.1094,5.372,5.29,0.3557,0.3913,77200.0,77200.0,40183.25,2170092.0,2170092.0
603712.SH,20230728,28.2,0.4249,0.8164,1.43,28.0939,27.9681,5.1257,5.3892,5.3069,0.3546,0.3901,77200.0,77200.0,40183.25,2177040.0,2177040.0
603712.SH,20230727,28.5,0.2587,0.4971,0.86,28.3928,28.2656,5.1802,5.4465,5.3634,0.3509,0.386,77200.0,77200.0,40183.25,2200200.0,2200200.0
603712.SH,20230726,28.64,0.1938,0.3723,0.58,28.5322,28.4044,5.2057,5.4733,5.3897,0.3492,0.3841,77200.0,77200.0,40183.25,2211008.0,2211008.0
603712.SH,20230725,28.88,0.3688,0.7086,1.12,28.7713,28.6425,5.2493,5.5192,5.4349,0.3463,0.3809,77200.0,77200.0,40183.25,2229536.0,2229536.0
603712.SH,20230724,28.6,0.3111,0.5977,0.99,28.4924,28.3648,5.1984,5.4657,5.3822,0.3497,0.3846,77200.0,77200.0,40183.25,2207920.0,2207920.0
603712.SH,20230721,28.46,0.3523,0.6768,1.11,28.3529,28.2259,5.173,5.4389,5.3559,0.3514,0.3865,77200.0,77200.0,40183.25,2197112.0,2197112.0
603712.SH,20230720,28.23,0.2765,0.5313,0.86,28.1238,27.9978,5.1312,5.3949,5.3126,0.3542,0.3897,77200.0,77200.0,40183.25,2179356.0,2179356.0
603712.SH,20230719,28.62,0.3689,0.7088,1.19,28.5123,28.3846,5.2021,5.4695,5.386,0.3494,0.3843,77200.0,77200.0,40183.25,2209464.0,2209464.0
603712.SH,20230718,29.15,0.3334,0.6405,0.97,29.0403,28.9102,5.2984,5.5708,5.4857,0.3431,0.3774,77200.0,77200.0,40183.25,2250380.0,2250380.0
603712.SH,20230717,29.4,0.2397,0.4605,0.64,29.2894,29.1582,5.3438,5.6185,5.5328,0.3401,0.7143,77200.0,77200.0,40183.25,2269680.0,2269680.0
603712.SH,20230714,29.34,0.3684,0.7078,0.83,29.2296,29.0987,5.3329,5.6071,5.5215,0.3408,0.7157,77200.0,77200.0,40183.25,2265048.0,2265048.0
603712.SH,20230713,29.5,0.303,0.5821,0.63,29.389,29.2574,5.362,5.6377,5.5516,0.339,0.7119,77200.0,77200.0,40183.25,2277400.0,2277400.0
603712.SH,20230712,29.25,0.3055,0.5869,0.57,29.1399,29.0094,5.3166,5.5899,5.5045,0.3419,0.7179,77200.0,77200.0,40183.25,2258100.0,2258100.0
603712.SH,20230711,30.01,0.5051,0.9705,0.87,29.8971,29.7632,5.4547,5.7351,5.6476,0.3332,0.6998,77200.0,77200.0,40183.25,2316772.0,2316772.0
603712.SH,20230710,29.44,0.3865,0.7425,0.58,29.3292,29.1979,5.3511,5.6262,5.5403,0.3397,0.7133,77200.0,77200.0,40183.25,2272768.0,2272768.0
603712.SH,20230707,29.49,0.7064,1.3572,0.98,29.379,29.2474,5.3602,5.6357,5.5497,0.3391,0.7121,77200.0,77200.0,40183.25,2276628.0,2276628.0
603712.SH,20230706,30.0,0.5049,0.97,0.57,29.8871,29.7532,5.4529,5.7332,5.6457,0.3333,0.7,77200.0,77200.0,40183.25,2316000.0,2316000.0
603712.SH,20230705,30.26,0.598,1.1488,0.61,30.1461,30.0111,5.5002,5.7829,5.6946,0.3305,0.694,77200.0,77200.0,40183.25,2336072.0,2336072.0
603712.SH,20230704,30.71,0.7067,1.3577,0.65,30.5944,30.4574,5.5819,5.8689,5.7793,0.3256,0.6838,77200.0,77200.0,40183.25,2370812.0,2370812.0
603712.SH,20230703,30.22,0.7874,1.5127,0.68,30.1063,29.9714,5.4929,5.7753,5.6871,0.3309,0.6949,77200.0,77200.0,40183.25,2332984.0,2332984.0
603712.SH,20230630,30.21,0.9948,1.9113,0.85,30.0963,29.9615,5.4911,5.7733,5.6852,0.331,0.6951,77200.0,77200.0,40183.25,2332212.0,2332212.0
603712.SH,20230629,29.74,1.3079,2.5128,0.91,29.6281,29.4954,5.4056,5.6835,5.5967,0.3362,0.7061,77200.0,77200.0,40183.25,2295928.0,2295928.0
603712.SH,20230628,29.12,1.1246,2.1606,0.73,29.0104,28.8805,5.2929,5.565,5.4801,0.3434,0.7212,77200.0,77200.0,40183.25,2248064.0,2248064.0
603712.SH,20230627,28.47,1.1806,2.2682,0.81,28.3629,28.2358,5.1748,5.4408,5.3577,0.3512,0.7376,77200.0,77200.0,40183.25,2197884.0,2197884.0
603712.SH,20230626,28.78,1.1441,2.4316,0.77,28.6717,28.5433,5.2311,5.5001,5.4161,0.3475,0.7297,77200.0,77200.0,36323.25,2221816.0,2221816.0
603712.SH,20230621,28.11,1.1007,2.3394,0.68,28.0042,27.8788,5.1094,5.372,5.29,0.3557,0.7471,77200.0,77200.0,36323.25,2170092.0,2170092.0
603712.SH,20230620,29.18,2.6588,5.6508,1.89,29.0702,28.94,5.3038,5.5765,5.4914,0.3427,0.7197,77200.0,77200.0,36323.25,2252696.0,2252696.0
603712.SH,20230619,27.22,1.6075,3.4165,1.18,27.1176,26.9961,4.9476,5.2019,5.1225,0.3674,0.7715,77200.0,77200.0,36323.25,2101384.0,2101384.0
603712.SH,20230616,27.47,0.7805,1.6588,0.51,27.3666,27.2441,4.993,5.2497,5.1696,0.364,0.7645,77200.0,77200.0,36323.25,2120684.0,2120684.0
603712.SH,20230615,27.19,1.3094,2.7829,0.88,27.0877,26.9664,4.8453,5.1962,5.1169,0.3678,0.3678,77200.0,77200.0,36323.25,2099068.0,2099068.0
603712.SH,20230614,26.62,1.6801,3.5708,1.3,26.5198,26.401,4.7437,5.0873,5.0096,0.3757,0.3757,77200.0,77200.0,36323.25,2055064.0,2055064.0
603712.SH,20230613,27.47,1.6438,3.4937,1.45,27.3666,27.2441,4.8952,5.2497,5.1696,0.364,0.364,77200.0,77200.0,36323.25,2120684.0,2120684.0
603712.SH,20230612,28.38,1.3821,2.9375,1.35,28.2732,28.1466,5.0573,5.4236,5.3408,0.3524,0.3524,77200.0,77200.0,36323.25,2190936.0,2190936.0
603712.SH,20230609,29.66,1.6599,3.528,2.01,29.5484,29.416,5.2854,5.6682,5.5817,0.3372,0.3372,77200.0,77200.0,36323.25,2289752.0,2289752.0
603712.SH,20230608,30.44,1.0953,2.3279,1.34,30.3255,30.1896,5.4244,5.8173,5.7285,0.3285,0.3285,77200.0,77200.0,36323.25,2349968.0,2349968.0
603712.SH,20230607,31.81,0.6819,1.4493,0.86,31.6903,31.5484,5.6685,6.0791,5.9863,0.3144,0.3144,77200.0,77200.0,36323.25,2455732.0,2455732.0
603712.SH,20230606,31.2,0.8632,1.8347,1.13,31.0826,30.9434,5.5598,5.9625,5.8715,0.3205,0.3205,77200.0,77200.0,36323.25,2408640.0,2408640.0
603712.SH,20230605,32.0,0.8148,1.7317,1.02,31.8796,31.7368,5.7024,6.1154,6.0221,0.3125,0.3125,77200.0,77200.0,36323.25,2470400.0,2470400.0
603712.SH,20230602,32.08,0.681,1.4473,0.92,31.9593,31.8161,5.7167,6.1307,6.0371,0.3117,0.3117,77200.0,77200.0,36323.25,2476576.0,2476576.0
603712.SH,20230601,31.71,1.0451,2.2212,1.57,31.5907,31.4492,5.6507,6.06,5.9675,0.3154,0.3154,77200.0,77200.0,36323.25,2448012.0,2448012.0
603712.SH,20230531,30.79,0.5461,1.1607,0.87,30.6741,30.5367,5.4868,5.8842,5.7943,0.3248,0.3248,77200.0,77200.0,36323.25,2376988.0,2376988.0
603712.SH,20230530,31.27,0.7376,1.5677,1.33,31.1523,31.0128,5.5723,5.9759,5.8847,0.3198,0.3198,77200.0,77200.0,36323.25,2414044.0,2414044.0
603712.SH,20230529,30.92,0.9817,2.0864,2.27,30.8037,30.6657,5.51,5.909,5.8188,0.3234,0.3234,77200.0,77200.0,36323.25,2387024.0,2387024.0
603712.SH,20230526,30.28,0.409,0.8692,0.91,30.1661,30.0309,5.3959,5.7867,5.6984,0.3303,0.3303,77200.0,77200.0,36323.25,2337616.0,2337616.0
603712.SH,20230525,30.24,0.659,1.4006,1.3,30.1262,29.9913,5.3888,5.7791,5.6908,0.3307,0.3307,77200.0,77200.0,36323.25,2334528.0,2334528.0
603712.SH,20230524,29.72,0.3348,0.7115,0.61,29.6082,29.4756,5.2961,5.6797,5.593,0.3365,0.3365,77200.0,77200.0,36323.25,2294384.0,2294384.0
603712.SH,20230523,29.78,0.3933,0.836,0.65,29.6679,29.5351,5.3068,5.6912,5.6043,0.3358,0.3358,77200.0,77200.0,36323.25,2299016.0,2299016.0
603712.SH,20230522,30.22,0.3705,0.7875,0.59,30.1063,29.9714,5.3852,5.7753,5.6871,0.3309,0.3309,77200.0,77200.0,36323.25,2332984.0,2332984.0
603712.SH,20230519,30.19,0.5018,1.0665,0.8,30.0764,29.9417,5.3799,5.7695,5.6814,0.3312,0.3312,77200.0,77200.0,36323.25,2330668.0,2330668.0
603712.SH,20230518,30.01,0.9348,1.9868,1.84,29.8971,29.7632,5.3478,5.7351,5.6476,0.3332,0.3332,77200.0,77200.0,36323.25,2316772.0,2316772.0
603712.SH,20230517,30.72,0.5223,1.1102,1.07,30.6044,30.4673,5.4743,5.8708,5.7812,0.3255,0.3255,77200.0,77200.0,36323.25,2371584.0,2371584.0
603712.SH,20230516,30.36,0.6733,1.4311,1.53,30.2458,30.1103,5.4102,5.802,5.7134,0.3294,0.3294,77200.0,77200.0,36323.25,2343792.0,2343792.0
603712.SH,20230515,31.01,0.5276,1.1213,1.26,30.8933,30.7549,5.526,5.9262,5.8357,0.3225,0.3225,77200.0,77200.0,36323.25,2393972.0,2393972.0
603712.SH,20230512,30.67,0.4832,1.0269,1.22,30.5546,30.4177,5.4654,5.8612,5.7718,0.3261,0.3261,77200.0,77200.0,36323.25,2367724.0,2367724.0
603712.SH,20230511,30.51,0.3288,0.6989,0.67,30.3952,30.2591,5.4369,5.8307,5.7417,0.3278,0.3278,77200.0,77200.0,36323.25,2355372.0,2355372.0
603712.SH,20230510,30.41,0.4306,0.9151,0.8,30.2956,30.1599,5.4191,5.8116,5.7228,0.3288,0.3288,77200.0,77200.0,36323.25,2347652.0,2347652.0
603712.SH,20230509,30.83,0.437,0.9287,0.79,30.714,30.5764,5.4939,5.8918,5.8019,0.3244,0.3244,77200.0,77200.0,36323.25,2380076.0,2380076.0
603712.SH,20230508,31.54,0.415,0.8819,0.74,31.4213,31.2806,5.6204,6.0275,5.9355,0.3171,0.3171,77200.0,77200.0,36323.25,2434888.0,2434888.0
603712.SH,20230505,31.4,0.3731,0.7931,0.6,31.2818,31.1417,5.5955,6.0008,5.9091,0.3185,0.3185,77200.0,77200.0,36323.25,2424080.0,2424080.0
603712.SH,20230504,31.85,0.8094,1.7203,1.4,31.7302,31.588,5.6757,6.0868,5.9938,0.314,0.314,77200.0,77200.0,36323.25,2458820.0,2458820.0
603712.SH,20230428,32.42,0.6609,1.4047,1.05,32.298,32.1533,5.7773,6.1957,6.1011,0.3085,0.3085,77200.0,77200.0,36323.25,2502824.0,2502824.0
603712.SH,20230427,33.36,0.5148,1.0942,0.8,33.2345,33.0856,5.9448,6.3753,6.278,0.2998,0.2998,77200.0,77200.0,36323.25,2575392.0,2575392.0
603712.SH,20230426,33.4,0.4281,0.9098,0.59,33.2743,33.1253,5.9519,6.383,6.2855,0.2994,0.2994,77200.0,77200.0,36323.25,2578480.0,2578480.0
603712.SH,20230425,33.19,0.6902,1.4669,0.74,33.0651,32.917,5.9145,6.3428,6.246,0.3013,0.3013,77200.0,77200.0,36323.25,2562268.0,2562268.0
603712.SH,20230424,33.85,0.6063,1.2885,0.6,33.7226,33.5716,6.0321,6.469,6.3702,0.2954,0.2954,77200.0,77200.0,36323.25,2613220.0,2613220.0
603712.SH,20230421,33.81,0.9013,1.9155,0.76,33.6828,33.5319,6.0249,6.4613,6.3627,0.2958,0.2958,77200.0,77200.0,36323.25,2610132.0,2610132.0
603712.SH,20230420,34.11,0.5724,1.2165,0.44,33.9816,33.8294,6.0784,6.5187,6.4191,0.2932,0.2932,77200.0,77200.0,36323.25,2633292.0,2633292.0
603712.SH,20230419,33.96,0.8752,1.8602,0.71,33.8322,33.6807,6.0517,6.49,6.3909,0.2945,0.2945,77200.0,77200.0,36323.25,2621712.0,2621712.0
603712.SH,20230418,34.5,1.6889,3.5895,1.67,34.3702,34.2162,6.1479,6.5932,6.4925,0.2899,0.2899,77200.0,77200.0,36323.25,2663400.0,2663400.0
603712.SH,20230417,33.15,0.9921,2.1085,1.02,33.0253,32.8773,5.9073,6.3352,6.2385,0.3017,0.3017,77200.0,77200.0,36323.25,2559180.0,2559180.0
603712.SH,20230414,32.78,1.7957,3.8165,2.21,32.6567,32.5104,5.8414,6.2645,6.1688,0.3051,0.3051,77200.0,77200.0,36323.25,2530616.0,2530616.0
603712.SH,20230413,31.56,1.2229,2.5991,1.5,31.4412,31.4412,5.6566,6.0313,6.0313,0.3169,0.3169,77200.0,77200.0,36323.25,2436432.0,2436432.0
603712.SH,20230412,30.81,0.451,0.9586,0.51,30.6941,30.6941,5.5222,5.888,5.888,0.3246,0.3246,77200.0,77200.0,36323.25,2378532.0,2378532.0
603712.SH,20230411,30.89,0.6019,1.2792,0.65,30.7738,30.7738,5.5365,5.9033,5.9033,0.3237,0.3237,77200.0,77200.0,36323.25,2384708.0,2384708.0
603712.SH,20230410,31.28,0.7823,1.6626,0.84,31.1623,31.1623,5.6064,5.9778,5.9778,0.3197,0.3197,77200.0,77200.0,36323.25,2414816.0,2414816.0
603712.SH,20230407,31.65,1.0015,2.1286,1.19,31.5309,31.5309,5.6727,6.0485,6.0485,0.316,0.316,77200.0,77200.0,36323.25,2443380.0,2443380.0
603712.SH,20230406,31.63,1.2498,2.6564,1.6,31.511,31.511,5.6692,6.0447,6.0447,0.3162,0.3162,77200.0,77200.0,36323.25,2441836.0,2441836.0
603712.SH,20230404,30.59,0.8192,1.7412,1.1,30.4749,30.4749,5.4828,5.846,5.846,0.3269,0.3269,77200.0,77200.0,36323.25,2361548.0,2361548.0
603712.SH,20230403,31.22,0.792,1.6833,1.14,31.1025,31.1025,5.5957,5.9664,5.9664,0.3203,0.3203,77200.0,77200.0,36323.25,2410184.0,2410184.0
603712.SH,20230331,30.92,0.7958,1.6914,1.18,30.8037,30.8037,5.5419,5.909,5.909,0.3234,0.3234,77200.0,77200.0,36323.25,2387024.0,2387024.0
603712.SH,20230330,30.87,0.5564,1.1826,0.82,34.624,31.935,6.212,6.9058,6.1016,0.3239,0.3239,77200.0,77200.0,36323.25,2383164.0,2383164.0
603712.SH,20230329,30.85,0.9371,1.9917,1.45,34.6016,31.9143,6.208,6.9014,6.0976,0.3241,0.3241,77200.0,77200.0,36323.25,2381620.0,2381620.0
603712.SH,20230328,31.51,0.6294,1.3377,0.84,35.3418,32.5971,6.3408,7.049,6.2281,0.3174,0.3174,77200.0,77200.0,36323.25,2432572.0,2432572.0
603712.SH,20230327,32.46,0.545,1.1582,0.57,36.4074,33.5798,6.5319,7.2615,6.4159,0.3081,0.3081,77200.0,77200.0,36323.25,2505912.0,2505912.0
603712.SH,20230324,32.84,0.7097,1.5083,0.69,36.8336,33.9729,6.6084,7.3466,6.491,0.3045,0.3045,77200.0,77200.0,36323.25,2535248.0,2535248.0
603712.SH,20230323,33.32,0.58,1.2327,0.5,37.3719,34.4695,6.705,7.4539,6.5858,0.3001,0.3001,77200.0,77200.0,36323.25,2572304.0,2572304.0
603712.SH,20230322,33.3,0.7574,1.6097,0.63,37.3495,34.4488,6.701,7.4495,6.5819,0.3003,0.3003,77200.0,77200.0,36323.25,2570760.0,2570760.0
603712.SH,20230321,33.4,1.1682,2.4828,1.01,37.4617,34.5523,6.7211,7.4718,6.6017,0.2994,0.2994,77200.0,77200.0,36323.25,2578480.0,2578480.0
603712.SH,20230320,32.74,1.5413,3.2758,1.47,36.7214,33.8695,6.5883,7.3242,6.4712,0.3054,0.3054,77200.0,77200.0,36323.25,2527528.0,2527528.0
603712.SH,20230317,34.64,1.1288,2.3992,1.14,38.8525,35.835,6.9706,7.7492,6.8467,0.2887,0.2887,77200.0,77200.0,36323.25,2674208.0,2674208.0
603712.SH,20230316,35.33,1.2314,2.6171,1.34,39.6264,36.5488,7.1095,7.9036,6.9831,0.283,0.283,77200.0,77200.0,36323.25,2727476.0,2727476.0
603712.SH,20230315,35.49,0.9621,2.0449,1.04,39.8058,36.7144,7.1417,7.9394,7.0148,0.2818,0.2818,77200.0,77200.0,36323.25,2739828.0,2739828.0
603712.SH,20230314,36.3,0.9426,2.0033,1.02,40.7143,37.5523,7.3047,8.1206,7.1749,0.2755,0.2755,77200.0,77200.0,36323.25,2802360.0,2802360.0
603712.SH,20230313,36.58,0.9823,2.0877,0.92,41.0284,37.842,7.361,8.1832,7.2302,0.2734,0.2734,77200.0,77200.0,36323.25,2823976.0,2823976.0
603712.SH,20230310,35.85,0.8483,1.8028,0.87,40.2096,37.0868,7.2141,8.0199,7.0859,0.2789,0.2789,77200.0,77200.0,36323.25,2767620.0,2767620.0
603712.SH,20230309,36.16,0.8491,1.8047,0.85,40.5573,37.4075,7.2765,8.0893,7.1472,0.2765,0.2765,77200.0,77200.0,36323.25,2791552.0,2791552.0
603712.SH,20230308,36.04,1.0079,2.1422,1.16,40.4227,37.2833,7.2524,8.0624,7.1235,0.2775,0.2775,77200.0,77200.0,36323.25,2782288.0,2782288.0
603712.SH,20230307,35.03,0.9364,1.9902,1.21,39.2899,36.2385,7.0491,7.8365,6.9238,0.2855,0.2855,77200.0,77200.0,36323.25,2704316.0,2704316.0
603712.SH,20230306,35.59,1.7118,3.6381,3.08,39.918,36.8178,7.1618,7.9617,7.0345,0.281,0.281,77200.0,77200.0,36323.25,2747548.0,2747548.0
603712.SH,20230303,33.98,0.3959,0.8414,0.55,38.1122,35.1523,6.8378,7.6016,6.7163,0.2943,0.2943,77200.0,77200.0,36323.25,2623256.0,2623256.0
603712.SH,20230302,34.24,0.9376,1.9927,1.43,38.4038,35.4212,6.8901,7.6597,6.7677,0.2921,0.2921,77200.0,77200.0,36323.25,2643328.0,2643328.0
603712.SH,20230301,33.9,0.3754,0.7978,0.58,38.0225,35.0695,6.8217,7.5837,6.7005,0.295,0.295,77200.0,77200.0,36323.25,2617080.0,2617080.0
603712.SH,20230228,34.04,0.4562,0.9695,0.69,38.1795,35.2143,6.8499,7.615,6.7282,0.2938,0.2938,77200.0,77200.0,36323.25,2627888.0,2627888.0
603712.SH,20230227,33.85,0.6143,1.3057,0.85,37.9664,35.0178,6.8117,7.5725,6.6906,0.2954,0.2954,77200.0,77200.0,36323.25,2613220.0,2613220.0
603712.SH,20230224,33.93,1.2158,2.584,2.18,38.0561,35.1006,6.8278,7.5904,6.7064,0.2947,0.2947,77200.0,77200.0,36323.25,2619396.0,2619396.0
603712.SH,20230223,33.4,0.611,1.2986,1.05,37.4617,34.5523,6.7211,7.4718,6.6017,0.2994,0.2994,77200.0,77200.0,36323.25,2578480.0,2578480.0
603712.SH,20230222,33.51,0.3303,0.7021,0.52,37.585,34.6661,6.7432,7.4964,6.6234,0.2984,0.2984,77200.0,77200.0,36323.25,2586972.0,2586972.0
603712.SH,20230221,33.4,0.558,1.1861,0.85,37.4617,34.5523,6.7211,7.4718,6.6017,0.2994,0.2994,77200.0,77200.0,36323.25,2578480.0,2578480.0
603712.SH,20230220,33.39,0.8978,1.9081,1.47,37.4505,34.5419,6.7191,7.4696,6.5997,0.2995,0.2995,77200.0,77200.0,36323.25,2577708.0,2577708.0
603712.SH,20230217,33.51,0.393,0.8353,0.65,37.585,34.6661,6.7432,7.4964,6.6234,0.2984,0.2984,77200.0,77200.0,36323.25,2586972.0,2586972.0
603712.SH,20230216,33.6,0.7293,1.55,1.39,37.686,34.7592,6.7614,7.5166,6.6412,0.2976,0.2976,77200.0,77200.0,36323.25,2593920.0,2593920.0
603712.SH,20230215,34.46,0.627,1.3327,1.35,38.6506,35.6488,6.9344,7.709,6.8112,0.2902,0.2902,77200.0,77200.0,36323.25,2660312.0,2660312.0
603712.SH,20230214,33.62,0.6282,1.3352,1.28,37.7084,34.7799,6.7654,7.521,6.6451,0.2974,0.2974,77200.0,77200.0,36323.25,2595464.0,2595464.0
603712.SH,20230213,34.03,0.6689,1.4217,1.24,38.1683,35.204,6.8479,7.6128,6.7262,0.2939,0.2939,77200.0,77200.0,36323.25,2627116.0,2627116.0
603712.SH,20230210,34.45,0.3609,0.7671,0.63,38.6394,35.6385,6.9324,7.7067,6.8092,0.2903,0.2903,77200.0,77200.0,36323.25,2659540.0,2659540.0
603712.SH,20230209,34.93,0.3427,0.7284,0.56,39.1777,36.135,7.029,7.8141,6.9041,0.2863,0.2863,77200.0,77200.0,36323.25,2696596.0,2696596.0
603712.SH,20230208,34.7,0.3151,0.6697,0.49,38.9198,35.8971,6.9827,7.7626,6.8586,0.2882,0.2882,77200.0,77200.0,36323.25,2678840.0,2678840.0
603712.SH,20230207,35.18,0.7598,1.6149,1.28,39.4581,36.3937,7.0793,7.87,6.9535,0.2843,0.2843,77200.0,77200.0,36323.25,2715896.0,2715896.0
603712.SH,20230206,35.62,0.9117,1.9377,1.59,39.9516,36.8489,7.1678,7.9685,7.0404,0.2807,0.2807,77200.0,77200.0,36323.25,2749864.0,2749864.0
603712.SH,20230203,35.1,0.5261,1.1181,0.72,39.3684,36.3109,7.0632,7.8521,6.9377,0.2849,0.2849,77200.0,77200.0,36323.25,2709720.0,2709720.0
603712.SH,20230202,34.89,0.5377,1.1427,0.63,39.1329,36.0937,7.0209,7.8052,6.8962,0.2866,0.2866,77200.0,77200.0,36323.25,2693508.0,2693508.0
603712.SH,20230201,35.54,0.4534,0.9636,0.51,39.8619,36.7661,7.1517,7.9506,7.0246,0.2814,0.2814,77200.0,77200.0,36323.25,2743688.0,2743688.0
603712.SH,20230131,35.35,0.5409,1.1496,0.6,39.6488,36.5695,7.1135,7.9081,6.9871,0.2829,0.2829,77200.0,77200.0,36323.25,2729020.0,2729020.0
603712.SH,20230130,35.92,0.8104,1.7224,0.94,40.2881,37.1592,7.2282,8.0356,7.0997,0.2784,0.2784,77200.0,77200.0,36323.25,2773024.0,2773024.0
603712.SH,20230120,34.77,1.292,2.7459,1.78,38.9983,35.9695,6.9968,7.7783,6.8724,0.2876,0.2876,77200.0,77200.0,36323.25,2684244.0,2684244.0
603712.SH,20230119,33.52,1.1774,2.5025,1.76,37.5963,34.6764,6.7453,7.4987,6.6254,0.2983,0.2983,77200.0,77200.0,36323.25,2587744.0,2587744.0
603712.SH,20230118,33.74,0.6337,1.3468,0.9,37.843,34.904,6.7895,7.5479,6.6689,0.2964,0.2964,77200.0,77200.0,36323.25,2604728.0,2604728.0
603712.SH,20230117,33.25,0.6275,1.3337,0.81,37.2934,34.3971,6.6909,7.4383,6.572,0.3008,0.3008,77200.0,77200.0,36323.25,2566900.0,2566900.0
603712.SH,20230116,33.05,0.5952,1.265,0.76,37.0691,34.1902,6.6507,7.3935,6.5325,0.3026,0.3026,77200.0,77200.0,36323.25,2551460.0,2551460.0
603712.SH,20230113,33.24,0.5975,1.2699,0.77,37.2822,34.3867,6.6889,7.436,6.57,0.3008,0.3008,77200.0,77200.0,36323.25,2566128.0,2566128.0
603712.SH,20230112,33.31,0.894,1.9,1.37,37.3607,34.4592,6.703,7.4517,6.5839,0.3002,0.3002,77200.0,77200.0,36323.25,2571532.0,2571532.0
603712.SH,20230111,33.36,0.8122,1.7262,1.45,37.4168,34.5109,6.7131,7.4629,6.5937,0.2998,0.2998,77200.0,77200.0,36323.25,2575392.0,2575392.0
603712.SH,20230110,33.73,0.9933,2.1111,2.05,37.8318,34.8937,6.7875,7.5457,6.6669,0.2965,0.2965,77200.0,77200.0,36323.25,2603956.0,2603956.0
603712.SH,20230109,34.73,0.6181,1.3137,1.11,38.9534,35.9281,6.9887,7.7694,6.8645,0.2879,0.2879,77200.0,77200.0,36323.25,2681156.0,2681156.0
603712.SH,20230106,35.4,0.5462,1.161,0.91,39.7049,36.6213,7.1236,7.9192,6.997,0.2825,0.2825,77200.0,77200.0,36323.25,2732880.0,2732880.0
603712.SH,20230105,36.0,0.2972,0.6317,0.5,40.3778,37.242,7.2443,8.0535,7.1156,0.2778,0.2778,77200.0,77200.0,36323.25,2779200.0,2779200.0
603712.SH,20230104,36.0,0.3468,0.7372,0.52,40.3778,37.242,7.2443,8.0535,7.1156,0.2778,0.2778,77200.0,77200.0,36323.25,2779200.0,2779200.0
603712.SH,20230103,35.88,0.6124,1.3016,0.85,40.2433,37.1178,7.2202,8.0266,7.0918,0.2787,0.2787,77200.0,77200.0,36323.25,2769936.0,2769936.0
603712.SH,20221230,34.92,0.9841,2.0917,1.55,39.1665,36.1247,7.027,7.8119,6.9021,0.2864,0.2864,77200.0,77200.0,36323.25,2695824.0,2695824.0
603712.SH,20221229,35.2,0.761,1.6175,1.36,39.4806,36.4144,7.0833,7.8745,6.9574,0.2841,0.2841,77200.0,77200.0,36323.25,2717440.0,2717440.0
603712.SH,20221228,34.79,0.2935,0.6238,0.49,39.0207,35.9902,7.0008,7.7828,6.8764,0.2874,0.2874,77200.0,77200.0,36323.25,2685788.0,2685788.0
603712.SH,20221227,34.72,0.6556,1.426,1.16,38.9422,35.9178,6.9867,7.7671,6.8626,0.288,0.288,77200.0,77200.0,35494.61,2680384.0,2680384.0
603712.SH,20221226,33.73,0.9028,1.9636,1.86,37.8318,34.8937,6.7875,7.5457,6.6669,0.2965,0.2965,77200.0,77200.0,35494.61,2603956.0,2603956.0
603712.SH,20221223,32.58,0.5548,1.2336,1.12,36.5419,33.704,6.5561,7.2884,6.4396,0.3069,0.3069,77200.0,77200.0,34722.61,2515176.0,2515176.0
603712.SH,20221222,32.75,0.3879,0.8625,0.74,36.7326,33.8798,6.5903,7.3264,6.4732,0.3053,0.3053,77200.0,77200.0,34722.61,2528300.0,2528300.0
603712.SH,20221221,33.39,0.5014,1.1147,0.97,37.4505,34.5419,6.7191,7.4696,6.5997,0.2995,0.2995,77200.0,77200.0,34722.61,2577708.0,2577708.0
603712.SH,20221220,33.14,0.4889,1.0871,0.98,37.17,34.2833,6.6688,7.4137,6.5503,0.3018,0.3018,77200.0,77200.0,34722.61,2558408.0,2558408.0
603712.SH,20221219,33.86,0.4908,1.0912,0.87,37.9776,35.0281,6.8137,7.5747,6.6926,0.2953,0.2953,77200.0,77200.0,34722.61,2613992.0,2613992.0
603712.SH,20221216,33.52,0.6112,1.3589,1.05,37.5963,34.6764,6.7453,7.4987,6.6254,0.2983,0.2983,77200.0,77200.0,34722.61,2587744.0,2587744.0
603712.SH,20221215,34.19,0.5316,1.182,0.95,38.3477,35.3695,6.8801,7.6486,6.7578,0.2925,0.2925,77200.0,77200.0,34722.61,2639468.0,2639468.0
603712.SH,20221214,34.52,0.4713,1.0478,0.89,38.7179,35.7109,6.9465,7.7224,6.823,0.2897,0.2897,77200.0,77200.0,34722.61,2664944.0,2664944.0
603712.SH,20221213,35.5,0.4002,0.8898,0.75,39.817,36.7247,7.1437,7.9416,7.0167,0.2817,0.2817,77200.0,77200.0,34722.61,2740600.0,2740600.0
603712.SH,20221212,36.01,0.8051,1.7899,1.78,40.3891,37.2523,7.2463,8.0557,7.1175,0.2777,0.2777,77200.0,77200.0,34722.61,2779972.0,2779972.0
603712.SH,20221209,36.15,0.7047,1.5668,1.32,40.5461,37.3971,7.2745,8.087,7.1452,0.2766,0.2766,77200.0,77200.0,34722.61,2790780.0,2790780.0
603712.SH,20221208,36.35,0.4193,0.9321,0.68,40.7704,37.604,7.3147,8.1318,7.1847,0.2751,0.2751,77200.0,77200.0,34722.61,2806220.0,2806220.0
603712.SH,20221207,36.9,0.3201,0.7116,0.48,41.3873,38.173,7.4254,8.2548,7.2934,0.271,0.271,77200.0,77200.0,34722.61,2848680.0,2848680.0
603712.SH,20221206,37.5,0.4243,0.9434,0.62,42.0603,38.7937,7.5462,8.389,7.412,0.2667,0.2667,77200.0,77200.0,34722.61,2895000.0,2895000.0
603712.SH,20221205,37.11,0.389,0.8649,0.56,41.6228,38.3903,7.4677,8.3018,7.335,0.2695,0.2695,77200.0,77200.0,34722.61,2864892.0,2864892.0
603712.SH,20221202,37.3,1.1243,2.4996,2.17,41.8359,38.5868,7.5059,8.3443,7.3725,0.2681,0.2681,77200.0,77200.0,34722.61,2879560.0,2879560.0
603712.SH,20221201,35.8,0.8335,1.8532,2.02,40.1535,37.0351,7.2041,8.0087,7.076,0.2793,0.2793,77200.0,77200.0,34722.61,2763760.0,2763760.0
603712.SH,20221130,37.16,0.5839,1.2983,1.59,41.6789,38.442,7.4777,8.313,7.3448,0.2691,0.2691,77200.0,77200.0,34722.61,2868752.0,2868752.0
603712.SH,20221129,36.99,0.5049,1.1226,1.4,41.4882,38.2661,7.4435,8.2749,7.3112,0.2703,0.2703,77200.0,77200.0,34722.61,2855628.0,2855628.0
603712.SH,20221128,36.39,0.4184,0.9302,1.1,40.8153,37.6454,7.3228,8.1407,7.1926,0.2748,0.2748,77200.0,77200.0,34722.61,2809308.0,2809308.0
603712.SH,20221125,35.97,0.2535,0.5637,0.54,40.3442,37.2109,7.2383,8.0468,7.1096,0.278,0.278,77200.0,77200.0,34722.61,2776884.0,2776884.0
603712.SH,20221124,36.1,0.2974,0.6611,0.57,40.49,37.3454,7.2644,8.0758,7.1353,0.277,0.277,77200.0,77200.0,34722.61,2786920.0,2786920.0
603712.SH,20221123,36.07,0.3643,0.81,0.64,40.4564,37.3144,7.2584,8.0691,7.1294,0.2772,0.2772,77200.0,77200.0,34722.61,2784604.0,2784604.0
603712.SH,20221122,35.81,0.473,1.0516,0.77,40.1647,37.0454,7.2061,8.011,7.078,0.2793,0.2793,77200.0,77200.0,34722.61,2764532.0,2764532.0
603712.SH,20221121,35.51,0.5058,1.1245,0.74,39.8283,36.7351,7.1457,7.9439,7.0187,0.2816,0.2816,77200.0,77200.0,34722.61,2741372.0,2741372.0
603712.SH,20221118,35.41,0.7032,1.5635,0.98,39.7161,36.6316,7.1256,7.9215,6.9989,0.2824,0.2824,77200.0,77200.0,34722.61,2733652.0,2733652.0
603712.SH,20221117,36.88,0.5797,1.2889,0.82,41.3649,38.1523,7.4214,8.2503,7.2895,0.2711,0.2711,77200.0,77200.0,34722.61,2847136.0,2847136.0
603712.SH,20221116,36.16,0.5629,1.2515,0.78,40.5573,37.4075,7.2765,8.0893,7.1472,0.2765,0.2765,77200.0,77200.0,34722.61,2791552.0,2791552.0
603712.SH,20221115,35.95,0.714,1.5874,0.9,40.3218,37.1902,7.2342,8.0423,7.1057,0.2782,0.2782,77200.0,77200.0,34722.61,2775340.0,2775340.0
603712.SH,20221114,35.21,0.8764,1.9485,0.87,39.4918,36.4247,7.0853,7.8767,6.9594,0.284,0.284,77200.0,77200.0,34722.61,2718212.0,2718212.0
603712.SH,20221111,35.35,0.8531,1.8967,0.86,39.6488,36.5695,7.1135,7.9081,6.9871,0.2829,0.2829,77200.0,77200.0,34722.61,2729020.0,2729020.0
603712.SH,20221110,35.25,0.526,1.1694,0.52,39.5366,36.4661,7.0934,7.8857,6.9673,0.2837,0.2837,77200.0,77200.0,34722.61,2721300.0,2721300.0
603712.SH,20221109,35.52,0.6539,1.4538,0.65,39.8395,36.7454,7.1477,7.9461,7.0207,0.2815,0.2815,77200.0,77200.0,34722.61,2742144.0,2742144.0
603712.SH,20221108,36.27,1.0392,2.3105,1.09,40.6807,37.5213,7.2986,8.1139,7.1689,0.2757,0.2757,77200.0,77200.0,34722.61,2800044.0,2800044.0
603712.SH,20221107,35.92,1.9626,4.3635,2.5,40.2881,37.1592,7.2282,8.0356,7.0997,0.2784,0.2784,77200.0,77200.0,34722.61,2773024.0,2773024.0
603712.SH,20221104,38.19,0.7863,1.7483,0.88,42.8342,39.5075,7.685,8.5434,7.5484,0.2618,0.2618,77200.0,77200.0,34722.61,2948268.0,2948268.0
603712.SH,20221103,38.46,0.641,1.4252,0.68,43.137,39.7868,7.7393,8.6038,7.6018,0.26,0.26,77200.0,77200.0,34722.61,2969112.0,2969112.0
603712.SH,20221102,38.69,0.6205,1.3795,0.6,43.395,40.0248,7.7856,8.6552,7.6472,0.2585,0.2585,77200.0,77200.0,34722.61,2986868.0,2986868.0
603712.SH,20221101,38.9,0.7564,1.6818,0.62,43.6305,40.242,7.8279,8.7022,7.6888,0.2571,0.2571,77200.0,77200.0,34722.61,3003080.0,3003080.0
603712.SH,20221031,39.39,1.1201,2.4903,0.85,44.1801,40.7489,7.9265,8.8118,7.7856,0.2539,0.2539,77200.0,77200.0,34722.61,3040908.0,3040908.0
603712.SH,20221028,37.97,1.3455,2.9916,1.12,42.5874,39.2799,7.6407,8.4942,7.5049,0.2634,0.2634,77200.0,77200.0,34722.61,2931284.0,2931284.0
603712.SH,20221027,37.76,0.8955,1.991,0.74,42.3519,39.6621,7.7871,8.4472,7.8144,0.2648,0.2648,77200.0,77200.0,34722.61,2915072.0,2915072.0
603712.SH,20221026,37.62,1.0794,2.3998,0.9,42.1948,39.515,7.7582,8.4159,7.7854,0.2658,0.2658,77200.0,77200.0,34722.61,2904264.0,2904264.0
603712.SH,20221025,37.83,1.6181,3.5976,1.59,42.4304,39.7356,7.8015,8.4629,7.8289,0.2643,0.2643,77200.0,77200.0,34722.61,2920476.0,2920476.0
603712.SH,20221024,40.18,1.6321,3.6287,1.96,45.0662,42.204,8.2861,8.9886,8.3152,0.2489,0.2489,77200.0,77200.0,34722.61,3101896.0,3101896.0
603712.SH,20221021,38.01,0.7763,1.726,0.94,42.6323,39.9247,7.8386,8.5031,7.8661,0.2631,0.2631,77200.0,77200.0,34722.61,2934372.0,2934372.0
603712.SH,20221020,38.29,0.9766,2.1713,1.16,42.9463,40.2188,7.8964,8.5658,7.9241,0.2612,0.2612,77200.0,77200.0,34722.61,2955988.0,2955988.0
603712.SH,20221019,38.8,0.9951,2.2125,1.18,43.5183,40.7545,8.0015,8.6798,8.0296,0.2577,0.2577,77200.0,77200.0,34722.61,2995360.0,2995360.0
603712.SH,20221018,39.0,0.7154,1.5907,0.72,43.7427,40.9646,8.0428,8.7246,8.071,0.2564,0.2564,77200.0,77200.0,34722.61,3010800.0,3010800.0
603712.SH,20221017,39.53,0.6951,1.5454,0.67,44.3371,41.5213,8.1521,8.8432,8.1807,0.253,0.253,77200.0,77200.0,34722.61,3051716.0,3051716.0
603712.SH,20221014,38.6,0.7374,1.6395,0.68,43.294,40.5444,7.9603,8.6351,7.9882,0.2591,0.2591,77200.0,77200.0,34722.61,2979920.0,2979920.0
603712.SH,20221013,37.97,1.0484,2.331,0.94,42.5874,39.8827,7.8304,8.4942,7.8578,0.2634,0.2634,77200.0,77200.0,34722.61,2931284.0,2931284.0
603712.SH,20221012,39.04,1.0106,2.247,0.91,43.7875,41.0066,8.051,8.7335,8.0793,0.2561,0.2561,77200.0,77200.0,34722.61,3013888.0,3013888.0
603712.SH,20221011,38.32,1.4493,3.2223,1.43,42.98,40.2503,7.9025,8.5725,7.9303,0.261,0.261,77200.0,77200.0,34722.61,2958304.0,2958304.0
603712.SH,20221010,36.77,0.9667,2.1492,0.94,41.2415,38.6222,7.5829,8.2257,7.6095,0.272,0.272,77200.0,77200.0,34722.61,2838644.0,2838644.0
603712.SH,20220930,35.5,0.9128,2.0295,0.9,39.817,37.2883,7.321,7.9416,7.3467,0.2817,0.2817,77200.0,77200.0,34722.61,2740600.0,2740600.0
603712.SH,20220929,35.73,1.2268,2.7277,1.3,40.075,37.5298,7.3684,7.9931,7.3943,0.2799,0.2799,77200.0,77200.0,34722.61,2758356.0,2758356.0
603712.SH,20220928,34.58,0.9707,2.1581,1.11,38.7852,36.3219,7.1313,7.7358,7.1563,0.2892,0.2892,77200.0,77200.0,34722.61,2669576.0,2669576.0
603712.SH,20220927,34.93,0.9795,2.2792,1.15,39.1777,36.6895,7.2034,7.8141,7.2287,0.2863,0.2863,77200.0,77200.0,33178.61,2696596.0,2696596.0
603712.SH,20220926,34.29,1.0257,2.3865,1.2,38.4599,36.0173,7.0715,7.6709,7.0963,0.2916,0.2916,77200.0,77200.0,33178.61,2647188.0,2647188.0
603712.SH,20220923,34.48,0.8422,1.9597,0.87,38.673,36.2169,7.1106,7.7134,7.1356,0.29,0.29,77200.0,77200.0,33178.61,2661856.0,2661856.0
603712.SH,20220922,35.32,0.9087,2.1143,0.93,39.6152,37.0992,7.2839,7.9013,7.3094,0.2831,0.2831,77200.0,77200.0,33178.61,2726704.0,2726704.0
603712.SH,20220921,34.69,0.6175,1.4369,0.56,38.9085,36.4375,7.1539,7.7604,7.179,0.2883,0.2883,77200.0,77200.0,33178.61,2678068.0,2678068.0
603712.SH,20220920,34.51,0.8614,2.0519,0.81,38.7066,36.2484,7.1168,7.7201,7.1418,0.2898,0.2898,77200.0,77200.0,32406.61,2664172.0,2664172.0
603712.SH,20220919,34.67,1.0423,2.4829,1.01,38.8861,36.4164,7.1498,7.7559,7.1749,0.2884,0.2884,77200.0,77200.0,32406.61,2676524.0,2676524.0
603712.SH,20220916,35.85,1.3877,3.3059,1.39,40.2096,37.6559,7.3932,8.0199,7.4191,0.2789,0.2789,77200.0,77200.0,32406.61,2767620.0,2767620.0
603712.SH,20220915,36.21,0.9843,2.3448,0.84,40.6134,38.034,7.4674,8.1004,7.4936,0.2762,0.2762,77200.0,77200.0,32406.61,2795412.0,2795412.0
603712.SH,20220914,37.41,1.2103,2.8831,1.05,41.9593,39.2945,7.7149,8.3689,7.7419,0.2673,0.2673,77200.0,77200.0,32406.61,2888052.0,2888052.0
603712.SH,20220913,34.86,0.6651,1.5844,0.6,39.0992,36.616,7.189,7.7984,7.2142,0.2869,0.2869,77200.0,77200.0,32406.61,2691192.0,2691192.0
603712.SH,20220909,35.35,0.8883,2.1161,0.84,39.6488,37.1307,7.2901,7.9081,7.3156,0.2829,0.2829,77200.0,77200.0,32406.61,2729020.0,2729020.0
603712.SH,20220908,35.73,1.2379,2.9489,1.4,40.075,37.5298,7.3684,7.9931,7.3943,0.2799,0.2799,77200.0,77200.0,32406.61,2758356.0,2758356.0
603712.SH,20220907,35.34,1.8242,4.3458,2.86,39.6376,37.1202,7.288,7.9058,7.3136,0.283,0.283,77200.0,77200.0,32406.61,2728248.0,2728248.0
603712.SH,20220906,32.92,1.1363,2.7069,2.35,36.9233,34.5783,6.7889,7.3644,6.8127,0.3038,0.3038,77200.0,77200.0,32406.61,2541424.0,2541424.0
603712.SH,20220905,31.24,0.4259,1.0146,0.75,35.039,32.8137,6.4425,6.9886,6.4651,0.3201,0.3201,77200.0,77200.0,32406.61,2411728.0,2411728.0
603712.SH,20220902,31.26,0.6468,1.5408,1.2,35.0614,32.8347,6.4466,6.9931,6.4692,0.3199,0.3199,77200.0,77200.0,32406.61,2413272.0,2413272.0
603712.SH,20220901,30.4,0.3987,0.9498,0.65,34.0968,31.9313,6.2692,6.8007,6.2912,0.3289,0.3289,77200.0,77200.0,32406.61,2346880.0,2346880.0
603712.SH,20220831,30.17,0.5775,1.3758,0.86,33.8389,31.6898,6.2218,6.7493,6.2436,0.3315,0.3315,77200.0,77200.0,32406.61,2329124.0,2329124.0
603712.SH,20220830,31.1,0.372,0.8863,0.44,34.882,32.6666,6.4136,6.9573,6.4361,0.3215,0.3215,77200.0,77200.0,32406.61,2400920.0,2400920.0
603712.SH,20220829,31.4,0.828,1.9724,0.83,35.2185,32.9817,6.4755,7.0244,6.4982,0.3185,0.3185,77200.0,77200.0,32406.61,2424080.0,2424080.0
603712.SH,20220826,30.26,0.5158,1.2287,0.37,33.9398,31.7843,6.2404,6.7694,6.2623,0.3305,0.3305,77200.0,77200.0,32406.61,2336072.0,2336072.0
603712.SH,20220825,30.87,0.753,1.7938,0.43,34.624,32.425,6.3662,6.9058,6.3885,0.3239,0.3239,77200.0,77200.0,32406.61,2383164.0,2383164.0
603712.SH,20220824,30.33,0.8956,2.1334,0.52,34.0183,31.8578,6.2548,6.785,6.2767,0.3297,0.3297,77200.0,77200.0,32406.61,2341476.0,2341476.0
603712.SH,20220823,31.7,1.2241,2.916,0.77,35.5549,33.2968,6.5373,7.0915,6.5603,0.3155,0.3155,77200.0,77200.0,32406.61,2447240.0,2447240.0
603712.SH,20220822,32.2,1.6056,3.8249,1.18,36.1157,33.822,6.6404,7.2034,6.6637,0.3106,0.3106,77200.0,77200.0,32406.61,2485840.0,2485840.0
603712.SH,20220819,31.35,2.5709,6.1245,2.42,35.1624,32.9292,6.4652,7.0132,6.4878,0.319,0.319,77200.0,77200.0,32406.61,2420220.0,2420220.0
603712.SH,20220818,31.94,2.5437,6.0596,3.49,35.8241,33.5489,6.5868,7.1452,6.6099,0.3131,0.3131,77200.0,77200.0,32406.61,2465768.0,2465768.0
603712.SH,20220817,29.04,0.5978,1.4242,0.76,32.5715,32.3586,6.2982,6.4965,6.3796,0.3444,0.3444,77200.0,77200.0,32406.61,2241888.0,2241888.0
603712.SH,20220816,29.37,0.623,1.4842,0.72,32.9416,32.7263,6.3698,6.5703,6.4521,0.3405,0.3405,77200.0,77200.0,32406.61,2267364.0,2267364.0
603712.SH,20220815,29.95,0.4401,1.0483,0.48,33.5921,33.3726,6.4956,6.7,6.5795,0.3339,0.3339,77200.0,77200.0,32406.61,2312140.0,2312140.0
603712.SH,20220812,29.82,1.0969,2.613,1.22,33.4463,33.2278,6.4674,6.671,6.5509,0.3353,0.3353,77200.0,77200.0,32406.61,2302104.0,2302104.0
603712.SH,20220811,31.02,0.8904,2.1212,0.99,34.7922,34.5649,6.7277,6.9394,6.8145,0.3224,0.3224,77200.0,77200.0,32406.61,2394744.0,2394744.0
603712.SH,20220810,30.6,0.8939,2.1294,0.89,34.3212,34.0969,6.6366,6.8454,6.7223,0.3268,0.3268,77200.0,77200.0,32406.61,2362320.0,2362320.0
603712.SH,20220809,31.22,1.0294,2.4523,1.09,35.0166,34.7878,6.771,6.9841,6.8585,0.3203,0.3203,77200.0,77200.0,32406.61,2410184.0,2410184.0
603712.SH,20220808,30.98,0.6836,1.6286,0.73,34.7474,34.5203,6.719,6.9305,6.8058,0.3228,0.3228,77200.0,77200.0,32406.61,2391656.0,2391656.0
603712.SH,20220805,30.8,1.0125,2.4121,1.17,34.5455,34.3198,6.68,6.8902,6.7662,0.3247,0.3247,77200.0,77200.0,32406.61,2377760.0,2377760.0
603712.SH,20220804,31.55,0.8614,2.0521,0.98,35.3867,35.1555,6.8426,7.058,6.931,0.317,0.317,77200.0,77200.0,32406.61,2435660.0,2435660.0
603712.SH,20220803,32.17,1.4608,3.4801,1.89,36.0821,35.8463,6.9771,7.1967,7.0672,0.3108,0.3108,77200.0,77200.0,32406.61,2483524.0,2483524.0
603712.SH,20220802,30.94,0.6943,1.6541,0.74,34.7025,34.4758,6.7103,6.9215,6.797,0.3232,0.3232,77200.0,77200.0,32406.61,2388568.0,2388568.0
603712.SH,20220801,31.44,0.672,1.6008,0.54,35.2633,35.0329,6.8188,7.0334,6.9068,0.3181,0.3181,77200.0,77200.0,32406.61,2427168.0,2427168.0
603712.SH,20220729,30.89,0.6516,1.5523,0.53,34.6464,34.42,6.6995,6.9103,6.786,0.3237,0.3237,77200.0,77200.0,32406.61,2384708.0,2384708.0
603712.SH,20220728,31.56,0.9,2.1441,0.77,35.3979,35.1666,6.8448,7.0602,6.9332,0.3169,0.3169,77200.0,77200.0,32406.61,2436432.0,2436432.0
603712.SH,20220727,30.71,0.9403,2.24,0.82,34.4445,34.2195,6.6604,6.8701,6.7464,0.3256,0.3256,77200.0,77200.0,32406.61,2370812.0,2370812.0
603712.SH,20220726,30.56,1.5269,3.6373,1.65,34.2763,34.0523,6.6279,6.8365,6.7135,0.3272,0.3272,77200.0,77200.0,32406.61,2359232.0,2359232.0
603712.SH,20220725,30.81,2.1682,5.1651,3.62,34.5567,34.3309,6.6821,6.8924,6.7684,0.3246,0.3246,77200.0,77200.0,32406.61,2378532.0,2378532.0
603712.SH,20220722,28.01,0.6528,1.5551,1.25,31.4162,31.2109,6.0749,6.266,6.1533,0.357,0.357,77200.0,77200.0,32406.61,2162372.0,2162372.0
603712.SH,20220721,28.88,0.5786,1.3784,1.21,32.392,32.1803,6.2635,6.4607,6.3444,0.3463,0.3463,77200.0,77200.0,32406.61,2229536.0,2229536.0
603712.SH,20220720,29.27,0.8204,1.9544,2.24,32.8294,32.6149,6.3481,6.5479,6.4301,0.3416,0.3416,77200.0,77200.0,32406.61,2259644.0,2259644.0
603712.SH,20220719,28.25,0.4165,0.9922,1.07,31.6854,31.4783,6.1269,6.3197,6.206,0.354,0.354,77200.0,77200.0,32406.61,2180900.0,2180900.0
603712.SH,20220718,28.25,0.5289,1.2601,1.48,31.6854,31.4783,6.1269,6.3197,6.206,0.354,0.354,77200.0,77200.0,32406.61,2180900.0,2180900.0
603712.SH,20220715,28.89,0.2678,0.638,0.67,32.4032,32.1915,6.1327,6.4629,6.3466,0.3461,,77200.0,77200.0,32406.61,2230308.0,2230308.0
603712.SH,20220714,29.51,0.3642,0.8676,0.95,33.0986,32.8823,6.2643,6.6016,6.4828,0.3389,,77200.0,77200.0,32406.61,2278172.0,2278172.0
603712.SH,20220713,29.07,0.2579,0.6144,0.64,32.6051,32.3921,6.1709,6.5032,6.3862,0.344,,77200.0,77200.0,32406.61,2244204.0,2244204.0
603712.SH,20220712,29.13,0.5219,1.2433,1.24,32.6724,32.4589,6.1837,6.5166,6.3993,0.3433,,77200.0,77200.0,32406.61,2248836.0,2248836.0
603712.SH,20220711,30.04,0.3693,0.8799,0.85,33.6931,33.4729,6.3768,6.7202,6.5993,0.3329,,77200.0,77200.0,32406.61,2319088.0,2319088.0
603712.SH,20220708,30.9,0.489,1.1648,1.22,34.6576,34.4312,6.5594,6.9126,6.7882,0.3236,,77200.0,77200.0,32406.61,2385480.0,2385480.0
603712.SH,20220707,31.34,0.2744,0.6536,0.64,35.1512,34.9215,6.6528,7.011,6.8848,0.3191,,77200.0,77200.0,32406.61,2419448.0,2419448.0
603712.SH,20220706,31.0,0.3731,0.8888,0.84,34.7698,34.5426,6.5806,6.9349,6.8102,0.3226,,77200.0,77200.0,32406.61,2393200.0,2393200.0
603712.SH,20220705,31.0,0.5912,1.4083,1.44,34.7698,34.5426,6.5806,6.9349,6.8102,0.3226,,77200.0,77200.0,32406.61,2393200.0,2393200.0
603712.SH,20220704,31.92,0.4377,1.0426,1.1,35.8017,35.5677,6.7759,7.1407,7.0123,0.3133,,77200.0,77200.0,32406.61,2464224.0,2464224.0
603712.SH,20220701,31.31,0.3296,0.7852,0.7,35.1175,34.888,6.6464,7.0043,6.8783,0.3194,,77200.0,77200.0,32406.61,2417132.0,2417132.0
603712.SH,20220630,31.5,0.4216,1.0044,0.85,35.3306,35.0998,6.6868,7.0468,6.92,0.3175,,77200.0,77200.0,32406.61,2431800.0,2431800.0
603712.SH,20220629,31.52,0.441,1.0505,0.92,35.353,35.122,6.691,7.0513,6.9244,0.3173,,77200.0,77200.0,32406.61,2433344.0,2433344.0
603712.SH,20220628,32.21,0.4242,1.0106,0.9,36.127,35.8909,6.8375,7.2056,7.076,0.3105,,77200.0,77200.0,32406.61,2486612.0,2486612.0
603712.SH,20220627,31.34,0.3774,0.8991,0.79,35.1512,34.9215,6.6528,7.011,6.8848,0.3191,,77200.0,77200.0,32406.61,2419448.0,2419448.0
603712.SH,20220624,31.75,0.695,1.6558,1.63,35.611,35.3783,6.7398,7.1027,6.9749,0.315,,77200.0,77200.0,32406.61,2451100.0,2451100.0
603712.SH,20220623,30.45,0.529,1.2602,1.3,34.1529,33.9298,6.4639,6.8119,6.6893,0.3284,,77200.0,77200.0,32406.61,2350740.0,2350740.0
603712.SH,20220622,29.49,0.3629,0.8645,0.9,33.0762,32.8601,6.2601,6.5971,6.4784,0.3391,,77200.0,77200.0,32406.61,2276628.0,2276628.0
603712.SH,20220621,30.3,0.3915,0.9327,0.82,33.9847,33.7626,6.432,6.7783,6.6564,0.33,,77200.0,77200.0,32406.61,2339160.0,2339160.0
603712.SH,20220620,30.72,0.4093,0.9751,0.74,34.4558,34.2306,6.5212,6.8723,6.7486,0.3255,,77200.0,77200.0,32406.61,2371584.0,2371584.0
603712.SH,20220617,30.46,0.4408,1.0501,0.62,34.1641,33.9409,6.466,6.8141,6.6915,0.3283,,77200.0,77200.0,32406.61,2351512.0,2351512.0
603712.SH,20220616,30.4,0.4267,1.0165,0.51,34.0968,33.874,6.4532,6.8007,6.6783,0.3289,,77200.0,77200.0,32406.61,2346880.0,2346880.0
603712.SH,20220615,30.16,0.3576,0.8944,0.36,33.8277,33.6066,6.4023,6.747,6.6256,0.3316,,77200.0,77200.0,30862.61,2328352.0,2328352.0
603712.SH,20220614,30.69,0.7571,1.8939,0.74,34.4221,34.1972,6.5148,6.8656,6.7421,0.3258,,77200.0,77200.0,30862.61,2369268.0,2369268.0
603712.SH,20220613,31.6,0.7923,1.9818,0.69,35.4428,35.2112,6.708,7.0692,6.942,0.3165,,77200.0,77200.0,30862.61,2439520.0,2439520.0
603712.SH,20220610,31.52,1.2233,3.1384,1.21,35.353,35.122,6.691,7.0513,6.9244,0.3173,,77200.0,77200.0,30090.61,2433344.0,2433344.0
603712.SH,20220609,30.0,1.0496,2.6928,1.14,33.6482,33.4283,6.3683,6.7112,6.5905,0.3333,0.3333,77200.0,77200.0,30090.61,2316000.0,2316000.0
603712.SH,20220608,30.09,1.1288,2.896,1.43,33.7491,33.5286,6.3874,6.7314,6.6102,0.3323,0.3323,77200.0,77200.0,30090.61,2322948.0,2322948.0
603712.SH,20220607,29.8,0.9065,2.3258,1.07,33.4239,33.2055,6.3259,6.6665,6.5465,0.3356,0.3356,77200.0,77200.0,30090.61,2300560.0,2300560.0
603712.SH,20220606,29.51,1.4132,3.6257,2.11,33.0986,32.8823,6.2643,6.6016,6.4828,0.3389,0.3389,77200.0,77200.0,30090.61,2278172.0,2278172.0
603712.SH,20220602,28.25,0.551,1.4137,0.75,31.6854,31.4783,5.9968,6.3197,6.206,0.354,0.354,77200.0,77200.0,30090.61,2180900.0,2180900.0
603712.SH,20220601,27.68,0.5929,1.5212,0.84,31.0461,30.8432,5.8759,6.1922,6.0808,0.3613,0.3613,77200.0,77200.0,30090.61,2136896.0,2136896.0
603712.SH,20220531,27.44,0.4719,1.2108,0.63,30.7769,30.5758,5.8249,6.1385,6.0281,0.3644,0.3644,77200.0,77200.0,30090.61,2118368.0,2118368.0
603712.SH,20220530,27.57,1.2069,3.0963,2.06,30.9227,30.7206,5.8525,6.1676,6.0566,0.3627,0.3627,77200.0,77200.0,30090.61,2128404.0,2128404.0
603712.SH,20220527,26.51,0.5312,1.3629,0.91,29.7338,29.5395,5.6275,5.9305,5.8238,0.3772,0.3772,77200.0,77200.0,30090.61,2046572.0,2046572.0
603712.SH,20220526,26.84,0.8743,2.2431,1.49,30.1039,29.9072,5.6975,6.0043,5.8963,0.3726,0.3726,77200.0,77200.0,30090.61,2072048.0,2072048.0
603712.SH,20220525,25.81,0.4476,1.1482,0.72,28.9487,28.7595,5.4789,5.7739,5.67,0.3874,0.3874,77200.0,77200.0,30090.61,1992532.0,1992532.0
603712.SH,20220524,25.58,0.7021,1.8013,1.16,28.6907,28.5032,5.4301,5.7224,5.6195,0.3909,0.3909,77200.0,77200.0,30090.61,1974776.0,1974776.0
603712.SH,20220523,27.04,0.3786,0.9713,0.57,30.3282,30.1301,5.74,6.049,5.9402,0.3698,0.3698,77200.0,77200.0,30090.61,2087488.0,2087488.0
603712.SH,20220520,27.05,0.5284,1.3558,0.85,30.3395,30.1412,5.7421,6.0513,5.9424,0.3697,0.3697,77200.0,77200.0,30090.61,2088260.0,2088260.0
603712.SH,20220519,26.89,0.881,2.2602,1.65,30.16,29.9629,5.7082,6.0155,5.9073,0.3719,0.3719,77200.0,77200.0,30090.61,2075908.0,2075908.0
603712.SH,20220518,27.04,0.6367,1.6336,1.1,30.3282,30.1301,5.74,6.049,5.9402,0.3698,0.3698,77200.0,77200.0,30090.61,2087488.0,2087488.0
603712.SH,20220517,27.48,0.6032,1.5476,1.07,30.8218,30.6204,5.8334,6.1475,6.0369,0.3639,0.3639,77200.0,77200.0,30090.61,2121456.0,2121456.0
603712.SH,20220516,27.2,0.6931,1.7781,1.33,30.5077,30.3084,5.774,6.0848,5.9754,0.3676,0.3676,77200.0,77200.0,30090.61,2099840.0,2099840.0
603712.SH,20220513,28.4,0.3004,0.7708,0.57,31.8536,31.6455,6.0287,6.3533,6.239,0.3521,0.3521,77200.0,77200.0,30090.61,2192480.0,2192480.0
603712.SH,20220512,28.6,0.4305,1.1046,0.73,32.078,31.8683,6.0711,6.398,6.2829,0.3497,0.3497,77200.0,77200.0,30090.61,2207920.0,2207920.0
603712.SH,20220511,29.37,0.8722,2.2378,1.33,32.9416,32.7263,6.2346,6.5703,6.4521,0.3405,0.3405,77200.0,77200.0,30090.61,2267364.0,2267364.0
603712.SH,20220510,28.72,0.5139,1.3185,0.73,32.2125,32.0021,6.0966,6.4249,6.3093,0.3482,0.3482,77200.0,77200.0,30090.61,2217184.0,2217184.0
603712.SH,20220509,28.13,0.4919,1.2621,0.68,31.5508,31.3446,5.9714,6.2929,6.1797,0.3555,0.3555,77200.0,77200.0,30090.61,2171636.0,2171636.0
603712.SH,20220506,27.45,0.3383,0.868,0.44,30.7881,30.5869,5.827,6.1408,6.0303,0.3643,0.3643,77200.0,77200.0,30090.61,2119140.0,2119140.0
603712.SH,20220505,28.42,0.7463,1.9147,1.03,31.8761,31.6678,6.0329,6.3578,6.2434,0.3519,0.3519,77200.0,77200.0,30090.61,2194024.0,2194024.0
603712.SH,20220429,27.53,1.1855,3.0414,2.08,30.8778,30.6761,5.844,6.1587,6.0479,0.3632,0.3632,77200.0,77200.0,30090.61,2125316.0,2125316.0
603712.SH,20220428,26.5,0.7475,1.9177,1.31,29.7226,29.5284,5.6254,5.9282,5.8216,0.3774,0.3774,77200.0,77200.0,30090.61,2045800.0,2045800.0
603712.SH,20220427,27.1,0.5937,1.5231,1.1,39.9959,30.3971,5.787,7.7598,6.0625,0.369,0.369,77200.0,77200.0,30090.61,2092120.0,2092120.0
603712.SH,20220426,26.01,0.5425,1.3918,1.09,38.3872,29.1745,5.5542,7.4477,5.8186,0.3845,0.3845,77200.0,77200.0,30090.61,2007972.0,2007972.0
603712.SH,20220425,27.05,0.567,1.4547,1.18,39.9221,30.341,5.7763,7.7455,6.0513,0.3697,0.3697,77200.0,77200.0,30090.61,2088260.0,2088260.0
603712.SH,20220422,29.31,0.4016,1.0304,0.79,43.2575,32.876,6.2589,8.3926,6.5569,0.3412,0.3412,77200.0,77200.0,30090.61,2262732.0,2262732.0
603712.SH,20220421,29.75,0.749,1.9216,1.7,43.9069,33.3695,6.3529,8.5186,6.6553,0.3361,0.3361,77200.0,77200.0,30090.61,2296700.0,2296700.0
603712.SH,20220420,30.19,0.4344,1.1146,1.04,44.5563,33.863,6.4468,8.6446,6.7537,0.3312,0.3312,77200.0,77200.0,30090.61,2330668.0,2330668.0
603712.SH,20220419,30.82,0.3354,0.8604,0.82,45.4861,34.5697,6.5814,8.825,6.8947,0.3245,0.3245,77200.0,77200.0,30090.61,2379304.0,2379304.0
603712.SH,20220418,30.83,0.4823,1.2373,1.15,45.5008,34.5809,6.5835,8.8279,6.8969,0.3244,0.3244,77200.0,77200.0,30090.61,2380076.0,2380076.0
603712.SH,20220415,29.8,0.5395,1.3841,1.34,43.9807,33.4256,6.3635,8.5329,6.6665,0.3356,0.3356,77200.0,77200.0,30090.61,2300560.0,2300560.0
603712.SH,20220414,30.57,0.4156,1.0664,1.05,45.1171,34.2893,6.528,8.7534,6.8387,0.3271,0.3271,77200.0,77200.0,30090.61,2360004.0,2360004.0
603712.SH,20220413,30.98,0.3104,0.7963,0.76,45.7222,34.7491,6.6155,8.8708,6.9305,0.3228,0.3228,77200.0,77200.0,30090.61,2391656.0,2391656.0
603712.SH,20220412,31.74,0.3073,0.7883,0.74,46.8439,35.6016,6.7778,9.0884,7.1005,0.3151,0.3151,77200.0,77200.0,30090.61,2450328.0,2450328.0
603712.SH,20220411,31.44,0.5303,1.3605,1.33,46.4011,35.2651,6.7138,9.0025,7.0334,0.3181,0.3181,77200.0,77200.0,30090.61,2427168.0,2427168.0
603712.SH,20220408,33.47,0.4453,1.1425,1.15,49.3971,37.5421,7.1472,9.5838,7.4875,0.2988,0.2988,77200.0,77200.0,30090.61,2583884.0,2583884.0
603712.SH,20220407,33.86,0.3954,1.0143,0.86,49.9727,37.9795,7.2305,9.6955,7.5747,0.2953,0.2953,77200.0,77200.0,30090.61,2613992.0,2613992.0
603712.SH,20220406,33.43,0.3754,0.963,0.81,49.3381,37.4972,7.1387,9.5723,7.4785,0.2991,0.2991,77200.0,77200.0,30090.61,2580796.0,2580796.0
603712.SH,20220401,34.46,0.3342,0.8575,0.67,50.8582,38.6525,7.3586,9.8673,7.709,0.2902,0.2902,77200.0,77200.0,30090.61,2660312.0,2660312.0
603712.SH,20220331,34.68,0.4489,1.1518,0.88,51.1829,38.8993,7.4056,9.9303,7.7582,0.2884,0.2884,77200.0,77200.0,30090.61,2677296.0,2677296.0
603712.SH,20220330,34.98,0.3869,0.9927,0.69,51.6257,39.2358,7.4697,10.0162,7.8253,0.2859,0.2859,77200.0,77200.0,30090.61,2700456.0,2700456.0
603712.SH,20220329,34.85,0.7471,1.9168,1.38,51.4338,39.09,7.4419,9.9789,7.7962,0.2869,0.2869,77200.0,77200.0,30090.61,2690420.0,2690420.0
603712.SH,20220328,33.88,0.4136,1.0612,0.69,50.0022,38.002,7.2348,9.7012,7.5792,0.2952,0.2952,77200.0,77200.0,30090.61,2615536.0,2615536.0
603712.SH,20220325,33.38,0.5026,1.2895,0.74,49.2643,37.4411,7.128,9.558,7.4674,0.2996,0.2996,77200.0,77200.0,30090.61,2576936.0,2576936.0
603712.SH,20220324,33.88,0.5141,1.319,0.61,50.0022,38.002,7.2348,9.7012,7.5792,0.2952,0.2952,77200.0,77200.0,30090.61,2615536.0,2615536.0
603712.SH,20220323,34.0,0.6208,1.5926,0.67,50.1793,38.1366,7.2604,9.7356,7.6061,0.2941,0.2941,77200.0,77200.0,30090.61,2624800.0,2624800.0
603712.SH,20220322,33.33,0.6522,1.6732,0.59,49.1905,37.385,7.1173,9.5437,7.4562,0.3,0.3,77200.0,77200.0,30090.61,2573076.0,2573076.0
603712.SH,20220321,32.9,0.7089,1.8187,0.57,48.5559,36.9027,7.0255,9.4206,7.36,0.304,0.304,77200.0,77200.0,30090.61,2539880.0,2539880.0
603712.SH,20220318,32.62,0.8869,2.2755,0.68,48.1426,36.5887,6.9657,9.3404,7.2973,0.3066,0.3066,77200.0,77200.0,30090.61,2518264.0,2518264.0
603712.SH,20220317,33.99,1.3323,3.418,1.13,50.1646,38.1253,7.2583,9.7327,7.6038,0.2942,0.2942,77200.0,77200.0,30090.61,2624028.0,2624028.0
603712.SH,20220316,32.35,1.0603,2.7203,0.93,47.7442,36.2858,6.9081,9.2631,7.2369,0.3091,0.3091,77200.0,77200.0,30090.61,2497420.0,2497420.0
603712.SH,20220315,31.8,1.5768,4.0455,1.61,46.9324,35.6689,6.7906,9.1056,7.1139,0.3145,0.3145,77200.0,77200.0,30090.61,2454960.0,2454960.0
603712.SH,20220314,32.84,1.3768,3.5324,1.51,48.4673,36.8354,7.0127,9.4034,7.3466,0.3045,0.3045,77200.0,77200.0,30090.61,2535248.0,2535248.0
603712.SH,20220311,29.85,1.1542,2.9613,1.29,44.0545,33.4817,6.3742,8.5472,6.6777,0.335,0.335,77200.0,77200.0,30090.61,2304420.0,2304420.0
603712.SH,20220310,28.87,0.7367,1.8901,0.74,42.6082,37.4149,7.0257,8.2666,7.0885,0.3464,0.3464,77200.0,77200.0,30090.61,2228764.0,2228764.0
603712.SH,20220309,29.01,0.8319,2.1343,0.76,42.8148,37.5964,7.0598,8.3067,7.1229,0.3447,0.3447,77200.0,77200.0,30090.61,2239572.0,2239572.0
603712.SH,20220308,30.0,0.783,2.045,0.72,44.2759,38.8794,7.3007,8.5902,7.3659,0.3333,0.3333,77200.0,77200.0,29560.04,2316000.0,2316000.0
603712.SH,20220307,30.66,1.0624,2.7747,0.96,45.2499,39.7347,7.4614,8.7792,7.528,0.3262,0.3262,77200.0,77200.0,29560.04,2366952.0,2366952.0
603712.SH,20220304,31.48,1.0659,2.7838,1.06,46.4602,40.7974,7.6609,9.014,7.7293,0.3177,0.3177,77200.0,77200.0,29560.04,2430256.0,2430256.0
603712.SH,20220303,31.07,1.2539,3.2747,1.34,45.8551,40.2661,7.5611,8.8966,7.6287,0.3219,0.3219,77200.0,77200.0,29560.04,2398604.0,2398604.0
603712.SH,20220302,32.77,1.2878,3.3633,1.63,48.364,42.4692,7.9748,9.3834,8.0461,0.3052,0.3052,77200.0,77200.0,29560.04,2529844.0,2529844.0
603712.SH,20220301,34.16,0.7538,1.9688,1.03,50.4155,44.2707,8.3131,9.7814,8.3874,0.2927,0.2927,77200.0,77200.0,29560.04,2637152.0,2637152.0
603712.SH,20220228,34.45,1.1792,3.0796,2.05,50.8435,44.6465,8.3837,9.8644,8.4586,0.2903,0.2903,77200.0,77200.0,29560.04,2659540.0,2659540.0
603712.SH,20220225,35.8,0.5471,1.4288,1.08,52.8359,46.3961,8.7122,10.251,8.79,0.2793,0.2793,77200.0,77200.0,29560.04,2763760.0,2763760.0
603712.SH,20220224,35.7,0.8975,2.3441,2.17,52.6883,46.2665,8.6879,10.2223,8.7655,0.2801,0.2801,77200.0,77200.0,29560.04,2756040.0,2756040.0
603712.SH,20220223,36.08,0.5812,1.5178,1.46,53.2491,46.7589,8.7804,10.3311,8.8588,0.2772,0.2772,77200.0,77200.0,29560.04,2785376.0,2785376.0
603712.SH,20220222,35.91,0.4663,1.2179,1.22,52.9982,46.5386,8.739,10.2825,8.817,0.2785,0.2785,77200.0,77200.0,29560.04,2772252.0,2772252.0
603712.SH,20220221,36.8,0.3825,0.999,0.97,54.3117,47.692,8.9556,10.5373,9.0356,0.2717,0.2717,77200.0,77200.0,29560.04,2840960.0,2840960.0
603712.SH,20220218,37.27,0.1994,0.5207,0.45,55.0054,48.3012,9.07,10.6719,9.151,0.2683,0.2683,77200.0,77200.0,29560.04,2877244.0,2877244.0
603712.SH,20220217,37.17,0.4394,1.1477,0.91,54.8578,48.1716,9.0456,10.6433,9.1264,0.269,0.269,77200.0,77200.0,29560.04,2869524.0,2869524.0
603712.SH,20220216,37.22,0.5035,1.315,1.08,54.9316,48.2364,9.0578,10.6576,9.1387,0.2687,0.2687,77200.0,77200.0,29560.04,2873384.0,2873384.0
603712.SH,20220215,37.16,0.3893,1.0166,0.8,54.8431,48.1586,9.0432,10.6404,9.1239,0.2691,0.2691,77200.0,77200.0,29560.04,2868752.0,2868752.0
603712.SH,20220214,37.52,0.4422,1.155,0.84,55.3744,48.6251,9.1308,10.7435,9.2123,0.2665,0.2665,77200.0,77200.0,29560.04,2896544.0,2896544.0
603712.SH,20220211,36.78,0.4407,1.151,0.86,54.2822,47.6661,8.9507,10.5316,9.0306,0.2719,0.2719,77200.0,77200.0,29560.04,2839416.0,2839416.0
603712.SH,20220210,36.79,0.6274,1.6387,1.31,54.297,47.6791,8.9531,10.5344,9.0331,0.2718,0.2718,77200.0,77200.0,29560.04,2840188.0,2840188.0
603712.SH,20220209,36.22,0.4415,1.1532,0.95,53.4557,46.9404,8.8144,10.3712,8.8931,0.2761,0.2761,77200.0,77200.0,29560.04,2796184.0,2796184.0
603712.SH,20220208,35.76,0.467,1.2195,1.01,52.7768,46.3442,8.7025,10.2395,8.7802,0.2796,0.2796,77200.0,77200.0,29560.04,2760672.0,2760672.0
603712.SH,20220207,35.7,0.6641,1.7344,1.53,52.6883,46.2665,8.6879,10.2223,8.7655,0.2801,0.2801,77200.0,77200.0,29560.04,2756040.0,2756040.0
603712.SH,20220128,35.76,0.3753,0.98,0.71,52.7768,46.3442,8.7025,10.2395,8.7802,0.2796,0.2796,77200.0,77200.0,29560.04,2760672.0,2760672.0
603712.SH,20220127,36.0,0.4502,1.1757,0.86,53.1311,46.6553,8.7609,10.3082,8.8391,0.2778,0.2778,77200.0,77200.0,29560.04,2779200.0,2779200.0
603712.SH,20220126,37.4,0.3576,0.9338,0.67,55.1973,48.4696,9.1016,10.7091,9.1829,0.2674,0.2674,77200.0,77200.0,29560.04,2887280.0,2887280.0
603712.SH,20220125,37.92,0.4545,1.187,0.71,55.9647,49.1435,9.2281,10.858,9.3105,0.2637,0.2637,77200.0,77200.0,29560.04,2927424.0,2927424.0
603712.SH,20220124,39.2,0.5266,1.3753,0.87,57.8538,50.8024,9.5396,11.2245,9.6248,0.2551,0.2551,77200.0,77200.0,29560.04,3026240.0,3026240.0
603712.SH,20220121,38.75,0.8596,2.245,1.64,57.1897,50.2192,9.4301,11.0957,9.5143,0.2581,0.2581,77200.0,77200.0,29560.04,2991500.0,2991500.0
603712.SH,20220120,39.33,0.4224,1.1032,0.77,58.0457,50.9709,9.5713,11.2618,9.6567,0.2543,0.2543,77200.0,77200.0,29560.04,3036276.0,3036276.0
603712.SH,20220119,40.49,0.409,1.0682,0.7,59.7577,52.4742,9.8536,11.5939,9.9416,0.247,0.247,77200.0,77200.0,29560.04,3125828.0,3125828.0
603712.SH,20220118,41.61,0.9716,2.5375,1.94,61.4106,53.9257,10.1261,11.9146,10.2166,0.2403,0.2403,77200.0,77200.0,29560.04,3212292.0,3212292.0
603712.SH,20220117,41.72,0.3707,0.9681,0.73,61.573,54.0683,10.1529,11.9461,10.2436,0.2397,0.2397,77200.0,77200.0,29560.04,3220784.0,3220784.0
603712.SH,20220114,41.8,0.4497,1.1744,0.86,61.6911,54.1719,10.1724,11.969,10.2632,0.2392,0.2392,77200.0,77200.0,29560.04,3226960.0,3226960.0
603712.SH,20220113,41.38,0.5506,1.438,0.89,61.0712,53.6276,10.0702,11.8487,10.1601,0.2417,0.2417,77200.0,77200.0,29560.04,3194536.0,3194536.0
603712.SH,20220112,42.2,0.5897,1.54,0.87,62.2814,54.6903,10.2697,12.0835,10.3614,0.237,0.237,77200.0,77200.0,29560.04,3257840.0,3257840.0
603712.SH,20220111,40.3,0.5393,1.4086,0.81,59.4773,52.228,9.8073,11.5395,9.8949,0.2481,0.2481,77200.0,77200.0,29560.04,3111160.0,3111160.0
603712.SH,20220110,41.73,0.4105,1.0721,0.56,61.5877,54.0812,10.1553,11.949,10.246,0.2396,0.2396,77200.0,77200.0,29560.04,3221556.0,3221556.0
603712.SH,20220107,41.24,0.5171,1.3504,0.67,60.8646,53.4462,10.0361,11.8087,10.1257,0.2425,0.2425,77200.0,77200.0,29560.04,3183728.0,3183728.0
603712.SH,20220106,41.08,1.0215,2.6679,1.23,60.6284,53.2388,9.9971,11.7628,10.0864,0.2434,0.2434,77200.0,77200.0,29560.04,3171376.0,3171376.0
603712.SH,20220105,40.8,0.8963,2.3408,1.08,60.2152,52.876,9.929,11.6827,10.0177,0.2451,0.2451,77200.0,77200.0,29560.04,3149760.0,3149760.0
603712.SH,20220104,42.64,0.4816,1.2578,0.56,62.9308,55.2606,10.3768,12.2095,10.4695,0.2345,0.2345,77200.0,77200.0,29560.04,3291808.0,3291808.0
