ts_code,trade_date,close,turnover_rate,turnover_rate_f,volume_ratio,pe,pe_ttm,pb,ps,ps_ttm,dv_ratio,dv_ttm,total_share,float_share,free_share,total_mv,circ_mv
920174.BJ,20251231,48.34,1.0318,1.8606,0.53,41.5803,56.5795,5.1771,5.446,5.5854,0.6041,,9000.8718,8700.0759,4824.5679,435102.1428,420561.669
920174.BJ,20251230,48.45,1.6705,3.0124,0.7,41.6749,56.7082,5.1889,5.4584,5.5981,0.6027,,9000.8718,8700.0759,4824.5679,436092.2387,421518.6774
920174.BJ,20251229,48.16,2.0602,3.7151,0.75,41.4254,56.3688,5.1579,5.4257,5.5646,0.6063,,9000.8718,8700.0759,4824.5679,433481.9859,418995.6553
920174.BJ,20251226,49.51,1.9117,3.4473,0.72,42.5867,57.9489,5.3024,5.5778,5.7206,0.5898,,9000.8718,8700.0759,4824.5679,445633.1628,430740.7578
920174.BJ,20251225,49.35,2.0531,3.7023,0.83,42.449,57.7616,5.2853,5.5598,5.7021,0.5917,,9000.8718,8700.0759,4824.5679,444193.0233,429348.7457
920174.BJ,20251224,49.95,2.1064,3.7985,0.89,42.9651,58.4639,5.3496,5.6274,5.7715,0.5846,,9000.8718,8700.0759,4824.5679,449593.5464,434568.7912
920174.BJ,20251223,50.51,3.8186,6.8861,1.96,43.4468,59.1193,5.4095,5.6904,5.8362,0.5781,,9000.8718,8700.0759,4824.5679,454634.0346,439440.8337
920174.BJ,20251222,49.65,3.7919,6.8379,2.56,42.7071,58.1127,5.3174,5.5936,5.7368,0.5881,,9000.8718,8700.0759,4824.5679,446893.2849,431958.7684
920174.BJ,20251219,48.31,1.5461,2.7881,0.97,41.5545,56.5443,5.1739,5.4426,5.582,0.6044,,9000.8718,8700.0759,4824.5679,434832.1167,420300.6667
920174.BJ,20251218,47.87,1.1529,2.0789,0.59,41.176,56.0294,5.1268,5.393,5.5311,0.61,,9000.8718,8700.0759,4824.5679,430871.7331,416472.6333
920174.BJ,20251217,48.27,1.5256,2.7511,0.78,41.5201,56.4975,5.1696,5.4381,5.5773,0.6049,,9000.8718,8700.0759,4824.5679,434472.0818,419952.6637
920174.BJ,20251216,47.94,1.7165,3.0953,0.83,41.2362,56.1113,5.1343,5.4009,5.5392,0.6091,,9000.8718,8700.0759,4824.5679,431501.7941,417081.6386
920174.BJ,20251215,47.78,1.4736,2.6574,0.7,41.0986,55.924,5.1172,5.3829,5.5207,0.6111,,9000.8718,8700.0759,4824.5679,430061.6546,415689.6265
920174.BJ,20251212,48.43,2.0879,3.765,1.04,41.6577,56.6848,5.1868,5.4561,5.5958,0.6029,,9000.8718,8700.0759,4824.5679,435912.2213,421344.6758
920174.BJ,20251211,48.95,3.0003,5.4104,1.76,42.105,57.2934,5.2425,5.5147,5.6559,0.5965,,9000.8718,8700.0759,4824.5679,440592.6746,425868.7153
920174.BJ,20251210,48.05,1.5542,2.8027,0.83,41.3308,56.24,5.1461,5.4133,5.5519,0.6077,,9000.8718,8700.0759,4824.5679,432491.89,418038.647
920174.BJ,20251209,48.25,2.2626,4.08,1.1,41.5029,56.4741,5.1675,5.4358,5.575,0.6052,,9000.8718,8700.0759,4824.5679,434292.0644,419778.6622
920174.BJ,20251208,49.93,1.6171,2.9161,0.81,42.9479,58.4405,5.3474,5.6251,5.7691,0.5848,,9000.8718,8700.0759,4824.5679,449413.529,434394.7897
920174.BJ,20251205,50.07,1.5703,2.8316,0.8,43.0684,58.6043,5.3624,5.6409,5.7853,0.5832,,9000.8718,8700.0759,4824.5679,450673.651,435612.8003
920174.BJ,20251204,49.1,1.5026,2.7097,0.7,42.234,57.469,5.2585,5.5316,5.6732,0.5947,,9000.8718,8700.0759,4824.5679,441942.8054,427173.7267
920174.BJ,20251203,50.08,2.4568,4.4304,1.1,43.077,58.616,5.3635,5.642,5.7865,0.5831,,9000.8718,8700.0759,4824.5679,450763.6597,435699.8011
920174.BJ,20251202,49.22,3.1232,5.632,1.51,42.3372,57.6095,5.2714,5.5451,5.6871,0.5933,,9000.8718,8700.0759,4824.5679,443022.91,428217.7358
920174.BJ,20251201,48.55,1.2771,2.303,0.51,41.7609,56.8253,5.1996,5.4696,5.6097,0.6014,,9000.8718,8700.0759,4824.5679,436992.3259,422388.6849
920174.BJ,20251128,48.28,1.4942,2.6945,0.56,41.5287,56.5092,5.1707,5.4392,5.5785,0.6048,,9000.8718,8700.0759,4824.5679,434562.0905,420039.6645
920174.BJ,20251127,47.99,2.3169,4.178,0.92,41.2792,56.1698,5.1397,5.4065,5.545,0.6085,,9000.8718,8700.0759,4824.5679,431951.8377,417516.6424
920174.BJ,20251126,49.45,2.9115,5.2502,1.21,42.5351,57.8787,5.296,5.571,5.7137,0.5905,,9000.8718,8700.0759,4824.5679,445093.1105,430218.7533
920174.BJ,20251125,49.25,2.3231,4.1891,0.99,42.363,57.6446,5.2746,5.5485,5.6906,0.5929,,9000.8718,8700.0759,4824.5679,443292.9362,428478.7381
920174.BJ,20251124,50.48,3.4163,6.1605,1.7,43.421,59.0842,5.4063,5.6871,5.8327,0.5785,,9000.8718,8700.0759,4824.5679,454364.0085,439179.8314
920174.BJ,20251121,47.5,2.3977,4.3237,1.29,40.8577,55.5963,5.0872,5.3513,5.4884,0.6147,,9000.8718,8700.0759,4824.5679,427541.4105,413253.6053
920174.BJ,20251120,50.03,1.5997,2.8848,0.83,43.034,58.5575,5.3581,5.6364,5.7807,0.5837,,9000.8718,8700.0759,4824.5679,450313.6162,435264.7973
920174.BJ,20251119,49.8,2.2522,4.0614,1.24,42.8361,58.2883,5.3335,5.6105,5.7541,0.5863,,9000.8718,8700.0759,4824.5679,448243.4156,433263.7798
920174.BJ,20251118,51.45,2.0417,3.6817,1.14,44.2554,60.2196,5.5102,5.7963,5.9448,0.5675,,9000.8718,8700.0759,4824.5679,463094.8541,447618.9051
920174.BJ,20251117,53.01,1.7687,3.1895,0.98,45.5972,62.0455,5.6773,5.9721,6.125,0.5508,,9000.8718,8700.0759,4824.5679,477136.2141,461191.0235
920174.BJ,20251114,52.7,1.603,2.8907,0.84,45.3306,61.6826,5.6441,5.9372,6.0892,0.5541,,9000.8718,8700.0759,4824.5679,474345.9439,458493.9999
920174.BJ,20251113,52.63,1.9175,3.4579,0.99,45.2704,61.6007,5.6366,5.9293,6.0811,0.5548,,9000.8718,8700.0759,4824.5679,473715.8828,457884.9946
920174.BJ,20251112,51.88,1.7773,3.2049,0.87,44.6253,60.7228,5.5563,5.8448,5.9945,0.5628,,9000.8718,8700.0759,4824.5679,466965.229,451359.9377
920174.BJ,20251111,52.82,1.8768,3.3844,0.85,45.4338,61.8231,5.6569,5.9507,6.1031,0.5528,,9000.8718,8700.0759,4824.5679,475426.0485,459538.009
920174.BJ,20251110,53.23,1.8779,3.3864,0.66,45.7865,62.303,5.7008,5.9969,6.1504,0.5486,,9000.8718,8700.0759,4824.5679,479116.4059,463105.0402
920174.BJ,20251107,52.75,2.1155,3.8149,0.69,45.3736,61.7411,5.6494,5.9428,6.095,0.5536,,9000.8718,8700.0759,4824.5679,474795.9875,458929.0037
920174.BJ,20251106,53.3,1.9928,3.5936,0.55,45.8467,62.3849,5.7083,6.0048,6.1585,0.5478,,9000.8718,8700.0759,4824.5679,479746.4669,463714.0455
920174.BJ,20251105,53.8,2.3277,4.1975,0.57,46.2768,62.9701,5.7619,6.0611,6.2163,0.5428,,9000.8718,8700.0759,4824.5679,484246.9028,468064.0834
920174.BJ,20251104,53.15,2.7672,4.99,0.65,45.7177,62.2093,5.6923,5.9879,6.1412,0.5494,,9000.8718,8700.0759,4824.5679,478396.3362,462409.0341
920174.BJ,20251103,54.01,4.9361,8.9012,1.24,46.4574,63.2159,5.7844,6.0848,6.2406,0.5406,,9000.8718,8700.0759,4824.5679,486137.0859,469891.0994
920174.BJ,20251031,57.74,3.367,6.0717,0.82,49.6658,67.5817,6.1839,6.505,6.6716,0.5057,,9000.8718,8700.0759,4824.5679,519710.3377,502342.3825
920174.BJ,20251030,57.02,4.6725,8.4259,1.06,49.0465,66.739,6.1068,6.4239,6.5884,0.5121,,9000.8718,8700.0759,4824.5679,513229.71,496078.3278
920174.BJ,20251029,57.6,4.7924,8.6421,0.82,49.5454,60.332,6.346,6.4892,6.6646,0.5069,,9000.8718,8700.0759,4824.5679,518450.2157,501124.3718
920174.BJ,20251028,56.26,3.3612,6.0613,0.52,48.3928,58.9284,6.1984,6.3382,6.5095,0.519,,9000.8718,8700.0759,4824.5679,506389.0475,489466.2701
920174.BJ,20251027,56.88,3.7663,6.7918,0.62,48.9261,59.5778,6.2667,6.4081,6.5813,0.5134,,9000.8718,8700.0759,4824.5679,511969.588,494860.3172
920174.BJ,20251024,55.95,3.993,7.2005,0.69,48.1261,58.6037,6.1642,6.3033,6.4737,0.5219,,9000.8718,8700.0759,4824.5679,503598.7772,486769.2466
920174.BJ,20251023,56.8,6.1133,11.0241,1.18,48.8573,59.494,6.2579,6.3991,6.572,0.5141,,9000.8718,8700.0759,4824.5679,511249.5182,494164.3111
920174.BJ,20251022,61.16,11.8828,21.428,3.67,52.6076,64.0608,6.7382,6.8903,7.0765,0.4774,,9000.8718,8700.0759,4824.5679,550493.3193,532096.642
920174.BJ,20251021,57.34,6.4164,11.5705,2.49,49.3217,60.0597,6.3174,6.4599,6.6345,0.5092,,9000.8718,8700.0759,4824.5679,516109.989,498862.3521
920174.BJ,20251020,53.05,1.8274,3.2953,0.64,45.6316,55.5662,5.8447,5.9766,6.1381,0.5504,,9000.8718,8700.0759,4824.5679,477496.249,461539.0265
920174.BJ,20251017,52.33,2.4962,4.5013,0.81,45.0123,54.812,5.7654,5.8955,6.0548,0.558,,9000.8718,8700.0759,4824.5679,471015.6213,455274.9718
920174.BJ,20251016,53.83,3.3582,6.0557,0.93,46.3026,56.3832,5.9306,6.0645,6.2284,0.5425,,9000.8718,8700.0759,4824.5679,484516.929,468325.0857
920174.BJ,20251015,56.09,2.1102,3.8054,0.46,48.2465,58.7504,6.1796,6.3191,6.4899,0.5206,,9000.8718,8700.0759,4824.5679,504858.8993,487987.2572
920174.BJ,20251014,55.71,3.1018,5.5935,0.57,47.9197,58.3523,6.1378,6.2763,6.4459,0.5241,,9000.8718,8700.0759,4824.5679,501438.568,484681.2284
920174.BJ,20251013,56.4,3.318,5.9833,0.49,48.5132,59.0751,6.2138,6.354,6.5257,0.5177,,9000.8718,8700.0759,4824.5679,507649.1695,490684.2808
920174.BJ,20251010,58.38,3.6096,6.5092,0.52,50.2163,61.149,6.4319,6.5771,6.7548,0.5002,,9000.8718,8700.0759,4824.5679,525470.8957,507910.431
920174.BJ,20251009,58.55,5.8903,10.622,0.81,50.3625,61.3271,6.4507,6.5962,6.7745,0.4987,,9000.8718,8700.0759,4824.5679,527001.0439,509389.4439
920174.BJ,20250930,62.05,7.2596,13.091,0.99,53.3731,64.9931,6.8363,6.9905,7.1795,0.4706,,9000.8718,8700.0759,4824.5679,558504.0952,539839.7096
920174.BJ,20250929,65.95,6.9242,12.4863,0.98,56.7277,69.078,7.266,7.4299,7.6307,0.4428,,9000.8718,8700.0759,4824.5679,593607.4952,573770.0056
920174.BJ,20250926,67.68,10.0924,18.1995,1.34,58.2158,70.8901,7.4566,7.6248,7.8309,0.4314,,9000.8718,8700.0759,4824.5679,609179.0034,588821.1369
920174.BJ,20250925,62.68,4.5248,8.1595,0.63,53.915,65.6529,6.9057,7.0615,7.2524,0.4659,,9000.8718,8700.0759,4824.5679,564174.6444,545320.7574
920174.BJ,20250924,63.22,7.6981,13.8818,1.26,54.3795,66.2186,6.9652,7.1224,7.3149,0.4619,,9000.8718,8700.0759,4824.5679,569035.1152,550018.7984
920174.BJ,20250923,63.68,7.4846,13.4968,1.45,54.7752,66.7004,7.0159,7.1742,7.3681,0.4585,,9000.8718,8700.0759,4824.5679,573175.5162,554020.8333
920174.BJ,20250922,60.06,5.7057,10.289,1.24,51.6614,62.9087,6.617,6.7663,6.9492,0.4862,,9000.8718,8700.0759,4824.5679,540592.3603,522526.5586
920174.BJ,20250919,62.79,12.3355,22.2445,4.09,54.0096,65.7682,6.9178,7.0739,7.2651,0.465,,9000.8718,8700.0759,4824.5679,565164.7403,546277.7658
920174.BJ,20250918,56.28,2.9112,5.2498,0.97,48.41,58.9494,6.2006,6.3405,6.5119,0.5188,,9000.8718,8700.0759,4824.5679,506569.0649,489640.2717
920174.BJ,20250917,56.49,2.2013,3.9695,0.72,48.5906,59.1693,6.2237,6.3642,6.5362,0.5169,,9000.8718,8700.0759,4824.5679,508459.248,491467.2876
920174.BJ,20250916,56.29,2.6905,4.8517,0.83,48.4186,58.9599,6.2017,6.3416,6.513,0.5187,,9000.8718,8700.0759,4824.5679,506659.0736,489727.2724
920174.BJ,20250915,57.46,2.8081,5.0638,0.8,49.425,60.1854,6.3306,6.4734,6.6484,0.5082,,9000.8718,8700.0759,4824.5679,517190.0936,499906.3612
920174.BJ,20250912,58.93,4.4542,8.0321,1.32,50.6894,61.7251,6.4925,6.639,6.8185,0.4955,,9000.8718,8700.0759,4824.5679,530421.3752,512695.4728
920174.BJ,20250911,57.64,2.8671,5.1702,0.81,49.5798,60.3739,6.3504,6.4937,6.6692,0.5066,,9000.8718,8700.0759,4824.5679,518810.2506,501472.3749
920174.BJ,20250910,57.38,2.517,4.5388,0.7,49.3561,60.1016,6.3218,6.4644,6.6391,0.5089,,9000.8718,8700.0759,4824.5679,516470.0239,499210.3551
920174.BJ,20250909,56.83,3.6425,6.5684,1.01,48.8831,59.5255,6.2612,6.4025,6.5755,0.5138,,9000.8718,8700.0759,4824.5679,511519.5444,494425.3134
920174.BJ,20250908,59.36,4.1251,7.4388,1.12,51.0593,62.1755,6.5399,6.6875,6.8682,0.4919,,9000.8718,8700.0759,4824.5679,534291.75,516436.5054
920174.BJ,20250905,58.09,3.7367,6.7384,0.89,49.9669,60.8452,6.4,6.5444,6.7213,0.5027,,9000.8718,8700.0759,4824.5679,522860.6429,505387.409
920174.BJ,20250904,56.51,3.5857,6.466,0.83,48.6078,59.1903,6.2259,6.3664,6.5385,0.5167,,9000.8718,8700.0759,4824.5679,508639.2654,491641.2891
920174.BJ,20250903,56.68,2.9457,5.3119,0.62,48.754,59.3684,6.2446,6.3856,6.5581,0.5152,,9000.8718,8700.0759,4824.5679,510169.4136,493120.302
920174.BJ,20250902,56.98,3.6596,6.5992,0.76,49.0121,59.6826,6.2777,6.4194,6.5929,0.5125,,9000.8718,8700.0759,4824.5679,512869.6752,495730.3248
920174.BJ,20250901,58.14,4.4698,8.0603,0.91,50.0099,60.8976,6.4055,6.55,6.7271,0.5022,,9000.8718,8700.0759,4824.5679,523310.6865,505822.4128
920174.BJ,20250829,60.66,6.2373,11.2476,1.3,52.1775,63.5371,6.6831,6.8339,7.0187,0.4814,,9000.8718,8700.0759,4824.5679,545992.8834,527746.6041
920174.BJ,20250828,58.45,4.1712,7.5218,0.77,50.2765,61.2223,6.4397,6.585,6.7629,0.4996,,9000.8718,8700.0759,4824.5679,526100.9567,508519.4364
920174.BJ,20250827,58.88,5.3622,9.6696,0.98,50.6464,61.6727,6.487,6.6334,6.8127,0.4959,,9000.8718,8700.0759,4824.5679,529971.3316,512260.469
920174.BJ,20250826,61.28,3.8387,6.9224,0.56,52.7108,64.1865,6.7514,6.9038,7.0904,0.4765,,9000.8718,8700.0759,4824.5679,551573.4239,533140.6512
920174.BJ,20250825,62.24,4.9482,8.9231,0.67,53.5365,65.1921,6.8572,7.0119,7.2015,0.4692,,9000.8718,8700.0759,4824.5679,560214.2608,541492.724
920174.BJ,20250822,62.58,5.7196,10.314,0.76,53.829,65.5482,6.8947,7.0502,7.2408,0.4666,,9000.8718,8700.0759,4824.5679,563274.5572,544450.7498
920174.BJ,20250821,63.7,7.1906,12.9667,0.97,54.7924,66.7213,7.0181,7.1764,7.3704,0.4584,,9000.8718,8700.0759,4824.5679,573355.5337,554194.8348
920174.BJ,20250820,66.5,5.7879,10.4372,0.78,57.2008,69.6541,7.3266,7.4919,7.6944,0.4391,,9000.8718,8700.0759,4824.5679,598557.9747,578555.0474
920174.BJ,20250819,67.13,10.4534,18.8505,1.55,57.7427,70.314,7.396,7.5629,7.7673,0.435,,9000.8718,8700.0759,4824.5679,604228.5239,584036.0952
920174.BJ,20250818,64.95,7.7744,14.0195,1.08,55.8676,57.886,7.3342,7.3173,7.5131,0.4496,,9000.8718,8700.0759,4824.5679,584606.6234,565069.9297
920174.BJ,20250815,62.42,6.2456,11.2886,0.69,53.6914,55.6311,7.0485,7.0322,7.2205,0.4678,,9000.8718,8675.1764,4799.6684,561834.4178,541504.5109
920174.BJ,20250814,61.44,6.6534,12.0257,0.72,52.8484,54.7577,6.9378,6.9218,7.1071,0.4753,,9000.8718,8675.1764,4799.6684,553013.5634,533002.838
920174.BJ,20250813,64.22,5.9927,10.8316,0.63,55.2397,57.2354,7.2517,7.235,7.4287,0.4547,,9000.8718,8675.1764,4799.6684,578035.987,557119.8284
920174.BJ,20250812,63.65,7.0453,12.7341,0.74,54.7494,56.7274,7.1874,7.1708,7.3627,0.4588,,9000.8718,8675.1764,4799.6684,572905.4901,552174.9779
920174.BJ,20250811,66.65,10.302,18.6204,1.14,57.3299,59.4011,7.5261,7.5088,7.7098,0.4381,,9000.8718,8675.1764,4799.6684,599908.1055,578200.5071
920174.BJ,20250808,67.46,15.465,27.9522,2.09,58.0266,60.123,7.6176,7.6,7.8035,0.4329,,9000.8718,8675.1764,4799.6684,607198.8116,585227.3999
920174.BJ,20250807,61.17,7.5066,13.5678,0.95,52.6162,54.5171,6.9073,6.8914,7.0759,0.4774,,9000.8718,8675.1764,4799.6684,550583.328,530660.5404
920174.BJ,20250806,59.41,7.5956,13.7286,0.86,51.1023,52.9485,6.7086,6.6931,6.8723,0.4915,,9000.8718,8675.1764,4799.6684,534741.7936,515392.2299
920174.BJ,20250805,61.46,6.9259,12.5183,0.63,52.8656,54.7756,6.9401,6.9241,7.1094,0.4751,,9000.8718,8675.1764,4799.6684,553193.5808,533176.3415
920174.BJ,20250804,63.13,7.7104,13.9362,0.61,54.3021,56.2639,7.1286,7.1122,7.3026,0.4625,,9000.8718,8675.1764,4799.6684,568225.0367,547663.8861
920174.BJ,20250801,65.68,7.2632,13.128,0.5,56.4955,58.5366,7.4166,7.3995,7.5976,0.4446,,9000.8718,8675.1764,4799.6684,591177.2598,569785.586
920174.BJ,20250731,64.67,10.0914,18.2398,0.62,55.6267,57.6364,7.3025,7.2857,7.4807,0.4515,,9000.8718,8675.1764,4799.6684,582086.3793,561023.6578
920174.BJ,20250730,69.68,12.2866,22.2074,0.6,59.9362,62.1015,7.8683,7.8501,8.0603,0.4191,,9000.8718,8675.1764,4799.6684,627180.747,604486.2916
920174.BJ,20250729,76.33,17.6387,31.8811,0.84,65.6562,68.0283,8.6192,8.5993,8.8295,0.3826,,9000.8718,8675.1764,4799.6684,687036.5445,662176.2146
920174.BJ,20250728,70.96,15.9025,28.7431,0.85,61.0372,63.2423,8.0128,7.9943,8.2083,0.4115,,9000.8718,8675.1764,4799.6684,638701.8629,615590.5173
920174.BJ,20250725,72.81,16.0673,29.0409,0.94,62.6285,64.8911,8.2217,8.2028,8.4223,0.401,,9000.8718,8675.1764,4799.6684,655353.4758,631639.5937
920174.BJ,20250724,76.72,19.9935,36.1372,1.26,65.9917,68.3759,8.6632,8.6433,8.8746,0.3806,,9000.8718,8675.1764,4799.6684,690546.8845,665559.5334
920174.BJ,20250723,78.5,33.4844,60.5215,3.0,67.5228,69.9623,8.8642,8.8438,9.0805,0.372,,9000.8718,8675.1764,4799.6684,706568.4363,681001.3474
920174.BJ,20250722,82.27,20.0686,36.2731,2.52,70.7656,73.3222,9.2899,9.2685,9.5166,0.3549,,9000.8718,8675.1764,4799.6684,740501.723,713706.7624
920174.BJ,20250721,63.29,3.9978,7.2259,0.49,54.4397,56.4065,7.1467,7.1302,7.3211,0.4614,,9000.8718,8675.1764,4799.6684,569665.1762,549051.9144
920174.BJ,20250718,48.69,7.9916,14.4444,1.05,41.8813,43.3944,5.4981,5.4854,5.6322,0.5997,,9000.8718,8675.1764,4799.6684,438252.4479,422394.3389
920174.BJ,20250717,47.79,13.9456,25.2061,2.27,41.1072,42.5923,5.3965,5.384,5.5281,0.611,,9000.8718,8675.1764,4799.6684,430151.6633,414586.6802
920174.BJ,20250716,43.96,9.7143,17.5582,2.0,37.8128,39.1789,4.964,4.9525,5.0851,0.6642,,9000.8718,8675.1764,4799.6684,395678.3243,381360.7545
920174.BJ,20250715,42.15,4.1773,7.5503,0.84,36.2559,37.5657,4.7596,4.7486,4.8757,0.6928,,9000.8718,8675.1764,4799.6684,379386.7464,365658.6853
920174.BJ,20250714,42.89,5.1735,9.3508,0.94,36.8924,38.2252,4.8431,4.832,4.9613,0.6808,,9000.8718,8675.1764,4799.6684,386047.3915,372078.3158
920174.BJ,20250711,42.16,5.029,9.0897,0.99,36.2645,37.5746,4.7607,4.7497,4.8769,0.6926,,9000.8718,8675.1764,4799.6684,379476.7551,365745.437
920174.BJ,20250710,42.59,6.567,11.8696,1.54,36.6343,37.9579,4.8093,4.7982,4.9266,0.6856,,9000.8718,8675.1764,4799.6684,383347.13,369475.7629
920174.BJ,20250709,40.42,3.3089,5.9807,0.79,34.7678,36.0239,4.5642,4.5537,4.6756,0.7224,,9000.8718,8675.1764,4799.6684,363815.2382,350650.6301
920174.BJ,20250708,41.15,4.9246,8.901,1.26,35.3957,36.6745,4.6467,4.6359,4.76,0.7096,,9000.8718,8675.1764,4799.6684,370385.8746,356983.5089
920174.BJ,20250707,41.21,7.8326,14.1571,2.15,35.4473,36.728,4.6534,4.6427,4.767,0.7086,,9000.8718,8675.1764,4799.6684,370925.9269,357504.0194
920174.BJ,20250704,38.95,2.8894,5.2225,0.76,33.5033,34.7138,4.3982,4.3881,4.5056,0.7497,,9000.8718,8675.1764,4799.6684,350583.9566,337898.1208
920174.BJ,20250703,39.01,2.4004,4.3386,0.53,33.555,34.7672,4.405,4.3949,4.5125,0.7485,,9000.8718,8675.1764,4799.6684,351124.0089,338418.6314
920174.BJ,20250702,39.34,2.8702,5.1877,0.56,33.8388,35.0613,4.4423,4.432,4.5507,0.7423,,9000.8718,8675.1764,4799.6684,354094.2966,341281.4396
920174.BJ,20250701,39.09,3.5869,6.4832,0.62,33.6238,34.8385,4.414,4.4039,4.5217,0.747,,9000.8718,8675.1764,4799.6684,351844.0787,339112.6455
920174.BJ,20250630,39.45,6.4996,11.7478,1.24,33.9334,35.1594,4.4547,4.4444,4.5634,0.7402,,9000.8718,8675.1764,4799.6684,355084.3925,342235.709
920174.BJ,20250627,41.46,3.753,6.7833,0.72,35.6624,36.9508,4.6817,4.6709,4.7959,0.7043,,9000.8718,8675.1764,4799.6684,373176.1448,359672.8135
920174.BJ,20250626,41.11,6.0801,10.9894,1.31,35.3613,36.6388,4.6421,4.6314,4.7554,0.7103,,9000.8718,8675.1764,4799.6684,370025.8397,356636.5018
920174.BJ,20250625,41.2,5.7681,10.4255,1.29,35.4387,36.7191,4.6523,4.6416,4.7658,0.7087,,9000.8718,8675.1764,4799.6684,370835.9182,357417.2677
920174.BJ,20250624,40.93,6.9833,12.622,1.88,35.2065,36.4784,4.6218,4.6112,4.7346,0.7134,,9000.8718,8675.1764,4799.6684,368405.6828,355074.9701
920174.BJ,20250623,38.95,3.6342,6.5686,0.93,33.5033,34.7138,4.3982,4.3881,4.5056,0.7497,,9000.8718,8675.1764,4799.6684,350583.9566,337898.1208
920174.BJ,20250620,37.95,3.5709,6.4542,0.8,32.6432,33.8225,4.2853,4.2754,4.3899,0.7694,,9000.8718,8675.1764,4799.6684,341583.0848,329222.9444
920174.BJ,20250619,37.19,3.2989,5.9626,0.67,31.9895,33.1452,4.1995,4.1898,4.302,0.7852,,9000.8718,8675.1764,4799.6684,334742.4222,322629.8103
920174.BJ,20250618,38.26,4.9,8.8565,1.02,32.9098,34.0988,4.3203,4.3104,4.4257,0.7632,,9000.8718,8675.1764,4799.6684,344373.3551,331912.2491
920174.BJ,20250617,40.15,3.1419,5.6789,0.55,34.5355,35.7833,4.5337,4.5233,4.6444,0.7273,,9000.8718,8675.1764,4799.6684,361385.0028,348308.3325
920174.BJ,20250616,40.89,4.6648,8.4315,0.7,35.1721,36.4428,4.6173,4.6067,4.73,0.7141,,9000.8718,8675.1764,4799.6684,368045.6479,354727.963
920174.BJ,20250613,39.86,6.2242,11.2499,0.79,34.2861,35.5248,4.501,4.4906,4.6108,0.7326,,9000.8718,8675.1764,4799.6684,358774.7499,345792.5313
920174.BJ,20250612,41.18,5.597,10.1163,0.69,35.4215,36.7012,4.6501,4.6393,4.7635,0.7091,0.7091,9000.8718,8675.1764,4799.6684,370655.9007,357243.7642
920174.BJ,20250611,42.26,4.4857,8.1077,0.55,36.3505,37.6638,4.772,4.761,4.8884,0.691,0.691,9000.8718,8675.1764,4799.6684,380376.8423,366612.9547
920174.BJ,20250610,42.6,7.6742,13.8708,0.93,36.6429,37.9668,4.8104,4.7993,4.9278,0.6855,0.6855,9000.8718,8675.1764,4799.6684,383437.1387,369562.5146
920174.BJ,20250609,43.88,9.3209,16.8471,1.04,37.7439,39.1076,4.9549,4.9435,5.0758,0.6655,0.6655,9000.8718,8675.1764,4799.6684,394958.2546,380666.7404
920174.BJ,20250606,42.46,12.4711,22.5409,1.55,36.5225,37.842,4.7946,4.7835,4.9116,0.6877,0.6877,9000.8718,8675.1764,4799.6684,382177.0166,368347.9899
920174.BJ,20250605,40.6,6.845,12.3719,0.81,34.9226,36.1843,4.5846,4.574,4.6964,0.7192,0.7192,9000.8718,8675.1764,4799.6684,365435.3951,352212.1618
920174.BJ,20250604,40.38,4.8022,8.6797,0.51,34.7334,35.9882,4.5597,4.5492,4.671,0.7231,0.7231,9000.8718,8675.1764,4799.6684,363455.2033,350303.623
920174.BJ,20250603,40.53,7.8994,14.2778,0.81,34.8624,36.1219,4.5767,4.5661,4.6883,0.7205,0.7205,9000.8718,8675.1764,4799.6684,364805.3341,351604.8995
920174.BJ,20250530,41.74,12.6305,22.829,1.26,35.9032,37.2003,4.7133,4.7024,4.8283,0.6996,0.6996,9000.8718,8675.1764,4799.6684,375696.3889,362101.8629
920174.BJ,20250529,40.3,8.1744,14.7749,0.68,34.6646,35.9169,4.5507,4.5402,4.6617,0.7246,0.7246,9000.8718,8675.1764,4799.6684,362735.1335,349609.6089
920174.BJ,20250528,39.84,8.513,15.3868,0.55,34.2689,35.507,4.4987,4.4884,4.6085,0.7329,0.7329,9000.8718,8675.1764,4799.6684,358594.7325,345619.0278
920174.BJ,20250527,40.77,9.5282,17.2219,0.53,35.0688,36.3358,4.6038,4.5931,4.7161,0.7162,0.7162,9000.8718,8675.1764,4799.6684,366965.5433,353686.9418
920174.BJ,20250526,41.93,9.7146,17.5587,0.48,36.0666,37.3697,4.7347,4.7238,4.8503,0.6964,0.6964,9000.8718,8675.1764,4799.6684,377406.5546,363750.1465
920174.BJ,20250523,41.27,14.0154,25.3322,0.78,35.4989,36.7814,4.6602,4.6495,4.7739,0.7075,0.7075,9000.8718,8675.1764,4799.6684,371465.9792,358024.53
920174.BJ,20250522,44.51,18.7077,33.8132,1.29,38.2859,39.6691,5.0261,5.0145,5.1487,0.656,0.656,9000.8718,8675.1764,4799.6684,400628.8038,386132.1016
920174.BJ,20250521,49.0,25.7042,46.4591,2.63,42.148,43.6707,5.5331,5.5203,5.6681,0.5959,0.5959,9000.8718,8675.1764,4799.6684,441042.7182,425083.6436
920174.BJ,20250520,55.69,22.1734,40.0774,3.72,47.9025,49.6331,6.2885,6.274,6.442,0.5243,0.5243,9000.8718,8675.1764,4799.6684,501258.5505,483120.5737
920174.BJ,20250519,42.84,20.6489,37.3219,7.61,36.8494,38.1807,4.8375,4.8263,4.9555,0.6816,0.6816,9000.8718,8675.1764,4799.6684,385597.3479,371644.557
920174.BJ,20250516,32.96,2.0433,3.6932,0.72,28.351,29.3752,3.7218,3.7133,3.8127,0.8859,0.8859,9000.8718,8675.1764,4799.6684,296668.7345,285933.8141
920174.BJ,20250515,33.57,2.1126,3.8184,0.68,28.8757,29.9189,3.7907,3.782,3.8832,0.8698,0.8698,9000.8718,8675.1764,4799.6684,302159.2663,291225.6717
920174.BJ,20250514,33.28,1.8866,3.4099,0.5,28.6262,29.6604,3.758,3.7493,3.8497,0.8774,0.8774,9000.8718,8675.1764,4799.6684,299549.0135,288709.8706
920174.BJ,20250513,33.32,3.1084,5.6183,0.65,28.6606,29.6961,3.7625,3.7538,3.8543,0.8764,0.8764,9000.8718,8675.1764,4799.6684,299909.0484,289056.8776
920174.BJ,20250512,34.6,4.4223,7.9932,0.99,29.7616,30.8369,3.907,3.898,4.0024,0.8439,0.8439,9000.8718,8675.1764,4799.6684,311430.1643,300161.1034
920174.BJ,20250509,32.85,2.6123,4.7216,0.54,28.2564,29.2772,3.7094,3.7009,3.7999,0.8889,0.8889,9000.8718,8675.1764,4799.6684,295678.6386,284979.5447
920174.BJ,20250508,33.74,3.4499,6.2356,0.76,29.0219,30.0704,3.8099,3.8011,3.9029,0.8654,0.8654,9000.8718,8675.1764,4799.6684,303689.4145,292700.4517
920174.BJ,20250507,34.41,5.4314,9.817,1.4,29.5982,30.6675,3.8856,3.8766,3.9804,0.8486,0.8486,9000.8718,8675.1764,4799.6684,309719.9986,298512.8199
920174.BJ,20250506,34.8,8.0477,14.5459,2.72,29.9337,31.0151,3.9296,3.9206,4.0255,0.8391,0.8391,9000.8718,8675.1764,4799.6684,313230.3386,301896.1387
920174.BJ,20250430,32.06,2.8232,5.1028,0.82,27.5768,28.5731,3.6202,3.6119,3.7086,0.9108,0.9108,9000.8718,8675.1764,4799.6684,288567.9499,278126.1554
920174.BJ,20250429,31.96,4.4198,7.9886,1.46,27.4908,28.484,3.6089,3.6006,3.697,0.9136,0.9136,9000.8718,8675.1764,4799.6684,287667.8627,277258.6377
920174.BJ,20250428,29.2,1.9489,3.5226,0.6,16.0563,24.7016,3.4315,2.7546,3.2897,1.0,1.0,9000.8718,8675.1764,4799.6684,262825.4566,253315.1509
920174.BJ,20250425,31.21,2.1986,3.9739,0.6,17.1616,26.4019,3.6677,2.9442,3.5161,0.9356,0.9356,9000.8718,8675.1764,4799.6684,280917.2089,270752.2554
920174.BJ,20250424,31.15,3.4229,6.1867,0.97,17.1286,26.3512,3.6607,2.9386,3.5094,0.9374,0.9374,9000.8718,8675.1764,4799.6684,280377.1566,270231.7449
920174.BJ,20250423,32.6,5.2976,9.5752,1.81,17.9259,27.5778,3.8311,3.0754,3.6727,0.8957,0.8957,9000.8718,8675.1764,4799.6684,293428.4207,282810.7506
920174.BJ,20250422,31.62,2.2511,4.0687,0.76,17.387,26.7488,3.7159,2.9829,3.5623,0.9235,0.9235,9000.8718,8675.1764,4799.6684,284607.5663,274309.0778
920174.BJ,20250421,32.04,2.9762,5.3793,0.94,17.618,27.1041,3.7653,3.0225,3.6096,0.9114,0.9114,9000.8718,8675.1764,4799.6684,288387.9325,277952.6519
920174.BJ,20250418,32.3,4.4667,8.0734,1.47,17.7609,27.324,3.7958,3.0471,3.6389,0.904,0.904,9000.8718,8675.1764,4799.6684,290728.1591,280208.1977
920174.BJ,20250417,31.02,2.6498,4.7895,0.7,17.0571,26.2412,3.6454,2.9263,3.4947,0.9413,0.9413,9000.8718,8675.1764,4799.6684,279207.0432,269103.9719
920174.BJ,20250416,30.16,2.2795,4.12,0.52,16.5842,25.5137,3.5443,2.8452,3.3978,0.9682,0.9682,9000.8718,8675.1764,4799.6684,271466.2935,261643.3202
920174.BJ,20250415,30.92,2.3457,4.2398,0.53,17.0021,26.1566,3.6336,2.9169,3.4834,0.9444,0.9444,9000.8718,8675.1764,4799.6684,278306.9561,268236.4543
920174.BJ,20250414,31.45,4.1595,7.5181,0.96,17.2935,26.605,3.6959,2.9669,3.5431,0.9285,0.9285,9000.8718,8675.1764,4799.6684,283077.4181,272834.2978
920174.BJ,20250411,30.8,3.7842,6.8397,0.92,16.9361,26.0551,3.6195,2.9056,3.4699,0.9481,0.9481,9000.8718,8675.1764,4799.6684,277226.8514,267195.4331
920174.BJ,20250410,30.98,6.2863,11.3622,2.08,17.0351,26.2074,3.6407,2.9225,3.4902,0.9425,0.9425,9000.8718,8675.1764,4799.6684,278847.0084,268756.9649
920174.BJ,20250409,30.53,5.5308,9.9967,2.65,16.7877,25.8267,3.5878,2.8801,3.4395,0.9564,0.9564,9000.8718,8675.1764,4799.6684,274796.6161,264853.1355
920174.BJ,20250408,26.85,2.5605,4.628,1.37,14.7641,22.7136,3.1553,2.5329,3.0249,1.0875,1.0875,9000.8718,8675.1764,4799.6684,241673.4078,232928.4863
920174.BJ,20250407,25.5,3.4684,6.269,2.51,14.0218,21.5716,2.9967,2.4056,2.8728,1.1451,1.1451,9000.8718,8675.1764,4799.6684,229522.2309,221216.9982
920174.BJ,20250403,29.73,2.7135,4.9046,2.45,16.3478,25.1499,3.4938,2.8046,3.3494,0.9822,0.9822,9000.8718,8675.1764,4799.6684,267595.9186,257912.9944
920174.BJ,20250402,28.67,0.8174,1.4783,0.65,15.7649,24.2532,3.3692,2.7046,3.23,1.0185,1.0185,9000.8718,8668.9562,4793.4482,258054.9945,248538.9743
920174.BJ,20250401,28.41,0.8911,1.6115,0.61,15.6219,24.0333,3.3387,2.6801,3.2007,1.0278,1.0278,9000.8718,8668.9562,4793.4482,255714.7678,246285.0456
920174.BJ,20250331,28.2,1.4614,2.6429,0.93,15.5065,23.8556,3.314,2.6603,3.177,1.0355,1.0355,9000.8718,8668.9562,4793.4482,253824.5848,244464.5648
920174.BJ,20250328,29.48,1.038,1.8773,0.54,16.2103,24.9384,3.4644,2.781,3.3212,0.9905,0.9905,9000.8718,8668.9562,4793.4482,265345.7007,255560.8288
920174.BJ,20250327,30.27,1.3339,2.4121,0.56,16.6447,25.6067,3.5572,2.8556,3.4102,0.9647,0.9647,9000.8718,8670.5112,4795.0032,272456.3894,262456.374
920174.BJ,20250326,30.32,1.5207,2.7498,0.55,16.6722,25.649,3.5631,2.8603,3.4158,0.9631,0.9631,9000.8718,8670.5112,4795.0032,272906.433,262889.8996
920174.BJ,20250325,30.55,1.9037,3.4424,0.61,16.7987,25.8436,3.5902,2.882,3.4418,0.9558,0.9558,9000.8718,8670.5112,4795.0032,274976.6335,264884.1172
920174.BJ,20250324,29.99,2.0309,3.6723,0.57,16.4907,25.3699,3.5243,2.8292,3.3787,0.9737,0.9737,9000.8718,8670.5112,4795.0032,269936.1453,260028.6309
920174.BJ,20250321,29.53,2.8133,5.087,0.77,16.2378,24.9807,3.4703,2.7858,3.3268,0.9888,0.9888,9000.8718,8670.5112,4795.0032,265795.7443,256040.1957
920174.BJ,20250320,30.8,3.5802,6.4739,0.93,16.9361,26.0551,3.6195,2.9056,3.4699,0.9481,0.9481,9000.8718,8670.5112,4795.0032,277226.8514,267051.745
920174.BJ,20250319,32.53,3.3965,6.1417,0.83,17.8874,27.5186,3.8228,3.0688,3.6648,0.8976,0.8976,9000.8718,8670.5112,4795.0032,292798.3597,282051.7293
920174.BJ,20250318,34.46,3.7727,6.822,0.9,18.9487,29.1513,4.0496,3.2508,3.8823,0.8474,0.8474,9000.8718,8670.5112,4795.0032,310170.0422,298785.816
920174.BJ,20250317,34.21,4.1779,7.5546,0.98,18.8112,28.9398,4.0203,3.2273,3.8541,0.8536,0.8536,9000.8718,8670.5112,4795.0032,307919.8243,296618.1882
920174.BJ,20250314,33.07,3.4219,6.1876,0.78,18.1843,27.9754,3.8863,3.1197,3.7257,0.883,0.883,9000.8718,8670.5112,4795.0032,297658.8304,286733.8054
920174.BJ,20250313,32.33,4.5697,8.2631,1.0,17.7774,27.3494,3.7993,3.0499,3.6423,0.9032,0.9032,9000.8718,8670.5112,4795.0032,290998.1853,280317.6271
920174.BJ,20250312,34.08,4.5558,8.2381,0.87,18.7397,28.8298,4.005,3.215,3.8394,0.8568,0.8568,9000.8718,8670.5112,4795.0032,306749.7109,295491.0217
920174.BJ,20250311,34.61,4.2145,7.6208,0.81,19.0312,29.2781,4.0673,3.265,3.8992,0.8437,0.8437,9000.8718,8670.5112,4795.0032,311520.173,300086.3926
920174.BJ,20250310,34.57,4.5549,8.2363,0.84,19.0092,29.2443,4.0626,3.2612,3.8946,0.8447,0.8447,9000.8718,8670.5112,4795.0032,311160.1381,299739.5722
920174.BJ,20250307,33.87,3.9968,7.2272,0.65,18.6242,28.6521,3.9803,3.1952,3.8158,0.8621,0.8621,9000.8718,8670.5112,4795.0032,304859.5279,293670.2143
920174.BJ,20250306,33.8,5.5848,10.0987,0.9,18.5858,28.5929,3.9721,3.1886,3.8079,0.8639,0.8639,9000.8718,8670.5112,4795.0032,304229.4668,293063.2786
920174.BJ,20250305,34.49,7.7327,13.9825,1.44,18.9652,29.1766,4.0532,3.2537,3.8856,0.8466,0.8466,9000.8718,8670.5112,4795.0032,310440.0684,299045.9313
920174.BJ,20250304,33.15,4.1609,7.524,0.72,18.2283,28.0431,3.8957,3.1273,3.7347,0.8809,0.8809,9000.8718,8670.5112,4795.0032,298378.9002,287427.4463
920174.BJ,20250303,33.35,5.6882,10.2856,0.84,18.3383,28.2123,3.9192,3.1461,3.7572,0.8756,0.8756,9000.8718,8670.5112,4795.0032,300179.0745,289161.5485
920174.BJ,20250228,32.56,7.7473,14.009,1.3,17.9039,27.544,3.8264,3.0716,3.6682,0.8968,0.8968,9000.8718,8670.5112,4795.0032,293068.3858,282311.8447
920174.BJ,20250227,31.9,5.5899,10.1078,0.97,17.541,26.9856,3.7488,3.0093,3.5938,0.9154,0.9154,9000.8718,8670.5112,4795.0032,287127.8104,276589.3073
920174.BJ,20250226,31.31,3.7302,6.745,0.65,17.2166,19.9143,3.7468,2.9537,3.2964,0.9326,0.9326,9000.8718,8670.5112,4795.0032,281817.2961,271473.7057
920174.BJ,20250225,31.3,6.0133,10.8735,1.08,17.2111,19.9079,3.7456,2.9527,3.2953,0.9329,0.9329,9000.8718,8670.5112,4795.0032,281727.2873,271387.0006
920174.BJ,20250224,32.41,10.5839,19.1382,2.55,17.8214,20.6139,3.8784,3.0574,3.4122,0.901,0.901,9000.8718,8670.5112,4795.0032,291718.255,281011.268
920174.BJ,20250221,29.45,3.7994,6.8703,0.92,16.1938,18.7313,3.5242,2.7782,3.1005,0.9915,0.9915,9000.8718,8670.5112,4795.0032,265075.6745,255346.5548
920174.BJ,20250220,29.94,4.7329,8.5583,1.09,16.4632,19.0429,3.5828,2.8244,3.1521,0.9753,0.9753,9000.8718,8670.5112,4795.0032,269486.1017,259595.1053
920174.BJ,20250219,29.44,3.684,6.6616,0.81,16.1883,18.7249,3.523,2.7773,3.0995,0.9919,0.9919,9000.8718,8670.5112,4795.0032,264985.6658,255259.8497
920174.BJ,20250218,28.83,5.1212,9.2604,1.14,15.8529,18.3369,3.45,2.7197,3.0353,1.0128,1.0128,9000.8718,8670.5112,4795.0032,259495.134,249970.8379
920174.BJ,20250217,28.32,3.4476,6.234,0.77,15.5724,18.0125,3.389,2.6716,2.9816,1.0311,1.0311,9000.8718,8670.5112,4795.0032,254904.6894,245548.8772
920174.BJ,20250214,28.63,3.7336,6.7512,0.83,15.7429,18.2097,3.4261,2.7009,3.0142,1.0199,1.0199,9000.8718,8670.5112,4795.0032,257694.9596,248236.7357
920174.BJ,20250213,28.3,5.6621,10.2385,1.45,15.5614,17.9998,3.3866,2.6697,2.9795,1.0318,1.0318,9000.8718,8670.5112,4795.0032,254724.6719,245375.467
920174.BJ,20250212,28.95,4.8991,8.8587,1.51,15.9189,18.4132,3.4644,2.731,3.0479,1.0086,1.0086,9000.8718,8670.5112,4795.0032,260575.2386,251011.2992
920174.BJ,20250211,28.0,4.7665,8.619,1.84,15.3965,17.809,3.3507,2.6414,2.9479,1.0429,1.0429,9000.8718,8670.5112,4795.0032,252024.4104,242774.3136
920174.BJ,20250210,27.82,3.2646,5.9032,1.46,15.2975,17.6945,3.3291,2.6244,2.9289,1.0496,1.0496,9000.8718,8670.5112,4795.0032,250404.2535,241213.6216
920174.BJ,20250207,27.19,3.9664,7.1723,2.15,14.9511,17.2938,3.2538,2.565,2.8626,1.0739,1.0739,9000.8718,8670.5112,4795.0032,244733.7042,235751.1995
920174.BJ,20250206,26.47,2.612,4.7232,1.48,14.5552,16.8359,3.1676,2.4971,2.7868,1.1031,1.1031,9000.8718,8670.5112,4795.0032,238253.0765,229508.4315
920174.BJ,20250205,25.46,1.6271,2.9422,0.89,13.9998,16.1935,3.0467,2.4018,2.6805,1.1469,1.1469,9000.8718,8670.5112,4795.0032,229162.196,220751.2152
920174.BJ,20250127,26.02,1.4865,2.6879,0.81,14.3077,16.5497,3.1137,2.4546,2.7394,1.1222,1.1222,9000.8718,8670.5112,4795.0032,234202.6842,225606.7014
920174.BJ,20250124,26.26,1.5241,2.7559,0.78,14.4397,16.7023,3.1425,2.4773,2.7647,1.112,1.112,9000.8718,8670.5112,4795.0032,236362.8935,227687.6241
920174.BJ,20250123,26.12,1.9621,3.5479,0.86,14.3627,16.6133,3.1257,2.4641,2.75,1.1179,1.1179,9000.8718,8670.5112,4795.0032,235102.7714,226473.7525
920174.BJ,20250122,26.39,2.2488,4.0664,0.81,14.5112,16.785,3.158,2.4895,2.7784,1.1065,1.1065,9000.8718,8670.5112,4795.0032,237533.0068,228814.7906
920174.BJ,20250121,27.7,1.9672,3.5571,0.65,15.2315,17.6182,3.3148,2.6131,2.9163,1.0542,1.0542,9000.8718,8670.5112,4795.0032,249324.1489,240173.1602
920174.BJ,20250120,28.63,1.5109,2.7321,0.48,15.7429,18.2097,3.4261,2.7009,3.0142,1.0199,1.0199,9000.8718,8670.5112,4795.0032,257694.9596,248236.7357
920174.BJ,20250117,28.57,2.1267,3.8457,0.67,15.7099,18.1716,3.4189,2.6952,3.0079,1.0221,1.0221,9000.8718,8670.5112,4795.0032,257154.9073,247716.505
920174.BJ,20250116,29.34,3.4905,6.3117,1.16,16.1333,18.6613,3.511,2.7678,3.089,0.9952,0.9952,9000.8718,8670.5112,4795.0032,264085.5786,254392.7986
920174.BJ,20250115,29.14,4.7254,8.5446,1.85,16.0233,18.5341,3.4871,2.749,3.0679,1.0021,1.0021,9000.8718,8670.5112,4795.0032,262285.4043,252658.6964
920174.BJ,20250114,28.56,3.2269,5.8351,1.3,15.7044,18.1652,3.4177,2.6942,3.0068,1.0224,1.0224,9000.8718,8670.5112,4795.0032,257064.8986,247629.7999
920174.BJ,20250113,26.71,2.0605,3.7258,0.85,14.6871,16.9885,3.1963,2.5197,2.8121,1.0932,1.0932,9000.8718,8670.5112,4795.0032,240413.2858,231589.3542
920174.BJ,20250110,28.25,2.3903,4.3221,0.96,15.534,17.968,3.3806,2.665,2.9742,1.0336,1.0336,9000.8718,8670.5112,4795.0032,254274.6284,244941.9414
920174.BJ,20250109,29.14,2.5899,4.6831,1.02,16.0233,18.5341,3.4871,2.749,3.0679,1.0021,1.0021,9000.8718,8670.5112,4795.0032,262285.4043,252658.6964
920174.BJ,20250108,28.95,2.5023,4.5247,0.94,15.9189,18.4132,3.4644,2.731,3.0479,1.0086,1.0086,9000.8718,8670.5112,4795.0032,260575.2386,251011.2992
920174.BJ,20250107,29.33,2.8782,5.2046,0.95,16.1278,18.6549,3.5098,2.7669,3.0879,0.9956,0.9956,9000.8718,8670.5112,4795.0032,263995.5699,254306.0935
920174.BJ,20250106,28.33,1.8112,3.275,0.5,15.5779,18.0189,3.3902,2.6726,2.9826,1.0307,1.0307,9000.8718,8670.5112,4795.0032,254994.6981,245635.5823
920174.BJ,20250103,28.54,2.6265,4.7493,0.66,15.6934,18.1525,3.4153,2.6924,3.0047,1.0231,1.0231,9000.8718,8670.5112,4795.0032,256884.8812,247456.3896
920174.BJ,20250102,28.12,2.8188,5.0971,0.58,15.4625,17.8853,3.365,2.6527,2.9605,1.0384,1.0384,9000.8718,8670.5112,4795.0032,253104.515,243814.7749
920174.BJ,20241231,28.89,3.1974,5.7816,0.54,15.8859,18.3751,3.4572,2.7254,3.0416,1.0384,1.0107,9000.8718,8670.5112,4795.0032,260035.1863,250491.0686
920174.BJ,20241230,29.02,4.6341,8.3795,0.7,15.9574,18.4578,3.4728,2.7376,3.0553,1.0338,1.0062,9000.8718,8670.5112,4795.0032,261205.2996,251618.235
920174.BJ,20241227,31.34,4.6932,8.4863,0.71,17.2331,19.9334,3.7504,2.9565,3.2995,0.9572,0.9317,9000.8718,8670.5112,4795.0032,282087.3222,271733.821
920174.BJ,20241226,32.59,4.5767,8.2758,0.68,17.9204,20.7284,3.9,3.0744,3.4311,0.9205,0.896,9000.8718,8670.5112,4795.0032,293338.412,282571.96
920174.BJ,20241225,33.26,7.166,12.9578,1.1,18.2888,21.1546,3.9801,3.1376,3.5017,0.902,0.8779,9000.8718,8670.5112,4795.0032,299368.9961,288381.2025
920174.BJ,20241224,36.59,8.6263,15.5985,1.42,20.1199,23.2726,4.3786,3.4518,3.8523,0.8199,0.798,9000.8718,8670.5112,4795.0032,329341.8992,317254.0048
920174.BJ,20241223,33.92,8.0114,14.4866,1.3,18.6517,21.5743,4.0591,3.1999,3.5712,0.8844,0.8609,9000.8718,8670.5112,4795.0032,305309.5715,294103.7399
920174.BJ,20241220,31.63,4.5629,8.2508,0.65,17.3925,20.1178,3.7851,2.9839,3.3301,0.9485,0.9232,9000.8718,8670.5112,4795.0032,284697.575,274248.2693
920174.BJ,20241219,32.55,5.3472,9.669,0.63,17.8984,20.703,3.8952,3.0707,3.4269,0.9217,0.8971,9000.8718,8670.5112,4795.0032,292978.3771,282225.1396
920174.BJ,20241218,32.8,6.1409,11.1043,0.54,18.0359,20.862,3.9251,3.0942,3.4532,0.9146,0.8902,9000.8718,8670.5112,4795.0032,295228.595,284392.7674
920174.BJ,20241217,34.75,6.3973,11.5679,0.63,19.1081,22.1023,4.1584,3.2782,3.6585,0.8633,0.8403,9000.8718,8670.5112,4795.0032,312780.2951,301300.2642
920174.BJ,20241216,34.62,8.3583,15.1139,0.94,19.0367,22.0196,4.1429,3.2659,3.6449,0.8666,0.8434,9000.8718,8670.5112,4795.0032,311610.1817,300173.0977
920174.BJ,20241213,37.2,9.0491,16.3629,1.16,20.4553,23.6605,4.4516,3.5093,3.9165,0.8065,0.785,9000.8718,8670.5112,4795.0032,334832.431,322543.0166
920174.BJ,20241212,37.94,12.5919,22.7691,2.12,20.8622,24.1312,4.5402,3.5791,3.9944,0.7907,0.7696,9000.8718,8670.5112,4795.0032,341493.0761,328959.1949
920174.BJ,20241211,42.0,20.3907,36.8713,8.39,23.0947,26.7135,5.026,3.9621,4.4218,0.7143,0.6952,9000.8718,8670.5112,4795.0032,378036.6156,364161.4704
920174.BJ,20241210,35.47,0.5869,1.0612,0.18,19.504,22.5602,4.2446,3.3461,3.7343,0.8458,0.8232,9000.8718,8670.5112,4795.0032,319260.9227,307543.0323
920174.BJ,20241125,27.29,1.9794,3.5793,0.53,15.0061,17.3574,3.2657,2.5744,2.8731,1.0993,1.07,9000.8718,8670.5112,4795.0032,245633.7914,236618.2506
920174.BJ,20241122,27.68,3.3599,6.0755,0.82,15.2205,17.6055,3.3124,2.6112,2.9142,1.0838,1.0549,9000.8718,8670.5112,4795.0032,249144.1314,239999.75
920174.BJ,20241121,28.41,3.3751,6.103,0.81,15.6219,18.0698,3.3998,2.6801,2.9911,1.056,1.0278,9000.8718,8670.5112,4795.0032,255714.7678,246329.2232
920174.BJ,20241120,27.78,2.8534,5.1597,0.67,15.2755,17.6691,3.3244,2.6207,2.9247,1.0799,1.0511,9000.8718,8670.5112,4795.0032,250044.2186,240866.8011
920174.BJ,20241119,27.01,4.5546,8.2358,1.12,14.8521,17.1793,3.2322,2.548,2.8437,1.1107,1.0811,9000.8718,8670.5112,4795.0032,243113.5473,234190.5075
920174.BJ,20241118,27.81,4.5776,8.2774,1.08,15.292,17.6882,3.328,2.6235,2.9279,1.0787,1.05,9000.8718,8670.5112,4795.0032,250314.2448,241126.9165
920174.BJ,20241115,29.98,5.1253,9.2677,1.03,16.4852,19.0684,3.5876,2.8282,3.1563,1.0007,0.974,9000.8718,8670.5112,4795.0032,269846.1366,259941.9258
920174.BJ,20241114,29.03,3.7784,6.8322,0.56,15.9629,18.4641,3.4739,2.7386,3.0563,1.0334,1.0059,9000.8718,8670.5112,4795.0032,261295.3084,251704.9401
920174.BJ,20241113,28.94,3.4057,6.1583,0.46,15.9134,18.4069,3.4632,2.7301,3.0469,1.0366,1.009,9000.8718,8670.5112,4795.0032,260485.2299,250924.5941
920174.BJ,20241112,28.04,3.4095,6.1651,0.44,15.4185,17.8345,3.3555,2.6452,2.9521,1.0699,1.0414,9000.8718,8670.5112,4795.0032,252384.4453,243121.134
920174.BJ,20241111,28.29,5.5245,9.9897,0.75,15.5559,17.9935,3.3854,2.6688,2.9784,1.0604,1.0322,9000.8718,8670.5112,4795.0032,254634.6632,245288.7618
920174.BJ,20241108,29.2,8.7366,15.7979,1.37,16.0563,18.5723,3.4943,2.7546,3.0742,1.0274,1.0,9000.8718,8670.5112,4795.0032,262825.4566,253178.927
920174.BJ,20241107,32.04,12.6248,22.8287,2.41,17.618,20.3786,3.8341,3.0225,3.3732,0.9363,0.9114,9000.8718,8670.5112,4795.0032,288387.9325,277803.1788
920174.BJ,20241106,26.38,6.6058,11.9448,1.11,14.5057,16.7786,3.1568,2.4886,2.7773,1.1372,1.1069,9000.8718,8670.5112,4795.0032,237442.9981,228728.0855
920174.BJ,20241105,25.75,5.317,9.6144,0.74,14.1593,16.3779,3.0814,2.4292,2.711,1.165,1.134,9000.8718,8670.5112,4795.0032,231772.4489,223265.6634
920174.BJ,20241104,24.53,3.354,6.0648,0.43,13.4884,15.602,2.9354,2.3141,2.5826,1.223,1.1904,9000.8718,8670.5112,4795.0032,220791.3853,212687.6397
920174.BJ,20241101,23.6,3.9521,7.1464,0.48,12.977,15.0105,2.8242,2.2263,2.4846,1.2712,1.2373,9000.8718,8670.5112,4795.0032,212420.5745,204624.0643
920174.BJ,20241031,24.6,6.9688,12.6012,0.92,13.5269,15.6465,2.9438,2.3207,2.5899,1.2195,1.187,9000.8718,8670.5112,4795.0032,221421.4463,213294.5755
920174.BJ,20241030,26.14,10.0744,18.217,1.61,14.3737,16.626,3.1281,2.466,2.7521,1.1477,1.1171,9000.8718,8670.5112,4795.0032,235282.7889,226647.1628
920174.BJ,20241029,25.93,11.7693,21.2817,2.27,14.2582,16.4924,3.103,2.4461,2.73,1.157,1.1261,9000.8718,8670.5112,4795.0032,233392.6058,224826.3554
920174.BJ,20241028,23.95,6.0984,11.0273,1.1,13.1695,15.2331,2.866,2.2594,2.5215,1.2526,1.2192,9000.8718,8670.5112,4795.0032,215570.8796,207658.7432
920174.BJ,20241025,23.91,6.0236,10.892,1.1,13.1475,13.3554,3.0626,2.2556,2.3302,1.2547,1.2213,9000.8718,8670.5112,4795.0032,215210.8447,207311.9228
920174.BJ,20241024,23.76,4.0211,7.2711,0.67,13.065,13.2716,3.0434,2.2414,2.3156,1.2626,1.229,9000.8718,8670.5112,4795.0032,213860.714,206011.3461
920174.BJ,20241023,22.85,3.4029,6.1532,0.53,12.5646,12.7633,2.9268,2.1556,2.2269,1.3129,1.2779,9000.8718,8670.5112,4795.0032,205669.9206,198121.1809
920174.BJ,20241022,22.7,6.3368,11.4584,1.02,12.4821,12.6795,2.9076,2.1414,2.2122,1.3216,1.2864,9000.8718,8670.5112,4795.0032,204319.7899,196820.6042
920174.BJ,20241021,25.06,7.8122,14.1264,1.37,13.7799,13.9977,3.2099,2.3641,2.4422,1.1971,1.1652,9000.8718,8670.5112,4795.0032,225561.8473,217283.0107
920174.BJ,20241018,23.5,5.8855,10.6423,1.17,12.922,13.1264,3.0101,2.2169,2.2902,1.2766,1.2426,9000.8718,8670.5112,4795.0032,211520.4873,203757.0132
920174.BJ,20241017,22.94,6.6854,12.0888,1.47,12.6141,12.8136,2.9384,2.1641,2.2356,1.3078,1.2729,9000.8718,8670.5112,4795.0032,206479.9991,198901.5269
920174.BJ,20241016,23.15,5.4102,9.7829,1.2,12.7296,12.9309,2.9653,2.1839,2.2561,1.2959,1.2613,9000.8718,8670.5112,4795.0032,208370.1822,200722.3343
920174.BJ,20241015,21.91,5.2718,9.5328,1.02,12.0477,12.2382,2.8064,2.0669,2.1353,1.3692,1.3327,9000.8718,8670.5112,4795.0032,197209.1011,189970.9004
920174.BJ,20241014,21.35,5.2311,9.4592,1.04,11.7398,11.9254,2.7347,2.0141,2.0807,1.4052,1.3677,9000.8718,8670.5112,4795.0032,192168.6129,185115.4141
920174.BJ,20241011,18.8,2.6423,4.7779,0.53,10.3376,10.5011,2.4081,1.7735,1.8322,1.5957,1.5532,9000.8718,8670.5112,4795.0032,169216.3898,163005.6106
920174.BJ,20241010,20.7,4.1179,7.4462,0.94,11.3824,11.5624,2.6514,1.9528,2.0173,1.4493,1.4106,9000.8718,8670.5112,4795.0032,186318.0463,179479.5818
920174.BJ,20241009,20.0,9.1941,9.5032,1.46,10.9975,11.1714,2.5618,1.8867,1.9491,1.5,1.46,9000.8718,4956.2255,4795.0032,180017.436,99124.51
920174.BJ,20241008,24.49,14.8358,15.3347,4.06,13.4664,13.6793,3.1369,2.3103,2.3867,1.225,1.1923,9000.8718,4956.2255,4795.0032,220431.3504,121377.9625
920174.BJ,20240930,20.78,8.1186,8.3915,3.61,11.4264,11.6071,2.6617,1.9603,2.0251,1.4437,1.4052,9000.8718,4956.2255,4795.0032,187038.116,102990.3659
920174.BJ,20240927,18.1,4.313,4.4524,2.9,9.9527,10.1101,2.3184,1.7075,1.764,1.6575,1.6133,9000.8718,5147.7608,4986.5385,162915.7796,93174.4705
920174.BJ,20240926,16.52,1.8191,1.8779,1.34,9.0839,9.2275,2.116,1.5584,1.61,1.816,1.7676,9000.8718,5147.7608,4986.5385,148694.4021,85041.0084
920174.BJ,20240925,16.0,2.0184,2.0837,1.74,8.798,8.9371,2.0494,1.5094,1.5593,1.875,1.825,9000.8718,5147.7608,4986.5385,144013.9488,82364.1728
920174.BJ,20240924,15.86,1.612,1.6641,1.1,8.721,8.8589,2.0315,1.4962,1.5457,1.8916,1.8411,9000.8718,5147.7608,4986.5385,142753.8267,81643.4863
920174.BJ,20240923,15.43,1.0596,1.0939,0.54,8.4846,8.6187,1.9764,1.4556,1.5037,1.9443,1.8924,9000.8718,5147.7608,4986.5385,138883.4519,79429.9491
920174.BJ,20240920,15.89,0.9257,0.9556,0.42,8.7375,8.8757,2.0353,1.499,1.5486,1.888,1.8376,9000.8718,5147.7608,4986.5385,143023.8529,81797.9191
920174.BJ,20240919,16.24,1.1925,1.231,0.51,8.93,9.0711,2.0802,1.532,1.5827,1.8473,1.798,9000.8718,5147.7608,4986.5385,146174.158,83599.6354
920174.BJ,20240918,16.32,1.0229,1.0559,0.44,8.9739,9.1158,2.0904,1.5396,1.5905,1.8382,1.7892,9000.8718,5147.7608,4986.5385,146894.2278,84011.4563
920174.BJ,20240913,16.5,3.103,3.2033,1.36,9.0729,9.2164,2.1135,1.5566,1.608,1.8182,1.7697,9000.8718,5147.7608,4986.5385,148514.3847,84938.0532
920174.BJ,20240912,16.9,3.4856,3.5983,1.81,9.2929,9.4398,2.1647,1.5943,1.647,1.7751,1.7278,9000.8718,5147.7608,4986.5385,152114.7334,86997.1575
920174.BJ,20240911,16.9,2.1665,2.2366,1.22,9.2929,9.4398,2.1647,1.5943,1.647,1.7751,1.7278,9000.8718,5147.7608,4986.5385,152114.7334,86997.1575
920174.BJ,20240910,16.58,1.953,2.0162,1.24,9.1169,9.2611,2.1237,1.5641,1.6158,1.8094,1.7612,9000.8718,5147.7608,4986.5385,149234.4544,85349.8741
920174.BJ,20240909,16.13,1.0223,1.0553,0.65,8.8695,9.0097,2.0661,1.5216,1.572,1.8599,1.8103,9000.8718,5147.7608,4986.5385,145184.0621,83033.3817
920174.BJ,20240906,16.23,2.7845,2.8745,2.02,8.9245,9.0656,2.0789,1.5311,1.5817,1.8484,1.7991,9000.8718,5147.7608,4986.5385,146084.1493,83548.1578
920174.BJ,20240905,15.95,1.6819,1.7363,1.34,8.7705,8.9092,2.043,1.5047,1.5544,1.8809,1.8307,9000.8718,5147.7608,4986.5385,143563.9052,82106.7848
920174.BJ,20240904,15.78,1.4306,1.4769,1.07,8.677,8.8142,2.0212,1.4886,1.5379,1.9011,1.8505,9000.8718,5147.7608,4986.5385,142033.757,81231.6654
920174.BJ,20240903,15.44,0.9615,0.9926,0.45,8.4901,8.6243,1.9777,1.4566,1.5047,1.943,1.8912,9000.8718,5147.7608,4986.5385,138973.4606,79481.4268
920174.BJ,20240902,15.18,1.0532,1.0873,0.41,8.3471,8.4791,1.9444,1.432,1.4794,1.9763,1.9236,9000.8718,5147.7608,4986.5385,136633.2339,78143.0089
920174.BJ,20240830,15.48,1.7727,1.83,0.65,8.5121,8.6466,1.9828,1.4603,1.5086,1.938,1.8863,9000.8718,5147.7608,4986.5385,139333.4955,79687.3372
920174.BJ,20240829,15.21,1.0691,1.1036,0.35,8.3636,8.4958,1.9482,1.4349,1.4823,1.9724,1.9198,9000.8718,5147.7608,4986.5385,136903.2601,78297.4418
920174.BJ,20240828,15.12,1.8359,1.8953,0.56,8.3141,8.4456,1.9367,1.4264,1.4735,1.9841,1.9312,9000.8718,5147.7608,4986.5385,136093.1816,77834.1433
920174.BJ,20240827,14.92,5.0192,5.1815,1.59,8.2041,8.3338,1.9111,1.4075,1.454,2.0107,1.9571,9000.8718,5147.7608,4986.5385,134293.0073,76804.5911
920174.BJ,20240826,16.33,3.019,3.1167,0.91,8.9794,8.794,2.1975,1.5405,1.5144,1.8371,1.7881,9000.8718,5147.7608,4986.5385,146984.2365,84062.9339
920174.BJ,20240823,16.2,2.7185,2.8064,0.65,8.908,8.724,2.18,1.5283,1.5024,1.8519,1.8025,9000.8718,5147.7608,4986.5385,145814.1232,83393.725
920174.BJ,20240822,15.32,2.4736,2.5536,0.42,8.4241,8.2501,2.0616,1.4452,1.4208,1.9582,1.906,9000.8718,5147.7608,4986.5385,137893.356,78863.6955
920174.BJ,20240821,15.81,3.0198,3.1175,0.36,8.6935,8.514,2.1275,1.4915,1.4662,1.8975,1.8469,9000.8718,5147.7608,4986.5385,142303.7832,81386.0982
920174.BJ,20240820,16.16,4.5404,4.6872,0.42,8.886,8.7025,2.1746,1.5245,1.4987,1.8564,1.8069,9000.8718,5147.7608,4986.5385,145454.0883,83187.8145
920174.BJ,20240819,16.08,3.8603,3.9851,0.35,8.842,8.6594,2.1638,1.5169,1.4912,1.8657,1.8159,9000.8718,5147.7608,4986.5385,144734.0185,82775.9937
920174.BJ,20240816,16.19,6.925,7.1489,0.68,8.9025,8.7186,2.1786,1.5273,1.5015,1.853,1.8036,9000.8718,5147.7608,4986.5385,145724.1144,83342.2474
920174.BJ,20240815,16.48,11.4041,11.7728,1.29,9.0619,8.8748,2.2177,1.5547,1.5283,1.8204,1.7719,9000.8718,5147.7608,4986.5385,148334.3673,84835.098
920174.BJ,20240814,17.78,15.2969,15.7915,2.21,9.7768,9.5749,2.3926,1.6773,1.6489,1.6873,1.6423,9000.8718,5147.7608,4986.5385,160035.5006,91527.187
920174.BJ,20240813,18.5,16.7144,17.2548,4.52,10.1727,9.9626,2.4895,1.7452,1.7157,1.6216,1.5784,9000.8718,5147.7608,4986.5385,166516.1283,95233.5748
920174.BJ,20240812,15.39,4.6243,4.7738,1.59,8.4626,8.2878,2.071,1.4518,1.4273,1.9493,1.8973,9000.8718,5147.7608,4986.5385,138523.417,79224.0387
920174.BJ,20240809,15.0,3.0655,3.1647,1.26,8.2481,8.0778,2.0185,1.415,1.3911,2.0,1.9467,9000.8718,5147.7608,4986.5385,135013.077,77216.412
920174.BJ,20240808,15.0,4.603,4.7518,2.74,8.2481,8.0778,2.0185,1.415,1.3911,2.0,1.9467,9000.8718,5147.7608,4986.5385,135013.077,77216.412
920174.BJ,20240807,16.06,5.6369,5.8192,7.99,8.831,8.6486,2.1611,1.515,1.4894,1.868,1.8182,9000.8718,5147.7608,4986.5385,144554.0011,82673.0384
920174.BJ,20240806,14.66,0.5649,0.5832,0.73,8.0612,7.8947,1.9727,1.383,1.3596,2.0464,1.9918,9000.8718,5147.7608,4986.5385,131952.7806,75466.1733
920174.BJ,20240805,14.63,0.7146,0.7146,0.84,8.0447,7.8786,1.9687,1.3801,1.3568,2.0506,1.9959,9000.8718,5147.7608,5147.7608,131682.7544,75311.7405
920174.BJ,20240802,14.91,0.6396,0.6396,0.74,8.1986,8.0293,2.0064,1.4066,1.3827,2.0121,1.9584,9000.8718,5147.7608,5147.7608,134202.9985,76753.1135
920174.BJ,20240801,15.28,0.8552,0.8552,1.08,8.4021,8.2286,2.0562,1.4415,1.4171,1.9634,1.911,9000.8718,5147.7608,5147.7608,137533.3211,78657.785
920174.BJ,20240731,15.46,0.753,0.753,0.92,8.5011,8.3255,2.0804,1.4584,1.4338,1.9405,1.8888,9000.8718,5147.7608,5147.7608,139153.478,79584.382
920174.BJ,20240730,15.26,0.9128,0.9128,1.05,8.3911,8.2178,2.0535,1.4396,1.4152,1.9659,1.9135,9000.8718,5147.7608,5147.7608,137353.3037,78554.8298
920174.BJ,20240729,15.27,1.0821,1.0821,1.02,8.3966,8.2232,2.0548,1.4405,1.4161,1.9646,1.9123,9000.8718,5147.7608,5147.7608,137443.3124,78606.3074
920174.BJ,20240726,14.82,0.7152,0.7152,0.56,8.1491,7.9809,1.9943,1.3981,1.3744,2.0243,1.9703,9000.8718,5147.7608,5147.7608,133392.9201,76289.8151
920174.BJ,20240725,14.62,0.501,0.501,0.32,8.0392,7.8732,1.9674,1.3792,1.3559,2.052,1.9973,9000.8718,5147.7608,5147.7608,131592.7457,75260.2629
920174.BJ,20240724,14.56,0.8809,0.8809,0.41,8.0062,7.8409,1.9593,1.3735,1.3503,2.0604,2.0055,9000.8718,5147.7608,5147.7608,131052.6934,74951.3972
920174.BJ,20240723,15.08,1.1688,1.1688,0.5,8.2921,8.1209,2.0293,1.4226,1.3985,1.9894,1.9364,9000.8718,5147.7608,5147.7608,135733.1467,77628.2329
920174.BJ,20240722,15.6,2.0217,2.0217,1.03,8.578,8.4009,2.0992,1.4716,1.4467,1.9231,1.8718,9000.8718,5147.7608,5147.7608,140413.6001,80305.0685
920174.BJ,20240719,16.18,1.8457,1.8457,1.12,8.897,8.7133,2.1773,1.5264,1.5005,1.8541,1.8047,9000.8718,5147.7608,5147.7608,145634.1057,83290.7697
920174.BJ,20240718,16.66,2.0306,2.0306,1.51,9.1609,8.9718,2.2419,1.5716,1.545,1.8007,1.7527,9000.8718,5147.7608,5147.7608,149954.5242,85761.6949
920174.BJ,20240717,17.69,3.6923,3.6923,5.39,9.7273,9.5264,2.3805,1.6688,1.6406,1.6959,1.6507,9000.8718,5147.7608,5147.7608,159225.4221,91063.8886
920174.BJ,20240716,16.17,2.0072,2.0072,4.13,8.8915,8.7079,2.1759,1.5254,1.4996,1.8553,1.8058,9000.8718,5147.7608,5147.7608,145544.097,83239.2921
920174.BJ,20240715,15.84,0.1923,0.1923,0.32,8.71,8.5302,2.1315,1.4943,1.469,1.8939,1.8434,9000.8718,5147.7608,5147.7608,142573.8093,81540.5311
920174.BJ,20240712,15.98,0.2858,0.2858,0.39,8.787,8.6056,2.1504,1.5075,1.482,1.8773,1.8273,9000.8718,5147.7608,5147.7608,143833.9314,82261.2176
920174.BJ,20240711,16.12,0.5513,0.5513,0.74,8.864,8.681,2.1692,1.5207,1.495,1.861,1.8114,9000.8718,5147.7608,5147.7608,145094.0534,82981.9041
920174.BJ,20240710,15.83,0.3912,0.3912,0.51,8.7045,8.5248,2.1302,1.4933,1.4681,1.8951,1.8446,9000.8718,5147.7608,5147.7608,142483.8006,81489.0535
920174.BJ,20240709,15.83,1.0087,1.0087,1.49,8.7045,8.5248,2.1302,1.4933,1.4681,1.8951,1.8446,9000.8718,5147.7608,5147.7608,142483.8006,81489.0535
920174.BJ,20240708,15.68,0.7331,0.7331,0.99,8.622,8.444,2.11,1.4792,1.4542,1.9133,1.8623,9000.8718,5147.7608,5147.7608,141133.6698,80716.8893
920174.BJ,20240705,16.09,0.9522,0.9522,1.56,8.8475,8.6648,2.1652,1.5179,1.4922,1.8645,1.8148,9000.8718,5147.7608,5147.7608,144824.0273,82827.4713
920174.BJ,20240704,16.53,0.6401,0.6401,1.15,9.0894,8.9017,2.2244,1.5594,1.533,1.8149,1.7665,9000.8718,5147.7608,5147.7608,148784.4109,85092.486
920174.BJ,20240703,16.85,0.535,0.535,0.96,9.2654,9.0741,2.2674,1.5896,1.5627,1.7804,1.7329,9000.8718,5147.7608,5147.7608,151664.6898,86739.7695
920174.BJ,20240702,16.93,0.5177,0.5177,0.84,9.3094,9.1172,2.2782,1.5971,1.5701,1.772,1.7248,9000.8718,5147.7608,5147.7608,152384.7596,87151.5903
920174.BJ,20240701,16.99,1.0635,1.0635,1.95,9.3424,9.1495,2.2863,1.6028,1.5756,1.7657,1.7187,9000.8718,5147.7608,5147.7608,152924.8119,87460.456
920174.BJ,20240628,17.27,0.2986,0.2986,0.47,9.4963,9.3002,2.324,1.6292,1.6016,1.7371,1.6908,9000.8718,5147.7608,5147.7608,155445.056,88901.829
920174.BJ,20240627,17.26,0.3657,0.3657,0.51,9.4908,9.2949,2.3226,1.6282,1.6007,1.7381,1.6918,9000.8718,5147.7608,5147.7608,155355.0473,88850.3514
920174.BJ,20240626,17.35,0.5331,0.5331,0.67,9.5403,9.3433,2.3347,1.6367,1.609,1.7291,1.683,9000.8718,5147.7608,5147.7608,156165.1257,89313.6499
920174.BJ,20240625,17.14,0.8049,0.8049,1.06,9.4248,9.2302,2.3065,1.6169,1.5896,1.7503,1.7036,9000.8718,5147.7608,5147.7608,154274.9427,88232.6201
920174.BJ,20240624,17.2,0.7181,0.7181,0.95,9.4578,9.2626,2.3145,1.6226,1.5951,1.7442,1.6977,9000.8718,5147.7608,5147.7608,154814.995,88541.4858
920174.BJ,20240621,18.16,0.7446,0.7446,1.02,9.9857,9.7795,2.4437,1.7132,1.6841,1.652,1.6079,9000.8718,5147.7608,5147.7608,163455.8319,93483.3361
920174.BJ,20240620,18.06,0.7708,0.7708,1.2,9.9307,9.7257,2.4303,1.7037,1.6749,1.6611,1.6168,9000.8718,5147.7608,5147.7608,162555.7447,92968.56
920174.BJ,20240619,18.2,0.9129,0.9129,1.66,10.0077,9.8011,2.4491,1.7169,1.6879,1.6484,1.6044,9000.8718,5147.7608,5147.7608,163815.8668,93689.2466
920174.BJ,20240618,18.09,0.6646,0.6646,1.05,9.9472,9.7418,2.4343,1.7065,1.6777,1.6584,1.6142,9000.8718,5147.7608,5147.7608,162825.7709,93122.9929
920174.BJ,20240617,18.3,0.696,0.696,1.21,10.0627,9.8549,2.4626,1.7264,1.6971,1.6393,1.5956,9000.8718,5147.7608,5147.7608,164715.9539,94204.0226
920174.BJ,20240614,18.5,0.61,0.61,0.91,10.1727,9.9626,2.4895,1.7452,1.7157,1.6216,1.5784,9000.8718,5147.7608,5147.7608,166516.1283,95233.5748
920174.BJ,20240613,18.85,0.3312,0.3312,0.44,10.3651,10.1511,2.5366,1.7782,1.7481,1.5915,1.5491,9000.8718,5147.7608,5147.7608,169666.4334,97035.2911
920174.BJ,20240612,19.19,0.4474,0.4474,0.47,10.5521,10.3342,2.4847,1.8103,1.7797,1.5633,1.5633,9000.8718,5147.7608,5147.7608,172726.7298,98785.5298
920174.BJ,20240611,19.29,1.0935,1.0935,1.16,10.6071,10.3881,2.4976,1.8198,1.7889,1.5552,1.5552,9000.8718,5147.7608,5147.7608,173626.817,99300.3058
920174.BJ,20240607,18.7,0.4042,0.4042,0.37,10.2827,10.0703,2.4212,1.7641,1.7342,1.6043,1.6043,9000.8718,5147.7608,5147.7608,168316.3027,96263.127
920174.BJ,20240606,18.83,1.0692,1.0692,0.87,10.3541,10.1403,2.4381,1.7764,1.7463,1.5932,1.5932,9000.8718,5147.7608,5147.7608,169486.416,96932.3359
920174.BJ,20240605,19.15,0.7667,0.7667,0.47,10.5301,10.3127,2.4795,1.8065,1.776,1.5666,1.5666,9000.8718,5147.7608,5147.7608,172366.695,98579.6193
920174.BJ,20240604,19.35,1.44,1.44,0.76,10.6401,10.4204,2.5054,1.8254,1.7945,1.5504,1.5504,9000.8718,5147.7608,5147.7608,174166.8693,99609.1715
920174.BJ,20240603,19.19,1.0502,1.0502,0.5,10.5521,10.3342,2.4847,1.8103,1.7797,1.5633,1.5633,9000.8718,5147.7608,5147.7608,172726.7298,98785.5298
920174.BJ,20240531,19.71,1.0741,1.0741,0.45,10.838,10.6142,2.552,1.8594,1.8279,1.5221,1.5221,9000.8718,5147.7608,5147.7608,177407.1832,101462.3654
920174.BJ,20240530,19.95,1.8491,1.8491,0.56,10.97,10.7435,2.5831,1.882,1.8502,1.5038,1.5038,9000.8718,5147.7608,5147.7608,179567.3924,102697.828
920174.BJ,20240529,20.1,2.6893,2.6893,0.71,11.0525,10.8243,2.6025,1.8962,1.8641,1.4925,1.4925,9000.8718,5147.7608,5147.7608,180917.5232,103469.9921
920174.BJ,20240528,20.71,2.8225,2.8225,0.7,11.3879,11.1528,2.6815,1.9537,1.9206,1.4486,1.4486,9000.8718,5147.7608,5147.7608,186408.055,106610.1262
920174.BJ,20240527,21.23,2.1278,2.1278,0.49,11.6738,11.4328,2.7488,2.0028,1.9689,1.4131,1.4131,9000.8718,5147.7608,5147.7608,191088.5083,109286.9618
920174.BJ,20240524,21.15,2.5944,2.5944,0.57,11.6298,11.3897,2.7385,1.9952,1.9614,1.4184,1.4184,9000.8718,4986.5385,4986.5385,190368.4386,105465.2893
920174.BJ,20240523,21.17,6.6289,6.6289,1.96,11.6408,11.4005,2.7411,1.9971,1.9633,1.4171,1.4171,9000.8718,4986.5385,4986.5385,190548.456,105565.02
920174.BJ,20240522,20.56,5.1496,5.1496,2.11,11.3054,11.072,2.6621,1.9396,1.9067,1.4591,1.4591,9000.8718,4986.5385,4986.5385,185057.9242,102523.2316
920174.BJ,20240521,19.97,4.3025,4.3025,2.56,10.981,10.7543,2.5857,1.8839,1.852,1.5023,1.5023,9000.8718,4986.5385,4986.5385,179747.4098,99581.1738
920174.BJ,20240520,19.26,3.8147,3.8147,3.44,10.5906,10.3719,2.4938,1.8169,1.7862,1.5576,1.5576,9000.8718,4986.5385,4986.5385,173356.7909,96040.7315
920174.BJ,20240517,18.42,2.895,2.895,4.58,10.1287,9.9195,2.385,1.7377,1.7083,1.6287,1.6287,9000.8718,4986.5385,4986.5385,165796.0586,91852.0392
920174.BJ,20240516,18.11,0.7838,0.7838,1.02,9.9582,9.7526,2.3449,1.7084,1.6795,1.6565,1.6565,9000.8718,4986.5385,4986.5385,163005.7883,90306.2122
920174.BJ,20240515,18.59,0.4123,0.4123,0.42,10.2222,10.0111,2.407,1.7537,1.724,1.6138,1.6138,9000.8718,4986.5385,4986.5385,167326.2068,92699.7507
920174.BJ,20240514,18.6,0.4817,0.4817,0.42,10.2277,10.0165,2.4083,1.7547,1.725,1.6129,1.6129,9000.8718,4986.5385,4986.5385,167416.2155,92749.6161
920174.BJ,20240513,18.68,0.9759,0.9759,0.82,10.2717,10.0596,2.4187,1.7622,1.7324,1.606,1.606,9000.8718,4986.5385,4986.5385,168136.2852,93148.5392
920174.BJ,20240510,19.03,0.5039,0.5039,0.41,10.4641,10.248,2.464,1.7952,1.7648,1.5765,1.5765,9000.8718,4986.5385,4986.5385,171286.5904,94893.8277
920174.BJ,20240509,19.06,1.4861,1.4861,0.91,10.4806,10.2642,2.4679,1.7981,1.7676,1.574,1.574,9000.8718,4986.5385,4986.5385,171556.6165,95043.4238
920174.BJ,20240508,19.04,1.4342,1.4342,0.84,10.4696,10.2534,2.4653,1.7962,1.7658,1.5756,1.5756,9000.8718,4986.5385,4986.5385,171376.5991,94943.693
920174.BJ,20240507,19.06,1.3455,1.3455,0.77,10.4806,10.2642,2.4679,1.7981,1.7676,1.574,1.574,9000.8718,4986.5385,4986.5385,171556.6165,95043.4238
920174.BJ,20240506,18.9,1.1726,1.1726,0.6,10.3926,10.178,2.4471,1.783,1.7528,1.5873,1.5873,9000.8718,4986.5385,4986.5385,170116.477,94245.5777
920174.BJ,20240430,18.98,0.7594,0.7594,0.31,10.4366,10.2211,2.4575,1.7905,1.7602,1.5806,1.5806,9000.8718,4986.5385,4986.5385,170836.5468,94644.5007
920174.BJ,20240429,19.06,3.4782,3.4782,1.65,10.4806,10.2642,2.4679,1.7981,1.7676,1.574,1.574,9000.8718,4986.5385,4986.5385,171556.6165,95043.4238
920174.BJ,20240426,18.53,1.7629,1.7629,0.88,10.1892,10.1892,2.3629,1.7481,1.7481,1.619,1.619,9000.8718,4986.5385,4986.5385,166786.1545,92400.5584
920174.BJ,20240425,19.0,1.5687,1.5687,0.8,10.4476,10.4476,2.4229,1.7924,1.7924,1.5789,1.5789,9000.8718,4986.5385,4986.5385,171016.5642,94744.2315
920174.BJ,20240424,18.55,2.2587,2.2587,1.22,10.2002,10.2002,2.3655,1.7499,1.7499,1.6173,1.6173,9000.8718,4986.5385,4986.5385,166966.1719,92500.2892
920174.BJ,20240423,18.4,3.2262,3.2262,2.24,10.1177,10.1177,2.3464,1.7358,1.7358,1.6304,1.6304,9000.8718,4986.5385,4986.5385,165616.0411,91752.3084
920174.BJ,20240422,19.51,1.6515,1.6515,1.22,22.5877,10.9055,2.4973,3.2456,1.8405,1.5377,1.5377,9000.8718,5181.3635,5181.3635,175607.0088,101088.4019
920174.BJ,20240419,19.1,1.2168,1.2168,0.83,22.113,10.6763,2.4449,3.1774,1.8018,1.5707,1.5707,9000.8718,5181.3635,5181.3635,171916.6514,98964.0429
920174.BJ,20240418,19.15,1.3258,1.3258,0.79,22.1709,10.7043,2.4513,3.1857,1.8065,1.5666,1.5666,9000.8718,5181.3635,5181.3635,172366.695,99223.111
920174.BJ,20240417,19.1,1.5889,1.5889,0.96,22.113,10.6763,2.4449,3.1774,1.8018,1.5707,1.5707,9000.8718,5181.3635,5181.3635,171916.6514,98964.0429
920174.BJ,20240416,18.6,1.1391,1.1391,0.74,21.5341,10.3968,2.3809,3.0942,1.7547,1.6129,1.6129,9000.8718,5181.3635,5181.3635,167416.2155,96373.3611
920174.BJ,20240415,19.36,1.5095,1.5095,1.03,22.414,10.8217,2.4781,3.2206,1.8264,1.5496,1.5496,9000.8718,5181.3635,5181.3635,174256.878,100311.1974
920174.BJ,20240412,19.35,1.7854,1.7854,1.42,22.4024,10.8161,2.4769,3.219,1.8254,1.5504,1.5504,9000.8718,5181.3635,5181.3635,174166.8693,100259.3837
920174.BJ,20240411,19.63,2.4176,2.4176,2.45,22.7266,10.9726,2.5127,3.2655,1.8518,1.5283,1.5283,9000.8718,5181.3635,5181.3635,176687.1134,101710.1655
920174.BJ,20240410,19.04,1.3958,1.3958,1.49,22.0435,10.6428,2.4372,3.1674,1.7962,1.5756,1.5756,9000.8718,5181.3635,5181.3635,171376.5991,98653.161
920174.BJ,20240409,18.81,0.5881,0.5881,0.58,21.7772,10.5142,2.4077,3.1291,1.7745,1.5949,1.5949,9000.8718,5181.3635,5181.3635,169306.3986,97461.4474
920174.BJ,20240408,18.69,1.15,1.15,0.96,21.6383,10.4472,2.3924,3.1092,1.7631,1.6051,1.6051,9000.8718,5181.3635,5181.3635,168226.2939,96839.6838
920174.BJ,20240403,19.23,0.7279,0.7279,0.52,22.2635,10.749,2.4615,3.199,1.8141,1.5601,1.5601,9000.8718,5181.3635,5181.3635,173086.7647,99637.6201
920174.BJ,20240402,19.25,1.0633,1.0633,0.7,22.2866,10.7602,2.4641,3.2023,1.816,1.5584,1.5584,9000.8718,5181.3635,5181.3635,173266.7822,99741.2474
920174.BJ,20240401,19.24,1.1538,1.1538,0.76,22.2751,10.7546,2.4628,3.2007,1.815,1.5593,1.5593,9000.8718,5181.3635,5181.3635,173176.7734,99689.4337
920174.BJ,20240329,19.56,0.9891,0.9891,0.61,22.6455,10.9335,2.5037,3.2539,1.8452,1.5337,1.5337,9000.8718,5181.3635,5181.3635,176057.0524,101347.4701
920174.BJ,20240328,19.42,2.0868,2.0868,1.44,22.4835,10.8552,2.4858,3.2306,1.832,1.5448,1.5448,9000.8718,5181.3635,5181.3635,174796.9304,100622.0792
920174.BJ,20240327,19.0,1.7676,1.7676,1.28,21.9972,10.6204,2.4321,3.1607,1.7924,1.5789,1.5789,9000.8718,5181.3635,5181.3635,171016.5642,98445.9065
920174.BJ,20240326,18.99,1.5935,1.5935,1.31,21.9856,10.6148,2.4308,3.1591,1.7914,1.5798,1.5798,9000.8718,5181.3635,5181.3635,170926.5555,98394.0929
920174.BJ,20240325,18.9,1.1954,1.1954,0.91,21.8814,10.5645,2.4193,3.1441,1.783,1.5873,1.5873,9000.8718,5181.3635,5181.3635,170116.477,97927.7702
920174.BJ,20240322,19.56,1.4509,1.4509,0.89,22.6455,10.9335,2.5037,3.2539,1.8452,1.5337,1.5337,9000.8718,5181.3635,5181.3635,176057.0524,101347.4701
920174.BJ,20240321,19.53,1.2543,1.2543,0.7,22.6108,10.9167,2.4999,3.2489,1.8424,1.5361,1.5361,9000.8718,5181.3635,5181.3635,175787.0263,101192.0292
920174.BJ,20240320,19.8,1.4072,1.4072,0.73,22.9234,11.0676,2.5345,3.2938,1.8679,1.5152,1.5152,9000.8718,5181.3635,5181.3635,178217.2616,102590.9973
920174.BJ,20240319,19.88,0.7955,0.7955,0.39,23.016,11.1123,2.5447,3.3071,1.8754,1.5091,1.5091,9000.8718,5181.3635,5181.3635,178937.3314,103005.5064
920174.BJ,20240318,20.27,1.6522,1.6522,0.79,23.4675,11.3303,2.5946,3.372,1.9122,1.48,1.48,9000.8718,5181.3635,5181.3635,182447.6714,105026.2381
920174.BJ,20240315,20.12,3.0013,3.0013,1.71,23.2939,11.2465,2.5754,3.3471,1.898,1.4911,1.4911,9000.8718,5181.3635,5181.3635,181097.5406,104249.0336
920174.BJ,20240314,19.3,2.0582,2.0582,1.22,22.3445,10.7881,2.4705,3.2106,1.8207,1.5544,1.5544,9000.8718,5181.3635,5181.3635,173716.8257,100000.3156
920174.BJ,20240313,20.02,2.1501,2.1501,1.33,23.1781,11.1906,2.5626,3.3304,1.8886,1.4985,1.4985,9000.8718,5181.3635,5181.3635,180197.4534,103730.8973
920174.BJ,20240312,20.9,1.3367,1.3367,0.67,24.1969,11.6825,2.6753,3.4768,1.9716,1.4354,1.4354,9000.8718,5181.3635,5181.3635,188118.2206,108290.4972
920174.BJ,20240311,21.37,1.8527,1.8527,0.72,24.7411,11.9452,2.7354,3.555,2.016,1.4038,1.4038,9000.8718,5181.3635,5181.3635,192348.6304,110725.738
920174.BJ,20240308,21.21,1.3907,1.3907,0.48,24.5558,11.8558,2.7149,3.5284,2.0009,1.4144,1.4144,9000.8718,5181.3635,5181.3635,190908.4909,109896.7198
920174.BJ,20240307,21.2,1.7313,1.7313,0.55,24.5442,11.8502,2.7137,3.5267,1.9999,1.4151,1.4151,9000.8718,5181.3635,5181.3635,190818.4822,109844.9062
920174.BJ,20240306,21.23,1.7867,1.7867,0.48,24.579,11.8669,2.7175,3.5317,2.0028,1.4131,1.4131,9000.8718,5181.3635,5181.3635,191088.5083,110000.3471
920174.BJ,20240305,21.3,3.1717,3.1717,0.77,24.66,11.9061,2.7265,3.5434,2.0094,1.4085,1.4085,9000.8718,5181.3635,5181.3635,191718.5693,110363.0426
920174.BJ,20240304,22.36,4.7782,4.7782,1.14,25.8872,12.4986,2.8621,3.7197,2.1094,1.3417,1.3417,9000.8718,5181.3635,5181.3635,201259.4934,115855.2879
920174.BJ,20240301,21.53,3.1674,3.1674,0.74,24.9263,12.0346,2.7559,3.5816,2.0311,1.3934,1.3934,9000.8718,5181.3635,5181.3635,193788.7699,111554.7562
920174.BJ,20240229,21.28,2.8421,2.8421,0.65,24.6369,11.8949,2.7239,3.54,2.0075,1.4098,1.4098,9000.8718,5181.3635,5181.3635,191538.5519,110259.4153
920174.BJ,20240228,20.86,4.5418,4.5418,1.08,24.1506,11.6601,2.6701,3.4702,1.9679,1.4382,1.4382,9000.8718,5181.3635,5181.3635,187758.1857,108083.2426
920174.BJ,20240227,22.14,5.2993,5.2993,1.35,25.6325,12.3756,2.834,3.6831,2.0886,1.355,1.355,9000.8718,5181.3635,5181.3635,199279.3017,114715.3879
920174.BJ,20240226,21.36,5.048,5.048,1.24,24.7295,11.9396,2.7341,3.5533,2.015,1.4045,1.4045,9000.8718,5181.3635,5181.3635,192258.6216,110673.9244
920174.BJ,20240223,20.13,3.6677,3.6677,0.89,23.3055,11.2521,2.5767,3.3487,1.899,1.4903,1.4903,9000.8718,5181.3635,5181.3635,181187.5493,104300.8473
920174.BJ,20240222,20.75,3.2966,3.2966,0.71,24.0233,11.5986,2.6561,3.4519,1.9575,1.4458,1.4458,9000.8718,5181.3635,5181.3635,186768.0899,107513.2926
920174.BJ,20240221,21.2,3.8039,3.8039,0.75,24.5442,11.8502,2.7137,3.5267,1.9999,1.4151,1.4151,9000.8718,5181.3635,5181.3635,190818.4822,109844.9062
920174.BJ,20240220,21.58,3.7652,3.7652,0.71,24.9842,12.0626,2.7623,3.5899,2.0358,1.3902,1.3902,9000.8718,5181.3635,5181.3635,194238.8134,111813.8243
920174.BJ,20240219,21.36,5.8634,5.8634,1.15,24.7295,11.9396,2.7341,3.5533,2.015,1.4045,1.4045,9000.8718,5181.3635,5181.3635,192258.6216,110673.9244
920174.BJ,20240208,21.96,3.9113,3.9113,0.78,25.4241,12.275,2.8109,3.6531,2.0716,1.3661,1.3661,9000.8718,5181.3635,5181.3635,197659.1447,113782.7425
920174.BJ,20240207,21.92,5.9935,5.9935,1.3,25.3778,12.2526,2.8058,3.6465,2.0679,1.3686,1.3686,9000.8718,5181.3635,5181.3635,197299.1099,113575.4879
920174.BJ,20240206,22.72,5.8229,5.8229,1.38,26.304,12.6998,2.9082,3.7796,2.1433,1.3204,1.3204,9000.8718,5181.3635,5181.3635,204499.8073,117720.5787
920174.BJ,20240205,20.42,4.8682,4.8682,1.09,23.6412,11.4142,2.6138,3.397,1.9264,1.4691,1.4691,9000.8718,5181.3635,5181.3635,183797.8022,105803.4427
920174.BJ,20240202,19.82,4.9329,4.9329,1.0,22.9466,11.0788,2.537,3.2971,1.8697,1.5136,1.5136,9000.8718,5181.3635,5181.3635,178397.2791,102694.6246
920174.BJ,20240201,20.62,3.4999,3.4999,0.54,23.8728,11.526,2.6394,3.4302,1.9452,1.4549,1.4549,9000.8718,5181.3635,5181.3635,185597.9765,106839.7154
920174.BJ,20240131,21.56,4.0103,4.0103,0.6,24.961,12.0514,2.7597,3.5866,2.0339,1.3915,1.3915,9000.8718,5181.3635,5181.3635,194058.796,111710.1971
920174.BJ,20240130,20.95,3.853,3.853,0.52,24.2548,11.7104,2.6817,3.4851,1.9763,1.432,1.432,9000.8718,5181.3635,5181.3635,188568.2642,108549.5653
920174.BJ,20240129,21.74,6.0955,6.0955,0.69,25.1694,12.152,2.7828,3.6165,2.0509,1.3799,1.3799,9000.8718,5181.3635,5181.3635,195678.9529,112642.8425
920174.BJ,20240126,23.83,7.1886,7.1886,0.8,27.5891,13.3203,3.0503,3.9642,2.248,1.2589,1.2589,9000.8718,5181.3635,5181.3635,214490.775,123471.8922
920174.BJ,20240125,24.59,11.3602,11.3602,1.45,28.469,13.7451,3.1476,4.0907,2.3197,1.22,1.22,9000.8718,5181.3635,5181.3635,221331.4376,127409.7285
920174.BJ,20240124,22.84,5.01,5.01,0.62,26.443,12.7669,2.9236,3.7995,2.1546,1.3135,1.3135,9000.8718,5181.3635,5181.3635,205579.9119,118342.3423
920174.BJ,20240123,23.45,7.7417,7.7417,1.0,27.1492,13.1079,3.0017,3.901,2.2122,1.2793,1.2793,9000.8718,5181.3635,5181.3635,211070.4437,121502.9741
920174.BJ,20240122,22.5,12.642,12.642,2.06,26.0493,12.5768,2.8801,3.743,2.1226,1.3333,1.3333,9000.8718,5181.3635,5181.3635,202519.6155,116580.6788
920174.BJ,20240119,22.45,8.3582,8.3582,1.44,25.9914,15.3203,3.0389,3.7347,2.4686,1.3363,1.3363,9000.8718,5181.3635,5181.3635,202069.5719,116321.6106
920174.BJ,20240118,20.59,5.5151,5.5151,1.01,23.838,14.051,2.7871,3.4252,2.2641,1.457,1.457,9000.8718,5181.3635,5181.3635,185327.9504,106684.2745
920174.BJ,20240117,19.15,5.9391,5.9391,1.12,22.1709,13.0683,2.5922,3.1857,2.1057,1.5666,1.5666,9000.8718,5181.3635,5181.3635,172366.695,99223.111
920174.BJ,20240116,19.09,6.2337,6.2337,1.08,22.1014,13.0274,2.584,3.1757,2.0991,1.5715,1.5715,9000.8718,5181.3635,5181.3635,171826.6427,98912.2292
920174.BJ,20240115,17.82,4.694,4.694,0.78,20.6311,12.1607,2.4121,2.9644,1.9595,1.6835,1.6835,9000.8718,5181.3635,5181.3635,160395.5355,92331.8976
920174.BJ,20240112,18.9,6.7143,6.7143,1.01,21.8814,12.8977,2.5583,3.1441,2.0782,1.5873,1.5873,9000.8718,5181.3635,5181.3635,170116.477,97927.7702
920174.BJ,20240111,20.41,3.772,3.772,0.47,23.6296,13.9281,2.7627,3.3953,2.2443,1.4699,1.4699,9000.8718,5181.3635,5181.3635,183707.7934,105751.629
920174.BJ,20240110,20.42,5.0355,5.0355,0.62,23.6412,13.935,2.7641,3.397,2.2454,1.4691,1.4691,9000.8718,5181.3635,5181.3635,183797.8022,105803.4427
920174.BJ,20240109,19.95,8.7211,8.7211,1.17,23.0971,13.6142,2.7005,3.3188,2.1937,1.5038,1.5038,9000.8718,5181.3635,5181.3635,179567.3924,103368.2018
920174.BJ,20240108,21.22,5.6691,5.6691,0.78,24.5674,14.4809,2.8724,3.53,2.3333,1.4138,1.4138,9000.8718,5181.3635,5181.3635,190998.4996,109948.5335
920174.BJ,20240105,22.34,9.9884,9.9884,1.59,25.8641,15.2452,3.024,3.7164,2.4565,1.3429,1.3429,9000.8718,5181.3635,5181.3635,201079.476,115751.6606
920174.BJ,20240104,22.75,10.4494,10.4494,2.05,26.3388,15.525,3.0795,3.7846,2.5016,1.3187,1.3187,9000.8718,5181.3635,5181.3635,204769.8335,117876.0196
920174.BJ,20240103,21.04,5.6847,5.6847,1.01,24.359,14.3581,2.848,3.5001,2.3135,1.4259,1.4259,9000.8718,5181.3635,5181.3635,189378.3427,109015.888
920174.BJ,20240102,20.53,5.4925,5.4925,0.85,23.7686,14.01,2.779,3.4153,2.2575,1.4613,1.4613,9000.8718,5181.3635,5181.3635,184787.8981,106373.3927
920174.BJ,20231229,20.01,4.5738,4.5738,0.63,23.1665,13.6552,2.7086,3.3288,2.2003,2.2489,1.4993,9000.8718,5181.3635,5181.3635,180107.4447,103679.0836
920174.BJ,20231228,19.8,5.1549,5.1549,0.59,22.9234,13.5119,2.6801,3.2938,2.1772,2.2727,1.5152,9000.8718,5181.3635,5181.3635,178217.2616,102590.9973
920174.BJ,20231227,19.39,4.609,4.609,0.5,22.4487,13.2321,2.6246,3.2256,2.1321,2.3208,1.5472,9000.8718,5181.3635,5181.3635,174526.9042,100466.6383
920174.BJ,20231226,19.85,8.3632,8.3632,1.02,22.9813,13.546,2.6869,3.3021,2.1827,2.267,1.5113,9000.8718,5181.3635,5181.3635,178667.3052,102850.0655
920174.BJ,20231225,20.2,9.4353,9.4353,1.29,23.3865,13.7848,2.7343,3.3604,2.2212,2.2277,1.4851,9000.8718,5181.3635,5181.3635,181817.6104,104663.5427
920174.BJ,20231222,19.25,8.6326,8.6326,1.44,22.2866,13.1365,2.6057,3.2023,2.1167,2.3377,1.5584,9000.8718,5181.3635,5181.3635,173266.7822,99741.2474
920174.BJ,20231221,18.17,12.6371,12.6371,2.92,21.0363,12.3995,2.4595,3.0227,1.998,2.4766,1.6511,9000.8718,5181.3635,5181.3635,163545.8406,94145.3748
920174.BJ,20231220,18.71,6.6168,6.6168,1.81,21.6615,12.768,2.5326,3.1125,2.0573,2.4051,1.6034,9000.8718,5181.3635,5181.3635,168406.3114,96943.3111
920174.BJ,20231219,17.97,3.855,3.855,1.16,20.8047,12.263,2.4324,2.9894,1.976,2.5042,1.6694,9000.8718,5181.3635,5181.3635,161745.6662,93109.1021
920174.BJ,20231218,18.21,4.7793,4.7793,1.55,21.0826,12.4268,2.4649,3.0293,2.0024,2.4712,1.6474,9000.8718,5181.3635,5181.3635,163905.8755,94352.6293
920174.BJ,20231215,17.71,2.0273,2.0273,0.58,20.5037,12.0856,2.3972,2.9461,1.9474,2.5409,1.694,9000.8718,5181.3635,5181.3635,159405.4396,91761.9476
920174.BJ,20231214,17.75,4.3511,4.3511,1.31,20.55,12.1129,2.4027,2.9528,1.9518,2.5352,1.6901,9000.8718,5181.3635,5181.3635,159765.4745,91969.2021
920174.BJ,20231213,17.61,3.2527,3.2527,0.93,20.3879,12.0174,2.3837,2.9295,1.9364,2.5554,1.7036,9000.8718,5181.3635,5181.3635,158505.3524,91243.8112
920174.BJ,20231212,17.15,2.2673,2.2673,0.52,19.8554,11.7035,2.3214,2.853,1.8858,2.6239,1.7493,9000.8718,5181.3635,5181.3635,154364.9514,88860.384
920174.BJ,20231211,17.07,3.4887,3.4887,0.82,19.7628,11.6489,2.3106,2.8397,1.877,2.6362,1.7575,9000.8718,5181.3635,5181.3635,153644.8816,88445.8749
920174.BJ,20231208,17.71,4.2089,4.2089,1.0,20.5037,12.0856,2.3972,2.9461,1.9474,2.5409,1.694,9000.8718,5181.3635,5181.3635,159405.4396,91761.9476
920174.BJ,20231207,17.47,3.4345,3.4345,0.76,20.2259,11.9218,2.3648,2.9062,1.921,2.5758,1.7172,9000.8718,5181.3635,5181.3635,157245.2303,90518.4203
920174.BJ,20231206,17.17,4.0869,4.0869,0.7,19.8785,11.7171,2.3241,2.8563,1.888,2.6209,1.7472,9000.8718,5181.3635,5181.3635,154544.9688,88964.0113
920174.BJ,20231205,17.45,6.7055,6.7055,0.96,20.2027,11.9082,2.362,2.9029,1.9188,2.5788,1.7192,9000.8718,5181.3635,5181.3635,157065.2129,90414.7931
920174.BJ,20231204,16.3,2.9344,2.9344,0.32,18.8713,11.1234,2.2064,2.7116,1.7923,2.7607,1.8405,9000.8718,5181.3635,5181.3635,146714.2103,84456.2251
920174.BJ,20231201,16.54,3.9819,3.9819,0.38,19.1491,11.2872,2.2389,2.7515,1.8187,2.7207,1.8138,9000.8718,5181.3635,5181.3635,148874.4196,85699.7523
920174.BJ,20231130,16.38,5.0119,5.0119,0.44,18.9639,11.178,2.2172,2.7249,1.8011,2.7473,1.8315,9000.8718,5181.3635,5181.3635,147434.2801,84870.7341
920174.BJ,20231129,16.05,10.5991,10.5991,0.98,18.5818,10.9528,2.1725,2.67,1.7648,2.8037,1.8692,9000.8718,5181.3635,5181.3635,144463.9924,83160.8842
920174.BJ,20231128,17.73,12.2871,12.2871,1.23,20.5269,12.0993,2.3999,2.9495,1.9496,2.5381,1.692,9000.8718,5181.3635,5181.3635,159585.457,91865.5749
920174.BJ,20231127,18.07,13.8834,13.8834,1.74,20.9205,12.3313,2.446,3.006,1.987,2.4903,1.6602,9000.8718,5181.3635,5181.3635,162645.7534,93627.2384
920174.BJ,20231124,16.58,10.2261,10.2261,1.59,19.1955,11.3145,2.2443,2.7582,1.8231,2.7141,1.8094,9000.8718,5181.3635,5181.3635,149234.4544,85907.0068
920174.BJ,20231123,15.18,9.7355,9.7355,1.99,17.5746,10.3591,2.0548,2.5253,1.6692,2.9644,1.9763,9000.8718,5181.3635,5181.3635,136633.2339,78653.0979
920174.BJ,20231122,15.39,8.122,8.122,2.1,17.8177,10.5024,2.0832,2.5602,1.6923,2.924,1.9493,9000.8718,5181.3635,5181.3635,138523.417,79741.1843
920174.BJ,20231121,14.43,7.9128,7.9128,2.96,16.7063,9.8473,1.9533,2.4005,1.5867,3.1185,2.079,9000.8718,5181.3635,5181.3635,129882.5801,74767.0753
920174.BJ,20231120,13.92,3.8951,3.8951,1.78,16.1158,9.4993,1.8842,2.3157,1.5306,3.2328,2.1552,9000.8718,5181.3635,5181.3635,125292.1355,72124.5799
920174.BJ,20231117,13.29,2.5096,2.5096,1.21,15.3865,9.0693,1.7989,2.2109,1.4614,3.386,2.2573,9000.8718,5181.3635,5181.3635,119621.5862,68860.3209
920174.BJ,20231116,13.35,2.0761,2.0761,1.0,15.4559,9.1103,1.8071,2.2208,1.468,3.3708,2.2472,9000.8718,5181.3635,5181.3635,120161.6385,69171.2027
920174.BJ,20231115,13.86,2.9138,2.9138,1.48,16.0464,9.4583,1.8761,2.3057,1.524,3.2468,2.1645,9000.8718,5181.3635,5181.3635,124752.0831,71813.6981
920174.BJ,20231114,13.64,1.953,1.953,0.99,15.7917,9.3082,1.8463,2.2691,1.4998,3.2991,2.1994,9000.8718,5181.3635,5181.3635,122771.8914,70673.7981
920174.BJ,20231113,13.66,1.4929,1.4929,0.74,15.8148,9.3218,1.849,2.2724,1.502,3.2943,2.1962,9000.8718,5181.3635,5181.3635,122951.9088,70777.4254
920174.BJ,20231110,13.48,1.9078,1.9078,0.94,15.6064,9.199,1.8247,2.2425,1.4823,3.3383,2.2255,9000.8718,5181.3635,5181.3635,121331.7519,69844.78
920174.BJ,20231109,13.48,2.0796,2.0796,1.06,15.6064,9.199,1.8247,2.2425,1.4823,3.3383,2.2255,9000.8718,5181.3635,5181.3635,121331.7519,69844.78
920174.BJ,20231108,13.71,2.4067,2.4067,1.21,15.8727,9.3559,1.8558,2.2807,1.5075,3.2823,2.1882,9000.8718,5181.3635,5181.3635,123401.9524,71036.4936
920174.BJ,20231107,13.92,2.0203,2.0203,0.74,16.1158,9.4993,1.8842,2.3157,1.5306,3.2328,2.1552,9000.8718,5181.3635,5181.3635,125292.1355,72124.5799
920174.BJ,20231106,13.58,1.6874,1.6874,0.61,15.7222,9.2672,1.8382,2.2591,1.4932,3.3137,2.2091,9000.8718,5181.3635,5181.3635,122231.839,70362.9163
920174.BJ,20231103,13.25,1.923,1.923,0.68,15.3402,9.042,1.7935,2.2042,1.457,3.3962,2.2642,9000.8718,5181.3635,5181.3635,119261.5514,68653.0664
920174.BJ,20231102,13.2,1.784,1.784,0.62,15.2823,9.0079,1.7868,2.1959,1.4515,3.4091,2.2727,9000.8718,5181.3635,5181.3635,118811.5078,68393.9982
920174.BJ,20231101,13.31,2.4923,2.4923,0.87,15.4096,9.083,1.8017,2.2142,1.4636,3.3809,2.2539,9000.8718,5181.3635,5181.3635,119801.6037,68963.9482
920174.BJ,20231031,13.71,5.7444,5.9289,2.76,15.8727,9.3559,1.8558,2.2807,1.5075,3.2823,2.1882,9000.8718,5181.3635,5020.1412,123401.9524,71036.4936
920174.BJ,20231030,12.34,1.8246,1.8832,0.83,14.2866,10.5365,1.789,2.0528,1.6337,3.6467,2.4311,9000.8718,5181.3635,5020.1412,111070.758,63938.0256
920174.BJ,20231027,12.29,2.2667,2.3395,1.15,14.2287,10.4938,1.7817,2.0445,1.6271,3.6615,2.441,9000.8718,5181.3635,5020.1412,110620.7144,63678.9574
920174.BJ,20231026,11.71,1.9717,2.035,1.02,13.5572,9.9986,1.6976,1.948,1.5503,3.8429,2.5619,9000.8718,5181.3635,5020.1412,105400.2088,60673.7666
920174.BJ,20231025,11.9,2.4354,2.5136,1.45,13.7772,10.1608,1.7252,1.9796,1.5755,3.7815,2.521,9000.8718,5181.3635,5020.1412,107110.3744,61658.2257
920174.BJ,20231024,11.45,1.9157,1.9772,1.25,13.2562,9.7766,1.6599,1.9048,1.5159,3.9301,2.6201,9000.8718,5181.3635,5020.1412,103059.9821,59326.6121
920174.BJ,20231023,10.88,2.4512,2.5299,1.55,12.5963,9.2899,1.5773,1.8099,1.4404,4.136,2.7574,9000.8718,5181.3635,5020.1412,97929.4852,56373.2349
920174.BJ,20231020,10.76,1.0391,1.0725,0.59,12.4574,9.1874,1.5599,1.79,1.4245,4.1822,2.7881,9000.8718,5181.3635,5020.1412,96849.3806,55751.4713
920174.BJ,20231019,10.54,1.8443,1.9035,1.19,12.2027,8.9996,1.528,1.7534,1.3954,4.2694,2.8463,9000.8718,5181.3635,5020.1412,94869.1888,54611.5713
920174.BJ,20231018,11.15,1.1364,1.1729,0.74,12.9089,9.5204,1.6164,1.8549,1.4762,4.0359,2.6906,9000.8718,5181.3635,5020.1412,100359.7206,57772.203
920174.BJ,20231017,11.13,1.1803,1.2182,0.67,12.8857,9.5033,1.6135,1.8515,1.4735,4.0431,2.6954,9000.8718,5181.3635,5020.1412,100179.7031,57668.5758
920174.BJ,20231016,11.06,2.7003,2.787,1.62,12.8047,9.4436,1.6034,1.8399,1.4642,4.0687,2.7125,9000.8718,5181.3635,5020.1412,99549.6421,57305.8803
920174.BJ,20231013,11.76,1.9706,2.0339,0.97,13.6151,10.0413,1.7049,1.9563,1.5569,3.8265,2.551,9000.8718,5181.3635,5020.1412,105850.2524,60932.8348
920174.BJ,20231012,12.33,0.7726,0.7974,0.34,14.275,10.528,1.7875,2.0512,1.6324,3.6496,2.4331,9000.8718,5181.3635,5020.1412,110980.7493,63886.212
920174.BJ,20231011,12.34,1.06,1.094,0.38,14.2866,10.5365,1.789,2.0528,1.6337,3.6467,2.4311,9000.8718,5181.3635,5020.1412,111070.758,63938.0256
920174.BJ,20231010,12.53,2.2655,2.3382,0.83,14.5066,10.6987,1.8165,2.0844,1.6589,3.5914,2.3943,9000.8718,5181.3635,5020.1412,112780.9237,64922.4847
920174.BJ,20231009,12.9,2.2718,2.3447,0.77,14.9349,11.0147,1.8701,2.146,1.7078,3.4884,2.3256,9000.8718,5181.3635,5020.1412,116111.2462,66839.5892
920174.BJ,20230928,13.25,3.7773,3.8986,1.41,15.3402,11.3135,1.9209,2.2042,1.7542,3.3962,2.2642,9000.8718,5181.3635,5020.1412,119261.5514,68653.0664
920174.BJ,20230927,12.38,2.0914,2.1586,0.6,14.3329,10.5707,1.7947,2.0595,1.639,3.6349,2.4233,9000.8718,5181.3635,5020.1412,111430.7929,64145.2801
920174.BJ,20230926,12.38,3.6418,3.7588,0.82,14.3329,10.5707,1.7947,2.0595,1.639,3.6349,2.4233,9000.8718,5181.3635,5020.1412,111430.7929,64145.2801
920174.BJ,20230925,13.1,1.8631,1.9229,0.38,15.1665,11.1854,1.8991,2.1792,1.7343,3.4351,2.2901,9000.8718,5181.3635,5020.1412,117911.4206,67875.8619
920174.BJ,20230922,13.28,3.4277,3.5378,0.67,15.3749,11.3391,1.9252,2.2092,1.7582,3.3886,2.259,9000.8718,5181.3635,5020.1412,119531.5775,68808.5073
920174.BJ,20230921,13.55,2.3952,2.4721,0.41,15.6875,11.5697,1.9644,2.2541,1.7939,3.321,2.214,9000.8718,5181.3635,5020.1412,121961.8129,70207.4754
920174.BJ,20230920,13.45,6.0069,6.1998,0.93,15.5717,11.4843,1.9499,2.2375,1.7807,3.3457,2.2305,9000.8718,5181.3635,5020.1412,121061.7257,69689.3391
920174.BJ,20230919,14.17,8.3861,8.6554,1.49,16.4053,12.0991,2.0542,2.3572,1.876,3.1757,2.1171,9000.8718,5181.3635,5020.1412,127542.3534,73419.9208
920174.BJ,20230918,15.18,4.066,4.1965,0.72,17.5746,12.9614,2.2007,2.5253,2.0097,2.9644,1.9763,9000.8718,5181.3635,5020.1412,136633.2339,78653.0979
920174.BJ,20230915,14.6,4.5658,4.7124,0.79,16.9031,12.4662,2.1166,2.4288,1.9329,3.0822,2.0548,9000.8718,5181.3635,5020.1412,131412.7283,75647.9071
920174.BJ,20230914,14.38,6.1456,6.343,1.06,16.6484,12.2784,2.0847,2.3922,1.9038,3.1293,2.0862,9000.8718,5181.3635,5020.1412,129432.5365,74508.0071
920174.BJ,20230913,14.55,9.1352,9.4286,1.53,16.8452,12.4235,2.1093,2.4205,1.9263,3.0928,2.0619,9000.8718,5181.3635,5020.1412,130962.6847,75388.8389
920174.BJ,20230912,13.43,4.318,4.4567,0.62,15.5485,11.4672,1.947,2.2341,1.778,3.3507,2.2338,9000.8718,5181.3635,5020.1412,120881.7083,69585.7118
920174.BJ,20230911,12.97,4.0513,4.1814,0.45,15.016,11.0744,1.8803,2.1576,1.7171,3.4695,2.313,9000.8718,5181.3635,5020.1412,116741.3072,67202.2846
920174.BJ,20230908,12.99,5.1271,5.2917,0.54,15.0391,11.0915,1.8832,2.1609,1.7198,3.4642,2.3095,9000.8718,5181.3635,5020.1412,116921.3247,67305.9119
920174.BJ,20230907,13.8,6.4475,6.6545,0.76,15.9769,11.7831,2.0006,2.2957,1.827,3.2609,2.1739,9000.8718,5181.3635,5020.1412,124212.0308,71502.8163
920174.BJ,20230906,13.9,9.8616,10.1783,1.47,16.0927,11.8685,2.0151,2.3123,1.8402,3.2374,2.1583,9000.8718,5181.3635,5020.1412,125112.118,72020.9527
920174.BJ,20230905,13.02,9.4289,9.7317,1.82,15.0739,11.1171,1.8875,2.1659,1.7237,3.4562,2.3041,9000.8718,5181.3635,5020.1412,117191.3508,67461.3528
920174.BJ,20230904,14.02,14.2175,14.6741,4.99,16.2316,11.971,2.0325,2.3323,1.8561,3.2097,2.1398,9000.8718,5181.3635,5020.1412,126192.2226,72642.7163
920174.BJ,20230901,11.13,7.6463,7.8918,4.58,12.8857,9.5033,1.6135,1.8515,1.4735,4.0431,2.6954,9000.8718,5181.3635,5020.1412,100179.7031,57668.5758
920174.BJ,20230831,9.72,1.377,1.4212,0.74,11.2533,8.2994,1.4091,1.617,1.2868,4.6296,3.0864,9000.8718,5181.3635,5020.1412,87488.4739,50362.8532
920174.BJ,20230830,9.7,0.7909,0.8162,0.34,11.2302,8.2823,1.4062,1.6136,1.2842,4.6392,3.0928,9000.8718,5181.3635,5020.1412,87308.4565,50259.226
920174.BJ,20230829,9.71,1.8271,1.8595,0.5,11.2417,8.2909,1.4077,1.6153,1.2855,4.6344,3.0896,9000.8718,5181.3635,5091.1831,87398.4652,50311.0396
920174.BJ,20230828,9.61,2.6146,2.6609,0.8,11.126,8.2055,1.3932,1.5987,1.2723,4.6826,3.1217,9000.8718,5181.3635,5091.1831,86498.378,49792.9032
920174.BJ,20230825,9.63,1.7346,1.7654,0.57,11.1491,8.2226,1.3961,1.602,1.2749,4.6729,3.1153,9000.8718,5181.3635,5091.1831,86678.3954,49896.5305
920174.BJ,20230824,9.64,2.3457,2.3872,0.89,11.1607,8.2311,1.3975,1.6037,1.2763,4.668,3.112,9000.8718,5181.3635,5091.1831,86768.4042,49948.3441
920174.BJ,20230823,9.26,3.2303,3.2875,1.58,10.7207,7.9066,1.3424,1.5404,1.2259,4.8596,3.2397,9000.8718,5181.3635,5091.1831,83348.0729,47979.426
920174.BJ,20230822,9.54,8.5096,8.6603,22.24,11.0449,8.1457,1.383,1.587,1.263,4.717,3.1447,9000.8718,5181.3635,5091.1831,85868.317,49430.2078
920174.BJ,20230821,8.72,0.449,0.4569,1.31,10.0956,9.4844,1.3502,1.4506,1.3637,5.1606,3.4404,9000.8718,5181.3635,5091.1831,78487.6021,45181.4897
920174.BJ,20230818,8.83,0.652,0.6635,2.22,10.2229,9.604,1.3672,1.4689,1.3809,5.0963,3.3975,9000.8718,5181.3635,5091.1831,79477.698,45751.4397
920174.BJ,20230817,8.78,0.3933,0.4003,1.24,10.165,9.5496,1.3595,1.4606,1.3731,5.1253,3.4169,9000.8718,5181.3635,5091.1831,79027.6544,45492.3715
920174.BJ,20230816,8.61,0.2483,0.2527,0.52,9.9682,9.3647,1.3332,1.4323,1.3465,5.2265,3.4843,9000.8718,5181.3635,5091.1831,77497.5062,44611.5397
920174.BJ,20230815,8.66,0.1709,0.174,0.2,10.0261,9.4191,1.3409,1.4406,1.3543,5.1963,3.4642,9000.8718,5181.3635,5091.1831,77947.5498,44870.6079
920174.BJ,20230814,8.57,0.2531,0.2576,0.23,9.9219,9.3212,1.327,1.4257,1.3402,5.2509,3.5006,9000.8718,5181.3635,5091.1831,77137.4713,44404.2852
920174.BJ,20230811,8.64,0.4027,0.4098,0.34,10.0029,9.3973,1.3378,1.4373,1.3512,5.2083,3.4722,9000.8718,5181.3635,5091.1831,77767.5324,44766.9806
920174.BJ,20230810,8.69,0.5169,0.526,0.42,10.0608,9.4517,1.3455,1.4456,1.359,5.1784,3.4522,9000.8718,5181.3635,5091.1831,78217.5759,45026.0488
920174.BJ,20230809,8.8,1.04,1.04,0.82,10.1882,9.5714,1.3626,1.4639,1.3762,5.1136,3.4091,9000.8718,5181.3635,5181.3635,79207.6718,45595.9988
920174.BJ,20230808,8.91,2.15,2.15,1.72,10.3155,9.691,1.3796,1.4822,1.3934,5.0505,3.367,9000.8718,5181.3635,5181.3635,80197.7677,46165.9488
920174.BJ,20230807,8.62,1.4333,1.4333,1.33,9.9798,9.3756,1.3347,1.434,1.348,5.2204,3.4803,9000.8718,5181.3635,5181.3635,77587.5149,44663.3534
920174.BJ,20230804,8.47,0.7455,0.7455,0.67,9.8061,9.2124,1.3115,1.409,1.3246,5.3129,3.5419,9000.8718,5181.3635,5181.3635,76237.3841,43886.1488
920174.BJ,20230803,8.46,0.8131,0.8131,0.73,9.7945,9.2016,1.3099,1.4074,1.323,5.3191,3.5461,9000.8718,5181.3635,5181.3635,76147.3754,43834.3352
920174.BJ,20230802,8.48,1.1631,1.1631,1.21,9.8177,9.2233,1.313,1.4107,1.3261,5.3066,3.5377,9000.8718,5181.3635,5181.3635,76327.3929,43937.9625
920174.BJ,20230801,8.53,2.0886,2.0886,2.92,9.8756,9.2777,1.3208,1.419,1.334,5.2755,3.517,9000.8718,5181.3635,5181.3635,76777.4365,44197.0307
920174.BJ,20230731,8.23,0.5658,0.5658,0.76,9.5283,8.9514,1.2743,1.3691,1.287,5.4678,3.6452,9000.8718,5181.3635,5181.3635,74077.1749,42642.6216
920174.BJ,20230728,8.15,0.9084,0.9084,1.31,9.4356,8.8644,1.2619,1.3558,1.2745,5.5215,3.681,9000.8718,5181.3635,5181.3635,73357.1052,42228.1125
920174.BJ,20230727,7.99,0.8419,0.8419,1.3,9.2504,8.6904,1.2372,1.3292,1.2495,5.632,3.7547,9000.8718,5181.3635,5181.3635,71916.9657,41399.0944
920174.BJ,20230726,8.07,0.4165,0.4165,0.61,9.343,8.7774,1.2495,1.3425,1.262,5.5762,3.7175,9000.8718,5181.3635,5181.3635,72637.0354,41813.6034
920174.BJ,20230725,8.13,0.844,0.9126,1.13,9.4125,8.8426,1.2588,1.3525,1.2714,5.5351,3.69,9000.8718,5181.3635,4791.843,73177.0877,42124.4853
920174.BJ,20230724,8.08,0.6938,0.7502,0.95,9.3546,8.7883,1.2511,1.3441,1.2636,5.5693,3.7129,9000.8718,5181.3635,4791.843,72727.0441,41865.4171
920174.BJ,20230721,8.11,0.6837,0.7393,0.84,9.3893,8.8209,1.2557,1.3491,1.2683,5.5487,3.6991,9000.8718,5181.3635,4791.843,72997.0703,42020.858
920174.BJ,20230720,8.16,0.6096,0.6591,0.75,9.4472,8.8753,1.2635,1.3575,1.2761,5.5147,3.6765,9000.8718,5181.3635,4791.843,73447.1139,42279.9262
920174.BJ,20230719,8.19,0.5955,0.6439,0.72,9.482,8.9079,1.2681,1.3624,1.2808,5.4945,3.663,9000.8718,5181.3635,4791.843,73717.14,42435.3671
920174.BJ,20230718,8.19,1.1529,1.2467,1.33,9.482,8.9079,1.2681,1.3624,1.2808,5.4945,3.663,9000.8718,5181.3635,4791.843,73717.14,42435.3671
920174.BJ,20230717,8.35,0.6219,0.6724,0.65,9.6672,9.0819,1.2929,1.3891,1.3058,5.3892,3.5928,9000.8718,5181.3635,4791.843,75157.2795,43264.3852
920174.BJ,20230714,8.45,1.0726,1.1598,1.19,9.783,9.1907,1.3084,1.4057,1.3215,5.3254,3.5503,9000.8718,5181.3635,4791.843,76057.3667,43782.5216
920174.BJ,20230713,8.3,0.618,0.677,0.55,9.6093,9.0275,1.2852,1.3807,1.298,5.4217,3.6145,9000.8718,5181.3635,4729.8796,74707.2359,43005.3171
920174.BJ,20230712,8.28,0.6712,0.7353,0.48,9.5861,9.0058,1.2821,1.3774,1.2949,5.4348,3.6232,9000.8718,5181.3635,4729.8796,74527.2185,42901.6898
920174.BJ,20230711,8.37,1.3629,1.3629,0.92,9.6903,9.1037,1.296,1.3924,1.3089,5.3763,3.5842,9000.8718,5181.3635,5181.3635,75337.297,43368.0125
920174.BJ,20230710,8.36,1.0758,1.2546,0.59,9.6788,9.0928,1.2944,1.3907,1.3074,5.3828,3.5885,9000.8718,5181.3635,4442.8472,75247.2882,43316.1989
920174.BJ,20230707,8.32,0.7634,0.8903,0.39,9.6325,9.0493,1.2882,1.3841,1.3011,5.4087,3.6058,9000.8718,5181.3635,4442.8472,74887.2534,43108.9443
920174.BJ,20230706,8.38,1.7725,2.0671,0.87,9.7019,9.1145,1.2975,1.3941,1.3105,5.3699,3.58,9000.8718,5181.3635,4442.8472,75427.3057,43419.8261
920174.BJ,20230705,8.49,2.0204,2.3562,1.12,9.8293,9.2342,1.3146,1.4124,1.3277,5.3004,3.5336,9000.8718,5181.3635,4442.8472,76417.4016,43989.7761
920174.BJ,20230704,8.45,1.759,2.0514,0.99,9.783,9.1907,1.3084,1.4057,1.3215,5.3254,3.5503,9000.8718,5181.3635,4442.8472,76057.3667,43782.5216
920174.BJ,20230703,8.59,2.7782,2.7782,2.04,9.9451,9.343,1.3301,1.429,1.3433,5.2386,3.4924,9000.8718,5181.3635,5181.3635,77317.4888,44507.9125
920174.BJ,20230630,8.23,1.5645,1.5645,1.09,9.5283,8.9514,1.2743,1.3691,1.287,5.4678,3.6452,9000.8718,5181.3635,5181.3635,74077.1749,42642.6216
920174.BJ,20230629,8.14,2.0474,2.0474,1.67,9.4241,8.8535,1.2604,1.3541,1.273,5.5283,3.6855,9000.8718,5181.3635,5181.3635,73267.0965,42176.2989
920174.BJ,20230628,8.03,0.8723,0.8723,0.66,9.2967,8.7339,1.2433,1.3358,1.2558,5.604,3.736,9000.8718,5181.3635,5181.3635,72277.0006,41606.3489
920174.BJ,20230627,8.09,1.5922,1.5922,1.49,9.3662,8.7991,1.2526,1.3458,1.2652,5.5624,3.7083,9000.8718,5181.3635,5181.3635,72817.0529,41917.2307
920174.BJ,20230626,8.01,0.7219,0.8652,0.67,9.2736,8.7121,1.2403,1.3325,1.2526,5.618,3.7453,9000.8718,5181.3635,4323.4125,72096.9831,41502.7216
920174.BJ,20230621,8.12,1.9625,2.3519,2.39,9.4009,8.8318,1.2573,1.3508,1.2698,5.5419,3.6946,9000.8718,5181.3635,4323.4125,73087.079,42072.6716
920174.BJ,20230620,7.96,0.9731,1.1662,1.33,9.2157,8.6577,1.2325,1.3242,1.2448,5.6533,3.7688,9000.8718,5181.3635,4323.4125,71646.9395,41243.6535
920174.BJ,20230619,8.0,1.3642,1.8249,2.29,9.262,8.7012,1.2387,1.3308,1.2511,5.625,3.75,9000.8718,5181.3635,3873.4192,72006.9744,41450.908
920174.BJ,20230616,8.25,0.3219,0.4306,0.39,9.5514,8.9732,1.2774,1.3724,1.2902,5.4545,3.6364,9000.8718,5181.3635,3873.4192,74257.1924,42746.2489
920174.BJ,20230615,8.17,0.7446,0.9961,0.95,9.4588,8.8861,1.265,1.3591,1.2777,5.508,3.672,9000.8718,5181.3635,3873.4192,73537.1226,42331.7398
920174.BJ,20230614,8.34,0.699,0.9351,0.91,9.6556,9.071,1.234,1.3874,1.3043,5.3957,,9000.8718,5181.3635,3873.4192,75067.2708,43212.5716
920174.BJ,20230613,8.23,0.5214,0.6974,0.69,9.5283,8.9514,1.2177,1.3691,1.287,5.4678,,9000.8718,5181.3635,3873.4192,74077.1749,42642.6216
920174.BJ,20230612,8.18,0.6889,0.9215,1.01,9.4704,8.897,1.2104,1.3608,1.2792,5.5012,,9000.8718,5181.3635,3873.4192,73627.1313,42383.5534
920174.BJ,20230609,8.16,1.503,2.0105,2.41,9.4472,8.8753,1.2074,1.3575,1.2761,5.5147,,9000.8718,5181.3635,3873.4192,73447.1139,42279.9262
920174.BJ,20230608,8.34,0.4883,0.6532,0.63,9.6556,9.071,1.234,1.3874,1.3043,5.3957,,9000.8718,5181.3635,3873.4192,75067.2708,43212.5716
920174.BJ,20230607,8.45,0.656,0.8775,0.76,9.783,9.1907,1.2503,1.4057,1.3215,5.3254,,9000.8718,5181.3635,3873.4192,76057.3667,43782.5216
920174.BJ,20230606,8.25,0.4662,0.6236,0.51,9.5514,8.9732,1.2207,1.3724,1.2902,5.4545,,9000.8718,5181.3635,3873.4192,74257.1924,42746.2489
920174.BJ,20230605,8.4,0.3121,0.4175,0.31,9.7251,9.1363,1.2429,1.3974,1.3136,5.3571,,9000.8718,5181.3635,3873.4192,75607.3231,43523.4534
920174.BJ,20230602,8.54,1.195,1.5985,1.29,9.8872,9.2886,1.2636,1.4207,1.3355,5.2693,,9000.8718,5181.3635,3873.4192,76867.4452,44248.8443
920174.BJ,20230601,8.55,1.2697,1.6984,1.06,9.8987,9.2995,1.2651,1.4223,1.3371,5.2632,,9000.8718,5181.3635,3873.4192,76957.4539,44300.6579
920174.BJ,20230531,8.55,1.0572,1.4142,0.77,9.8987,9.2995,1.2651,1.4223,1.3371,5.2632,,9000.8718,5181.3635,3873.4192,76957.4539,44300.6579
920174.BJ,20230530,8.27,0.751,1.0046,0.48,9.5746,8.9949,1.2237,1.3758,1.2933,5.4414,,9000.8718,5181.3635,3873.4192,74437.2098,42849.8761
920174.BJ,20230529,8.21,0.8213,1.0987,0.52,9.5051,8.9296,1.2148,1.3658,1.2839,5.4811,5.4811,9000.8718,5181.3635,3873.4192,73897.1575,42538.9943
920174.BJ,20230526,8.42,0.7291,0.9752,0.43,9.7482,9.1581,1.2459,1.4007,1.3168,5.3444,5.3444,9000.8718,5181.3635,3873.4192,75787.3406,43627.0807
920174.BJ,20230525,8.39,2.6025,3.4813,1.57,9.7135,9.1254,1.2414,1.3957,1.3121,5.3635,5.3635,9000.8718,5181.3635,3873.4192,75517.3144,43471.6398
920174.BJ,20230524,8.6,1.9876,2.6588,1.22,9.9566,9.3538,1.2725,1.4306,1.3449,5.2326,5.2326,9000.8718,5181.3635,3873.4192,77407.4975,44559.7261
920174.BJ,20230523,8.71,1.6138,2.1587,1.01,10.084,9.4735,1.2888,1.4489,1.3621,5.1665,5.1665,9000.8718,5181.3635,3873.4192,78397.5934,45129.6761
920174.BJ,20230522,8.84,1.0052,1.3446,0.65,10.2345,9.6149,1.308,1.4706,1.3824,5.0905,5.0905,9000.8718,5181.3635,3873.4192,79567.7067,45803.2533
920174.BJ,20230519,9.08,1.2135,1.6232,0.71,10.5123,9.8759,1.3435,1.5105,1.42,4.9559,4.9559,9000.8718,5181.3635,3873.4192,81727.9159,47046.7806
920174.BJ,20230518,9.08,2.4904,3.3314,1.67,10.5123,9.8759,1.3435,1.5105,1.42,4.9559,4.9559,9000.8718,5181.3635,3873.4192,81727.9159,47046.7806
920174.BJ,20230517,8.74,1.7987,2.4061,1.16,10.1187,9.5061,1.2932,1.4539,1.3668,5.1487,5.1487,9000.8718,5181.3635,3873.4192,78667.6195,45285.117
920174.BJ,20230516,8.3,1.4615,1.9709,0.68,9.6093,9.0275,1.2281,1.3807,1.298,5.4217,5.4217,9000.8718,5181.3635,3842.3577,74707.2359,43005.3171
920174.BJ,20230515,8.5,0.7652,1.0318,0.23,9.8409,9.2451,1.2577,1.414,1.3293,5.2941,5.2941,9000.8718,5181.3635,3842.3577,76507.4103,44041.5898
920174.BJ,20230512,8.6,1.9794,2.6691,0.45,9.9566,9.3538,1.2725,1.4306,1.3449,5.2326,5.2326,9000.8718,5181.3635,3842.3577,77407.4975,44559.7261
920174.BJ,20230511,8.9,1.4537,1.9603,0.3,10.304,9.6801,1.3169,1.4806,1.3918,5.0562,5.0562,9000.8718,5181.3635,3842.3577,80107.759,46114.1352
920174.BJ,20230510,8.74,2.1028,2.8356,0.41,10.1187,9.5061,1.2932,1.4539,1.3668,5.1487,5.1487,9000.8718,5181.3635,3842.3577,78667.6195,45285.117
920174.BJ,20230509,8.96,4.5103,6.0821,0.92,10.3734,9.7454,1.3258,1.4905,1.4012,5.0223,5.0223,9000.8718,5181.3635,3842.3577,80647.8113,46425.017
920174.BJ,20230508,9.65,6.6487,9.1494,1.82,11.1723,10.4959,1.4279,1.6053,1.5091,4.6632,4.6632,9000.8718,5181.3635,3765.1629,86858.4129,50000.1578
920174.BJ,20230505,9.5,7.2818,9.7609,3.27,10.9986,10.3327,1.4057,1.5804,1.4857,4.7368,4.7368,9000.8718,5181.3635,3865.3815,85508.2821,49222.9533
920174.BJ,20230504,8.38,3.9009,5.229,2.65,9.7019,9.1145,1.2399,1.3941,1.3105,5.3699,5.3699,9000.8718,5181.3635,3865.3815,75427.3057,43419.8261
920174.BJ,20230428,8.05,3.3287,4.9455,3.85,9.3199,8.7556,1.1911,1.3392,1.2589,5.5901,5.5901,9000.8718,5181.3635,3487.4498,72457.018,41709.9762
920174.BJ,20230427,7.6,3.4294,4.6458,14.0,8.7989,8.2662,1.1245,1.2643,1.1885,5.9211,5.9211,9000.8718,5181.3635,3824.7286,68406.6257,39378.3626
920174.BJ,20230426,7.38,0.2955,0.4084,1.07,8.5442,8.5442,1.1541,1.2277,1.2277,6.0976,6.0976,9000.8718,5286.5861,3824.7286,66426.4339,39015.0054
920174.BJ,20230425,7.25,0.1642,0.2269,0.36,8.3937,8.3937,1.1338,1.2061,1.2061,6.2069,6.2069,9000.8718,5286.5861,3824.7286,65256.3206,38327.7492
920174.BJ,20230424,7.24,0.1274,0.1761,0.24,8.3821,8.3821,1.1322,1.2044,1.2044,6.2155,6.2155,9000.8718,5286.5861,3824.7286,65166.3118,38274.8834
920174.BJ,20230421,7.19,0.2906,0.4119,0.51,8.3242,8.3242,1.1244,1.1961,1.1961,6.2587,6.2587,9000.8718,5286.5861,3729.5883,64716.2682,38010.5541
920174.BJ,20230420,7.3,0.3226,0.4573,0.56,8.4516,8.4516,1.1416,1.2144,1.2144,6.1644,6.1644,9000.8718,5286.5861,3729.5883,65706.3641,38592.0785
920174.BJ,20230419,7.31,0.4717,0.6687,0.91,8.4631,8.4631,1.1432,1.2161,1.2161,6.156,6.156,9000.8718,5286.5861,3729.5883,65796.3729,38644.9444
920174.BJ,20230418,7.38,1.0926,1.5487,3.23,8.5442,8.5442,1.1541,1.2277,1.2277,6.0976,6.0976,9000.8718,5286.5861,3729.5883,66426.4339,39015.0054
920174.BJ,20230417,7.49,0.516,0.7314,1.97,8.6715,8.6715,1.1713,1.246,1.246,6.008,6.008,9000.8718,5286.5861,3729.5883,67416.5298,39596.5299
920174.BJ,20230414,7.46,0.427,0.6053,2.16,8.6368,8.6368,1.1666,1.241,1.241,6.0322,6.0322,9000.8718,5286.5861,3729.5883,67146.5036,39437.9323
920174.BJ,20230413,7.5,0.3892,0.5516,2.31,8.6831,8.6831,1.1729,1.2477,1.2477,6.0,6.0,9000.8718,5286.5861,3729.5883,67506.5385,39649.3958
920174.BJ,20230412,7.52,0.1706,0.2418,1.04,6.8493,8.7132,1.1761,0.9805,1.251,5.984,5.984,9000.8718,5286.5861,3729.5883,67686.5559,39755.1275
920174.BJ,20230411,7.51,0.1892,0.2681,1.22,6.8402,8.7017,1.1746,0.9792,1.2493,5.992,5.992,9000.8718,5286.5861,3729.5883,67596.5472,39702.2616
920174.BJ,20230410,7.56,0.1336,0.1894,0.93,6.8858,8.7596,1.1824,0.9857,1.2576,5.9524,5.9524,9000.8718,5286.5861,3729.5883,68046.5908,39966.5909
920174.BJ,20230407,7.61,0.1078,0.1527,0.68,6.9313,8.8175,1.1902,0.9922,1.266,5.9133,5.9133,9000.8718,5286.5861,3729.5883,68496.6344,40230.9202
920174.BJ,20230406,7.55,0.2398,0.34,1.82,6.8766,8.748,1.1808,0.9844,1.256,5.9603,5.9603,9000.8718,5286.5861,3729.5883,67956.5821,39913.7251
920174.BJ,20230404,7.63,0.1506,0.2135,0.91,6.9495,8.8407,1.1933,0.9948,1.2693,5.8978,5.8978,9000.8718,5286.5861,3729.5883,68676.6518,40336.6519
920174.BJ,20230403,7.68,0.1424,0.2019,0.84,6.9951,8.8986,1.2011,1.0013,1.2776,5.8594,5.8594,9000.8718,5286.5861,3729.5883,69126.6954,40600.9812
920174.BJ,20230331,7.66,0.0763,0.1082,0.32,6.9768,8.8755,1.198,0.9987,1.2743,5.8747,5.8747,9000.8718,5286.5861,3729.5883,68946.678,40495.2495
920174.BJ,20230330,7.66,0.1802,0.2555,0.78,6.9768,8.8755,1.198,0.9987,1.2743,5.8747,5.8747,9000.8718,5286.5861,3729.5883,68946.678,40495.2495
920174.BJ,20230329,7.65,0.1105,0.1567,0.45,6.9677,8.8639,1.1965,0.9974,1.2726,5.8824,5.8824,9000.8718,5286.5861,3729.5883,68856.6693,40442.3837
920174.BJ,20230328,7.71,0.3171,0.4495,1.6,7.0224,8.9334,1.2058,1.0052,1.2826,5.8366,5.8366,9000.8718,5286.5861,3729.5883,69396.7216,40759.5788
920174.BJ,20230327,7.76,0.1681,0.2383,0.94,7.0679,8.9913,1.2137,1.0117,1.2909,5.799,5.799,9000.8718,5286.5861,3729.5883,69846.7652,41023.9081
920174.BJ,20230324,7.84,0.4083,0.5788,3.64,7.1408,9.084,1.2262,1.0222,1.3042,5.7398,5.7398,9000.8718,5286.5861,3729.5883,70566.8349,41446.835
920174.BJ,20230323,7.86,0.1441,0.2043,1.24,7.159,9.1072,1.2293,1.0248,1.3075,5.7252,5.7252,9000.8718,5286.5861,3729.5883,70746.8523,41552.5667
920174.BJ,20230322,7.91,0.1805,0.2558,1.73,7.2045,9.1651,1.2371,1.0313,1.3159,5.689,5.689,9000.8718,5286.5861,3729.5883,71196.8959,41816.8961
920174.BJ,20230321,7.86,0.0895,0.1268,0.7,7.159,9.1072,1.2293,1.0248,1.3075,5.7252,5.7252,9000.8718,5286.5861,3729.5883,70746.8523,41552.5667
920174.BJ,20230320,7.78,0.0701,0.0993,0.48,7.0861,9.0145,1.2168,1.0144,1.2942,5.7841,5.7841,9000.8718,5286.5861,3729.5883,70026.7826,41129.6399
920174.BJ,20230317,7.78,0.0761,0.1079,0.37,7.0861,9.0145,1.2168,1.0144,1.2942,5.7841,5.7841,9000.8718,5286.5861,3729.5883,70026.7826,41129.6399
920174.BJ,20230316,7.71,0.1652,0.2341,0.8,7.0224,8.9334,1.2058,1.0052,1.2826,5.8366,5.8366,9000.8718,5286.5861,3729.5883,69396.7216,40759.5788
920174.BJ,20230315,7.84,0.1199,0.17,0.54,7.1408,9.084,1.2262,1.0222,1.3042,5.7398,5.7398,9000.8718,5286.5861,3729.5883,70566.8349,41446.835
920174.BJ,20230314,7.79,0.2062,0.2923,0.86,7.0952,9.0261,1.2183,1.0157,1.2959,5.7766,5.7766,9000.8718,5286.5861,3729.5883,70116.7913,41182.5057
920174.BJ,20230313,7.88,0.1633,0.2314,0.61,7.1772,9.1304,1.2324,1.0274,1.3109,5.7107,5.7107,9000.8718,5286.5861,3729.5883,70926.8698,41658.2985
920174.BJ,20230310,7.88,0.3757,0.5325,1.56,7.1772,9.1304,1.2324,1.0274,1.3109,5.7107,5.7107,9000.8718,5286.5861,3729.5883,70926.8698,41658.2985
920174.BJ,20230309,8.0,0.1658,0.235,0.6,7.2865,9.2694,1.2512,1.043,1.3308,5.625,5.625,9000.8718,5286.5861,3729.5883,72006.9744,42292.6888
920174.BJ,20230308,7.99,0.2096,0.2971,0.81,7.2774,9.2578,1.2496,1.0417,1.3292,5.632,5.632,9000.8718,5286.5861,3729.5883,71916.9657,42239.8229
920174.BJ,20230307,8.0,0.291,0.4124,1.25,7.2865,9.2694,1.2512,1.043,1.3308,5.625,5.625,9000.8718,5286.5861,3729.5883,72006.9744,42292.6888
920174.BJ,20230306,8.13,0.3031,0.4296,1.37,7.4049,9.42,1.2715,1.06,1.3525,5.5351,5.5351,9000.8718,5286.5861,3729.5883,73177.0877,42979.945
920174.BJ,20230303,8.18,0.2356,0.334,1.15,7.4505,9.478,1.2793,1.0665,1.3608,5.5012,5.5012,9000.8718,5286.5861,3729.5883,73627.1313,43244.2743
920174.BJ,20230302,8.2,0.3331,0.4722,1.32,7.4687,9.5011,1.2825,1.0691,1.3641,5.4878,5.4878,9000.8718,5286.5861,3729.5883,73807.1488,43350.006
920174.BJ,20230301,8.28,0.1379,0.1955,0.49,7.5415,9.5938,1.295,1.0795,1.3774,5.4348,5.4348,9000.8718,5286.5861,3729.5883,74527.2185,43772.9329
920174.BJ,20230228,8.19,0.1513,0.2145,0.48,7.4596,9.4896,1.2809,1.0678,1.3624,5.4945,5.4945,9000.8718,5286.5861,3729.5883,73717.14,43297.1402
920174.BJ,20230227,8.19,0.2461,0.3488,0.51,7.4596,9.4896,1.2809,1.0678,1.3624,5.4945,5.4945,9000.8718,5286.5861,3729.5883,73717.14,43297.1402
920174.BJ,20230224,8.23,0.1596,0.2262,0.33,7.496,9.5359,1.2872,1.073,1.3691,5.4678,5.4678,9000.8718,5286.5861,3729.5883,74077.1749,43508.6036
920174.BJ,20230223,8.24,0.5639,0.7994,1.11,7.5051,9.5475,1.2887,1.0743,1.3708,5.4612,5.4612,9000.8718,5286.5861,3729.5883,74167.1836,43561.4695
920174.BJ,20230222,8.37,0.2749,0.3896,0.53,7.6235,9.7594,1.3453,1.0913,1.3159,5.3763,5.3763,9000.8718,5286.5861,3729.5883,75337.297,44248.7257
920174.BJ,20230221,8.41,0.3437,0.4871,0.55,7.6599,9.806,1.3517,1.0965,1.3222,5.3508,5.3508,9000.8718,5286.5861,3729.5883,75697.3318,44460.1891
920174.BJ,20230220,8.42,1.0548,1.4952,1.59,7.6691,9.8177,1.3533,1.0978,1.3238,5.3444,5.3444,9000.8718,5286.5861,3729.5883,75787.3406,44513.055
920174.BJ,20230217,8.12,0.198,0.2806,0.29,7.3958,9.4679,1.3051,1.0587,1.2766,5.5419,5.5419,9000.8718,5286.5861,3729.5883,73087.079,42927.0791
920174.BJ,20230216,8.16,0.6671,0.9455,1.07,7.4322,9.5145,1.3116,1.0639,1.2829,5.5147,5.5147,9000.8718,5286.5861,3729.5883,73447.1139,43138.5426
920174.BJ,20230215,8.27,0.3198,0.4533,0.53,7.5324,9.6428,1.3292,1.0782,1.3002,5.4414,5.4414,9000.8718,5286.5861,3729.5883,74437.2098,43720.067
920174.BJ,20230214,8.35,0.8885,1.2595,1.74,7.6053,9.7361,1.3421,1.0887,1.3128,5.3892,5.3892,9000.8718,5286.5861,3729.5883,75157.2795,44142.9939
920174.BJ,20230213,8.46,1.2373,1.7539,3.58,7.7055,9.8643,1.3598,1.103,1.3301,5.3191,5.3191,9000.8718,5286.5861,3729.5883,76147.3754,44724.5184
920174.BJ,20230210,8.2,0.2515,0.3565,0.5,7.4687,9.5612,1.318,1.0691,1.2892,5.4878,5.4878,9000.8718,5286.5861,3729.5883,73807.1488,43350.006
920174.BJ,20230209,8.14,0.4337,0.6147,0.86,7.414,9.4912,1.3083,1.0613,1.2798,5.5283,5.5283,9000.8718,5286.5861,3729.5883,73267.0965,43032.8109
920174.BJ,20230208,8.1,0.2134,0.3024,0.32,7.3776,9.4446,1.3019,1.0561,1.2735,5.5556,5.5556,9000.8718,5286.5861,3729.5883,72907.0616,42821.3474
920174.BJ,20230207,8.15,0.4207,0.5963,0.45,7.4231,9.5029,1.3099,1.0626,1.2813,5.5215,5.5215,9000.8718,5286.5861,3729.5883,73357.1052,43085.6767
920174.BJ,20230206,8.05,0.4068,0.5816,0.46,7.3321,9.3863,1.2939,1.0496,1.2656,5.5901,5.5901,9000.8718,5286.5861,3697.5883,72457.018,42557.0181
920174.BJ,20230203,8.16,1.0165,1.4533,1.42,7.4322,9.5145,1.3116,1.0639,1.2829,5.5147,5.5147,9000.8718,5286.5861,3697.5883,73447.1139,43138.5426
920174.BJ,20230202,8.35,0.4582,0.6551,0.66,7.6053,9.7361,1.3421,1.0887,1.3128,5.3892,5.3892,9000.8718,5286.5861,3697.5883,75157.2795,44142.9939
920174.BJ,20230201,8.62,0.9999,1.4295,1.89,7.8512,10.0509,1.3855,1.1239,1.3552,5.2204,5.2204,9000.8718,5286.5861,3697.5883,77587.5149,45570.3722
920174.BJ,20230131,8.58,1.8024,2.577,9.29,7.8148,10.0042,1.3791,1.1187,1.3489,5.2448,5.2448,9000.8718,5286.5861,3697.5883,77227.48,45358.9087
920174.BJ,20230130,8.13,0.1853,0.2649,1.0,7.4049,9.4795,1.3067,1.06,1.2782,5.5351,5.5351,9000.8718,5286.5861,3697.5883,73177.0877,42979.945
920174.BJ,20230120,8.07,0.1363,0.1949,0.8,7.3503,9.4096,1.2971,1.0522,1.2688,5.5762,5.5762,9000.8718,5286.5861,3697.5883,72637.0354,42662.7498
920174.BJ,20230119,8.04,0.3516,0.5027,3.24,7.3229,9.3746,1.2923,1.0483,1.264,5.597,5.597,9000.8718,5286.5861,3697.5883,72367.0093,42504.1522
920174.BJ,20230118,7.82,0.163,0.233,1.5,7.1226,9.1181,1.2569,1.0196,1.2295,5.7545,5.7545,9000.8718,5286.5861,3697.5883,70386.8175,41341.1033
920174.BJ,20230117,7.74,0.1336,0.191,1.24,7.0497,9.0248,1.2441,1.0091,1.2169,5.814,5.814,9000.8718,5286.5861,3697.5883,69666.7477,40918.1764
920174.BJ,20230116,7.81,0.142,0.203,1.09,7.1135,9.1064,1.2553,1.0183,1.2279,5.7618,5.7618,9000.8718,5286.5861,3697.5883,70296.8088,41288.2374
920174.BJ,20230113,7.81,0.0597,0.0853,0.39,7.1135,9.1064,1.2553,1.0183,1.2279,5.7618,5.7618,9000.8718,5286.5861,3697.5883,70296.8088,41288.2374
920174.BJ,20230112,7.81,0.0435,0.0622,0.24,7.1135,9.1064,1.2553,1.0183,1.2279,5.7618,5.7618,9000.8718,5286.5861,3697.5883,70296.8088,41288.2374
920174.BJ,20230111,7.81,0.1652,0.2362,0.87,7.1135,9.1064,1.2553,1.0183,1.2279,5.7618,5.7618,9000.8718,5286.5861,3697.5883,70296.8088,41288.2374
920174.BJ,20230110,7.85,0.1265,0.1809,0.65,7.1499,9.1531,1.2617,1.0235,1.2342,5.7325,5.7325,9000.8718,5286.5861,3697.5883,70656.8436,41499.7009
920174.BJ,20230109,7.86,0.2588,0.37,1.62,7.159,9.1647,1.2633,1.0248,1.2357,5.7252,5.7252,9000.8718,5286.5861,3697.5883,70746.8523,41552.5667
920174.BJ,20230106,7.87,0.1722,0.2462,1.24,7.1681,9.1764,1.2649,1.0261,1.2373,5.7179,5.7179,9000.8718,5286.5861,3697.5883,70836.8611,41605.4326
920174.BJ,20230105,7.88,0.1883,0.2692,1.02,7.1772,9.188,1.2666,1.0274,1.2389,5.7107,5.7107,9000.8718,5286.5861,3697.5883,70926.8698,41658.2985
920174.BJ,20230104,7.78,0.2024,0.2894,0.99,7.0861,9.0714,1.2505,1.0144,1.2232,5.7841,5.7841,9000.8718,5286.5861,3697.5883,70026.7826,41129.6399
920174.BJ,20230103,7.65,0.1564,0.2236,0.78,6.9677,8.9199,1.2296,0.9974,1.2027,5.8824,5.8824,9000.8718,5286.5861,3697.5883,68856.6693,40442.3837
920174.BJ,20221230,7.64,0.0793,0.1133,0.38,6.9586,8.9082,1.228,0.9961,1.2012,,5.8901,9000.8718,5286.5861,3697.5883,68766.6606,40389.5178
920174.BJ,20221229,7.58,0.066,0.0944,0.31,6.904,8.8382,1.2183,0.9883,1.1917,,5.9367,9000.8718,5286.5861,3697.5883,68226.6082,40072.3226
920174.BJ,20221228,7.66,0.4183,0.598,2.71,6.9768,8.9315,1.2312,0.9987,1.2043,,5.8747,9000.8718,5286.5861,3697.5883,68946.678,40495.2495
920174.BJ,20221227,7.72,0.3035,0.434,2.5,7.0315,9.0015,1.2408,1.0065,1.2137,,5.829,9000.8718,5286.5861,3697.5883,69486.7303,40812.4447
920174.BJ,20221226,7.8,0.1382,0.1976,1.11,7.1043,9.0948,1.2537,1.017,1.2263,,5.7692,9000.8718,5286.5861,3697.5883,70206.8,41235.3716
920174.BJ,20221223,7.78,0.1069,0.1529,0.88,7.0861,9.0714,1.2505,1.0144,1.2232,,5.7841,9000.8718,5286.5861,3697.5883,70026.7826,41129.6399
920174.BJ,20221222,7.83,0.0998,0.1427,0.72,7.1317,9.1297,1.2585,1.0209,1.231,,5.7471,9000.8718,5286.5861,3697.5883,70476.8262,41393.9692
920174.BJ,20221221,7.91,0.1235,0.1766,0.74,7.2045,9.223,1.2714,1.0313,1.2436,,5.689,9000.8718,5286.5861,3697.5883,71196.8959,41816.8961
920174.BJ,20221220,7.91,0.1378,0.1971,0.78,7.2045,9.223,1.2714,1.0313,1.2436,,5.689,9000.8718,5286.5861,3697.5883,71196.8959,41816.8961
920174.BJ,20221219,7.95,0.1524,0.2179,0.75,7.241,9.2697,1.2778,1.0365,1.2499,,5.6604,9000.8718,5286.5861,3697.5883,71556.9308,42028.3595
920174.BJ,20221216,8.0,0.0924,0.1321,0.39,7.2865,9.328,1.2858,1.043,1.2578,,5.625,9000.8718,5286.5861,3697.5883,72006.9744,42292.6888
920174.BJ,20221215,8.03,0.1899,0.2715,0.86,7.3138,9.3629,1.2907,1.0469,1.2625,,5.604,9000.8718,5286.5861,3697.5883,72277.0006,42451.2864
920174.BJ,20221214,8.07,0.2659,0.3802,1.25,7.3503,9.4096,1.2971,1.0522,1.2688,,5.5762,9000.8718,5286.5861,3697.5883,72637.0354,42662.7498
920174.BJ,20221213,8.14,0.184,0.2631,0.84,7.414,9.4912,1.3083,1.0613,1.2798,,5.5283,9000.8718,5286.5861,3697.5883,73267.0965,43032.8109
920174.BJ,20221212,8.18,0.2871,0.4104,1.42,7.4505,9.5378,1.3148,1.0665,1.2861,,5.5012,9000.8718,5286.5861,3697.5883,73627.1313,43244.2743
920174.BJ,20221209,8.17,0.2615,0.3739,1.41,7.4413,9.5262,1.3132,1.0652,1.2845,,5.508,9000.8718,5286.5861,3697.5883,73537.1226,43191.4084
920174.BJ,20221208,8.23,0.1016,0.1452,0.42,7.496,9.5961,1.3228,1.073,1.2939,,5.4678,9000.8718,5286.5861,3697.5883,74077.1749,43508.6036
920174.BJ,20221207,8.25,0.2279,0.3258,0.7,7.5142,9.6195,1.326,1.0756,1.2971,,5.4545,9000.8718,5286.5861,3697.5883,74257.1924,43614.3353
920174.BJ,20221206,8.28,0.2186,0.3126,0.45,7.5415,9.6544,1.3308,1.0795,1.3018,,5.4348,9000.8718,5286.5861,3697.5883,74527.2185,43772.9329
920174.BJ,20221205,8.23,0.1995,0.2852,0.34,7.496,9.5961,1.3228,1.073,1.2939,,5.4678,9000.8718,5286.5861,3697.5883,74077.1749,43508.6036
920174.BJ,20221202,8.25,0.1794,0.2565,0.28,7.5142,9.6195,1.326,1.0756,1.2971,,5.4545,9000.8718,5286.5861,3697.5883,74257.1924,43614.3353
920174.BJ,20221201,8.25,0.3936,0.5628,0.59,7.5142,9.6195,1.326,1.0756,1.2971,,5.4545,9000.8718,5286.5861,3697.5883,74257.1924,43614.3353
920174.BJ,20221130,8.27,0.6377,0.9118,0.84,7.5324,9.6428,1.3292,1.0782,1.3002,,5.4414,9000.8718,5286.5861,3697.5883,74437.2098,43720.067
920174.BJ,20221129,8.27,1.0296,1.472,1.12,7.5324,9.6428,1.3292,1.0782,1.3002,,5.4414,9000.8718,5286.5861,3697.5883,74437.2098,43720.067
920174.BJ,20221128,8.0,0.6516,0.9316,0.56,7.2865,9.328,1.2858,1.043,1.2578,,5.625,9000.8718,5286.5861,3697.5883,72006.9744,42292.6888
920174.BJ,20221125,7.94,0.5249,0.8087,0.39,7.2319,9.258,1.2762,1.0352,1.2483,,5.6675,9000.8718,5286.5861,3431.2383,71466.9221,41975.4936
920174.BJ,20221124,8.02,0.5131,0.8058,0.3,7.3047,9.3513,1.2891,1.0456,1.2609,,5.611,9000.8718,5286.5861,3366.1474,72186.9918,42398.4205
920174.BJ,20221123,8.0,1.0572,1.6604,0.69,7.2865,9.328,1.2858,1.043,1.2578,,5.625,9000.8718,5286.5861,3366.1474,72006.9744,42292.6888
920174.BJ,20221122,8.04,1.8415,3.0043,1.44,7.3229,9.3746,1.2923,1.0483,1.264,,5.597,9000.8718,5286.5861,3240.3927,72367.0093,42504.1522
920174.BJ,20221121,8.25,1.8666,3.0454,1.66,7.5142,9.6195,1.326,1.0756,1.2971,,5.4545,9000.8718,5286.5861,3240.3927,74257.1924,43614.3353
920174.BJ,20221118,8.3,1.3837,2.5263,1.43,7.5598,9.6778,1.3341,1.0822,1.3049,,5.4217,9000.8718,5286.5861,2895.5251,74707.2359,43878.6646
920174.BJ,20221117,8.6,2.408,4.3964,4.25,7.833,10.0276,1.3823,1.1213,1.3521,,5.2326,9000.8718,5286.5861,2895.5251,77407.4975,45464.6405
920174.BJ,20221116,9.02,0.1781,0.3251,0.32,8.2155,10.5173,1.4498,1.176,1.4181,,4.9889,9000.8718,5286.5861,2895.5251,81187.8636,47685.0066
920174.BJ,20221115,9.07,0.5465,0.9978,1.15,8.2611,10.5756,1.4578,1.1825,1.426,,4.9614,9000.8718,5286.5861,2895.5251,81637.9072,47949.3359
920174.BJ,20221114,9.11,1.094,1.9974,3.15,8.2975,10.6222,1.4643,1.1878,1.4323,,4.9396,9000.8718,5286.5861,2895.5251,81997.9421,48160.7994
920174.BJ,20221111,8.87,0.6088,1.1115,2.25,8.0789,10.3424,1.4257,1.1565,1.3945,,5.0733,9000.8718,5286.5861,2895.5251,79837.7329,46892.0187
920174.BJ,20221110,8.65,0.4029,0.7357,2.0,7.8785,10.0859,1.3903,1.1278,1.36,,5.2023,9000.8718,5286.5861,2895.5251,77857.5411,45728.9698
920174.BJ,20221109,8.58,0.1347,0.246,0.61,7.8148,10.0042,1.3791,1.1187,1.3489,,5.2448,9000.8718,5286.5861,2895.5251,77227.48,45358.9087
920174.BJ,20221108,8.6,0.1375,0.251,0.63,7.833,10.0276,1.3823,1.1213,1.3521,,5.2326,9000.8718,5286.5861,2895.5251,77407.4975,45464.6405
920174.BJ,20221107,8.6,0.4525,0.8261,3.06,7.833,10.0276,1.3823,1.1213,1.3521,,5.2326,9000.8718,5286.5861,2895.5251,77407.4975,45464.6405
920174.BJ,20221104,8.48,0.2267,0.4138,1.9,7.7237,9.8876,1.363,1.1056,1.3332,,5.3066,9000.8718,5286.5861,2895.5251,76327.3929,44830.2501
920174.BJ,20221103,8.44,0.0554,0.1012,0.42,7.6873,9.841,1.3566,1.1004,1.3269,,5.3318,9000.8718,5286.5861,2895.5251,75967.358,44618.7867
920174.BJ,20221102,8.41,0.2357,0.4304,2.21,7.6599,9.806,1.3517,1.0965,1.3222,,5.3508,9000.8718,5286.5861,2895.5251,75697.3318,44460.1891
920174.BJ,20221101,8.25,0.1229,0.2244,1.16,7.5142,9.6195,1.326,1.0756,1.2971,,5.4545,9000.8718,5286.5861,2895.5251,74257.1924,43614.3353
920174.BJ,20221031,8.11,0.0837,0.1527,,7.3867,9.4562,1.3035,1.0574,1.2751,,5.5283,9000.8718,5286.5861,2895.5251,72997.0703,42874.2133
920174.BJ,20221028,8.11,0.0837,0.153,0.62,7.3867,8.2853,1.3459,1.0574,1.1758,,5.5487,9000.8718,5286.5861,2890.5335,72997.0703,42874.2133
920174.BJ,20221027,8.26,0.1156,0.2115,0.77,7.5233,8.4385,1.3708,1.0769,1.1976,,5.4479,9000.8718,5286.5861,2890.5335,74347.2011,43667.2012
920174.BJ,20221026,8.42,0.1105,0.2022,0.72,7.6691,8.602,1.3974,1.0978,1.2208,,5.3444,9000.8718,5286.5861,2890.5335,75787.3406,44513.055
920174.BJ,20221025,8.42,0.1222,0.2236,0.76,7.6691,8.602,1.3974,1.0978,1.2208,,5.3444,9000.8718,5286.5861,2890.5335,75787.3406,44513.055
920174.BJ,20221024,8.46,0.2268,0.4148,1.58,7.7055,8.6429,1.404,1.103,1.2266,,5.3191,9000.8718,5286.5861,2890.5335,76147.3754,44724.5184
920174.BJ,20221021,8.58,0.1044,0.1909,0.58,7.8148,8.7655,1.4239,1.1187,1.244,,5.2448,9000.8718,5286.5861,2890.5335,77227.48,45358.9087
920174.BJ,20221020,8.55,0.1826,0.334,1.11,7.7875,8.7348,1.419,1.1147,1.2396,,5.2632,9000.8718,5286.5861,2890.5335,76957.4539,45200.3112
920174.BJ,20221019,8.5,0.1278,0.2337,0.77,7.7419,8.6837,1.4107,1.1082,1.2324,,5.2941,9000.8718,5286.5861,2890.5335,76507.4103,44935.9819
920174.BJ,20221018,8.62,0.1606,0.2938,1.07,7.8512,8.8063,1.4306,1.1239,1.2498,,5.2204,9000.8718,5286.5861,2890.5335,77587.5149,45570.3722
920174.BJ,20221017,8.7,0.1412,0.2583,1.05,7.9241,8.888,1.4439,1.1343,1.2614,,5.1724,9000.8718,5286.5861,2890.5335,78307.5847,45993.2991
920174.BJ,20221014,8.66,0.2893,0.5291,2.57,7.8876,8.8472,1.4372,1.1291,1.2556,,5.1963,9000.8718,5286.5861,2890.5335,77947.5498,45781.8356
920174.BJ,20221013,8.46,0.1043,0.1908,0.65,7.7055,8.6429,1.404,1.103,1.2266,,5.3191,9000.8718,5286.5861,2890.5335,76147.3754,44724.5184
920174.BJ,20221012,8.46,0.1308,0.2392,0.72,7.7055,8.6429,1.404,1.103,1.2266,,5.3191,9000.8718,5286.5861,2890.5335,76147.3754,44724.5184
920174.BJ,20221011,8.44,0.0831,0.152,0.36,7.6873,8.6224,1.4007,1.1004,1.2237,,5.3318,9000.8718,5286.5861,2890.5335,75967.358,44618.7867
920174.BJ,20221010,8.25,0.0681,0.1245,0.25,7.5142,8.4283,1.3692,1.0756,1.1961,,5.4545,9000.8718,5286.5861,2890.5335,74257.1924,43614.3353
920174.BJ,20220930,8.4,0.1761,0.3221,0.47,7.6508,8.5816,1.3941,1.0952,1.2179,,5.3571,9000.8718,5286.5861,2890.5335,75607.3231,44407.3232
920174.BJ,20220929,8.4,0.3421,0.6258,0.61,7.6508,8.5816,1.3941,1.0952,1.2179,,5.3571,9000.8718,5286.5861,2890.5335,75607.3231,44407.3232
920174.BJ,20220928,8.61,0.2424,0.4433,0.26,7.8421,8.7961,1.4289,1.1226,1.2483,,5.2265,9000.8718,5286.5861,2890.5335,77497.5062,45517.5063
920174.BJ,20220927,8.69,0.3236,0.5918,0.32,7.915,8.8778,1.4422,1.133,1.2599,,5.1784,9000.8718,5286.5861,2890.5335,78217.5759,45940.4332
920174.BJ,20220926,8.77,0.2928,0.5356,0.27,7.9878,8.9596,1.4555,1.1434,1.2715,,5.1311,9000.8718,5286.5861,2890.5335,78937.6457,46363.3601
920174.BJ,20220923,9.04,0.6659,1.2179,0.58,8.2338,9.2354,1.5003,1.1786,1.3107,,4.9779,9000.8718,5286.5861,2890.5335,81367.8811,47790.7383
920174.BJ,20220922,9.4,1.2828,2.3462,1.38,8.5617,9.6032,1.56,1.2256,1.3629,,4.7872,9000.8718,5286.5861,2890.5335,84608.1949,49693.9093
920174.BJ,20220921,9.66,2.1459,3.9247,4.01,8.7985,9.8688,1.6032,1.2595,1.4006,,4.6584,9000.8718,5286.5861,2890.5335,86948.4216,51068.4217
920174.BJ,20220920,8.99,0.6367,1.1645,1.44,8.1882,9.1843,1.492,1.1721,1.3034,,5.0056,9000.8718,5286.5861,2890.5335,80917.8375,47526.409
920174.BJ,20220919,8.99,0.7691,1.4067,2.33,8.1882,9.1843,1.492,1.1721,1.3034,,5.0056,9000.8718,5286.5861,2890.5335,80917.8375,47526.409
920174.BJ,20220916,9.39,0.8771,1.6041,2.72,8.5525,9.593,1.5584,1.2243,1.3614,,4.7923,9000.8718,5286.5861,2890.5335,84518.1862,49641.0435
920174.BJ,20220915,9.41,0.2159,0.3949,0.65,8.5708,9.6134,1.5617,1.2269,1.3643,,4.7821,9000.8718,5286.5861,2890.5335,84698.2036,49746.7752
920174.BJ,20220914,9.55,0.1764,0.3227,0.51,8.6983,9.7564,1.5849,1.2451,1.3846,,4.712,9000.8718,5286.5861,2890.5335,85958.3257,50486.8973
920174.BJ,20220913,9.67,0.1738,0.3179,0.5,8.8076,9.879,1.6048,1.2608,1.402,,4.6536,9000.8718,5286.5861,2890.5335,87038.4303,51121.2876
920174.BJ,20220909,9.63,0.2047,0.3744,0.64,8.7711,9.8381,1.5982,1.2556,1.3962,,4.6729,9000.8718,5286.5861,2890.5335,86678.3954,50909.8241
920174.BJ,20220908,9.53,0.8424,1.5407,4.66,8.6801,9.736,1.5816,1.2425,1.3817,,4.7219,9000.8718,5286.5861,2890.5335,85778.3083,50381.1655
920174.BJ,20220907,9.99,0.2519,0.4608,1.5,9.099,10.2059,1.658,1.3025,1.4484,,4.5045,9000.8718,5286.5861,2890.5335,89918.7093,52812.9951
920174.BJ,20220906,10.16,0.4733,0.4733,1.82,9.2539,10.3796,1.6862,1.3247,1.4731,,4.4291,9000.8718,2890.5335,2890.5335,91448.8575,29367.8204
920174.BJ,20220905,10.22,0.3279,0.3279,1.48,9.3085,10.4409,1.6961,1.3325,1.4818,,4.4031,9000.8718,2890.5335,2890.5335,91988.9098,29541.2524
920174.BJ,20220902,10.09,0.1178,0.1178,0.49,9.1901,10.3081,1.6746,1.3155,1.4629,,4.4599,9000.8718,2890.5335,2890.5335,90818.7965,29165.483
920174.BJ,20220901,10.28,0.2725,0.2725,1.03,9.3632,10.5022,1.7061,1.3403,1.4905,,4.3774,9000.8718,2890.5335,2890.5335,92528.9621,29714.6844
920174.BJ,20220831,10.29,0.3409,0.3409,1.18,9.3723,10.5124,1.7077,1.3416,1.4919,,4.3732,9000.8718,2890.5335,2890.5335,92618.9708,29743.5897
920174.BJ,20220830,10.29,0.2403,0.2403,0.67,9.3723,10.5124,1.7077,1.3416,1.4919,,4.3732,9000.8718,2890.5335,2890.5335,92618.9708,29743.5897
920174.BJ,20220829,10.32,0.1351,0.1351,0.31,9.3996,10.5431,1.7127,1.3455,1.4963,,4.3605,9000.8718,2890.5335,2890.5335,92888.997,29830.3057
920174.BJ,20220826,10.33,0.2166,0.2166,0.52,9.4087,10.5533,1.7144,1.3468,1.4977,,4.3562,9000.8718,2890.5335,2890.5335,92979.0057,29859.2111
920174.BJ,20220825,10.33,0.3869,0.3869,0.93,9.4087,10.5533,1.7144,1.3468,1.4977,,4.3562,9000.8718,2890.5335,2890.5335,92979.0057,29859.2111
920174.BJ,20220824,10.38,0.4627,0.4627,1.26,9.4542,10.6044,1.7227,1.3533,1.505,,4.3353,9000.8718,2890.5335,2890.5335,93429.0493,30003.7377
920174.BJ,20220823,10.62,0.5915,0.5915,1.81,9.6728,10.8495,1.7625,1.3846,1.5398,,4.2373,9000.8718,2890.5335,2890.5335,95589.2585,30697.4658
920174.BJ,20220822,10.72,0.4964,0.4964,1.58,9.7639,10.9517,1.7791,1.3977,1.5543,,4.1978,9000.8718,2890.5335,2890.5335,96489.3457,30986.5191
920174.BJ,20220819,10.7,0.1587,0.1587,0.43,9.7457,10.9313,1.7758,1.3951,1.5514,,4.2056,9000.8718,2890.5335,2890.5335,96309.3283,30928.7085
920174.BJ,20220818,10.8,0.363,0.363,0.89,9.8368,11.0334,1.7924,1.4081,1.5659,,4.1667,9000.8718,2890.5335,2890.5335,97209.4154,31217.7618
920174.BJ,20220817,10.94,0.2314,0.2314,0.48,9.9643,11.1765,1.8156,1.4264,1.5862,,4.1133,9000.8718,2890.5335,2890.5335,98469.5375,31622.4365
920174.BJ,20220816,10.94,0.3888,0.3888,0.72,9.9643,11.1765,1.8156,1.4264,1.5862,,4.1133,9000.8718,2890.5335,2890.5335,98469.5375,31622.4365
920174.BJ,20220815,10.92,0.434,0.434,0.81,9.9461,11.156,1.8123,1.4237,1.5833,,4.1209,9000.8718,2890.5335,2890.5335,98289.5201,31564.6258
920174.BJ,20220812,10.91,0.4069,0.4069,0.77,9.937,11.1458,1.8106,1.4224,1.5818,,4.1247,9000.8718,2890.5335,2890.5335,98199.5113,31535.7205
920174.BJ,20220811,10.95,0.5676,0.5676,1.25,9.9734,11.1867,1.8173,1.4277,1.5876,,4.1096,9000.8718,2890.5335,2890.5335,98559.5462,31651.3418
920174.BJ,20220810,10.79,0.5964,0.5964,1.34,9.8277,11.0232,1.7907,1.4068,1.5644,,4.1705,9000.8718,2890.5335,2890.5335,97119.4067,31188.8565
920174.BJ,20220809,10.92,0.7034,0.7034,1.79,9.9461,11.156,1.8123,1.4237,1.5833,,4.1209,9000.8718,2890.5335,2890.5335,98289.5201,31564.6258
920174.BJ,20220808,11.0,0.3981,0.3981,0.95,10.019,11.2378,1.8256,1.4342,1.5949,,4.0909,9000.8718,2890.5335,2890.5335,99009.5898,31795.8685
920174.BJ,20220805,11.09,0.3789,0.3789,0.9,10.1009,10.813,1.8995,1.4459,1.4953,,4.0577,9000.8718,2890.5335,2890.5335,99819.6683,32056.0165
920174.BJ,20220804,11.08,0.2004,0.2004,0.33,10.0918,10.8033,1.8978,1.4446,1.4939,,4.0614,9000.8718,2890.5335,2890.5335,99729.6595,32027.1112
920174.BJ,20220803,11.07,0.5402,0.5402,0.96,10.0827,10.7935,1.896,1.4433,1.4926,,4.065,9000.8718,2890.5335,2890.5335,99639.6508,31998.2058
920174.BJ,20220802,11.15,0.4476,0.4476,0.78,10.1556,10.8715,1.9097,1.4537,1.5034,,4.0359,9000.8718,2890.5335,2890.5335,100359.7206,32229.4485
920174.BJ,20220801,11.52,0.5198,0.5198,0.95,10.4926,11.2323,1.9731,1.502,1.5533,,3.9063,9000.8718,2890.5335,2890.5335,103690.0431,33298.9459
920174.BJ,20220729,11.5,0.3887,0.3887,0.72,10.4744,11.2128,1.9697,1.4994,1.5506,,3.913,9000.8718,2890.5335,2890.5335,103510.0257,33241.1353
920174.BJ,20220728,11.52,1.1042,1.1042,2.53,10.4926,11.2323,1.9731,1.502,1.5533,,3.9063,9000.8718,2890.5335,2890.5335,103690.0431,33298.9459
920174.BJ,20220727,11.24,0.3458,0.3458,0.75,10.2375,10.9593,1.9252,1.4655,1.5155,,4.0036,9000.8718,2890.5335,2890.5335,101169.799,32489.5965
920174.BJ,20220726,11.2,0.527,0.527,1.23,10.2011,10.9203,1.9183,1.4603,1.5101,,4.0179,9000.8718,2890.5335,2890.5335,100809.7642,32373.9752
920174.BJ,20220725,11.11,0.3734,0.3734,0.88,10.1191,10.8325,1.9029,1.4485,1.498,,4.0504,9000.8718,2890.5335,2890.5335,99999.6857,32113.8272
920174.BJ,20220722,11.28,0.3604,0.3604,0.83,10.274,10.9983,1.932,1.4707,1.5209,,3.9894,9000.8718,2890.5335,2890.5335,101529.8339,32605.2179
920174.BJ,20220721,11.22,0.5735,0.5735,1.46,10.2193,10.9398,1.9217,1.4629,1.5128,,4.0107,9000.8718,2890.5335,2890.5335,100989.7816,32431.7859
920174.BJ,20220720,11.27,0.4671,0.4671,1.26,10.2649,10.9885,1.9303,1.4694,1.5195,,3.9929,9000.8718,2890.5335,2890.5335,101439.8252,32576.3125
920174.BJ,20220719,11.26,0.3757,0.3757,1.03,10.2558,10.9788,1.9286,1.4681,1.5182,,3.9964,9000.8718,2890.5335,2890.5335,101349.8165,32547.4072
920174.BJ,20220718,11.27,0.3344,0.3344,0.83,10.2649,10.9885,1.9303,1.4694,1.5195,,3.9929,9000.8718,2890.5335,2890.5335,101439.8252,32576.3125
920174.BJ,20220715,11.36,0.4187,0.4187,1.16,10.3468,11.0763,1.9457,1.4811,1.5317,,3.9613,9000.8718,2890.5335,2890.5335,102249.9036,32836.4606
920174.BJ,20220714,11.48,0.3679,0.3679,0.99,10.4561,11.1933,1.9663,1.4968,1.5479,,3.9199,9000.8718,2890.5335,2890.5335,103330.0083,33183.3246
920174.BJ,20220713,11.37,0.3567,0.3567,1.0,10.356,11.086,1.9474,1.4824,1.533,,3.9578,9000.8718,2890.5335,2890.5335,102339.9124,32865.3659
920174.BJ,20220712,11.37,0.3485,0.3485,0.82,10.356,11.086,1.9474,1.4824,1.533,,3.9578,9000.8718,2890.5335,2890.5335,102339.9124,32865.3659
920174.BJ,20220711,11.48,0.527,0.527,1.09,10.4561,11.1933,1.9663,1.4968,1.5479,,3.9199,9000.8718,2890.5335,2890.5335,103330.0083,33183.3246
920174.BJ,20220708,11.64,0.2094,0.2094,0.38,10.6019,11.3493,1.9937,1.5176,1.5694,,3.866,9000.8718,2890.5335,2890.5335,104770.1478,33645.8099
920174.BJ,20220707,11.61,0.4156,0.4156,0.5,10.5745,11.32,1.9885,1.5137,1.5654,,3.876,9000.8718,2890.5335,2890.5335,104500.1216,33559.0939
920174.BJ,20220706,11.58,0.2879,0.2879,0.2,10.5472,11.2908,1.9834,1.5098,1.5613,,3.886,9000.8718,2890.5335,2890.5335,104230.0954,33472.3779
920174.BJ,20220705,11.7,0.6827,0.6827,0.32,10.6565,11.4078,2.0039,1.5254,1.5775,,3.8462,9000.8718,2890.5335,2890.5335,105310.2001,33819.242
920174.BJ,20220704,11.94,0.8297,0.8297,0.36,10.8751,11.6418,2.045,1.5567,1.6099,,3.7688,9000.8718,2890.5335,2890.5335,107470.4093,34512.97
920174.BJ,20220701,12.26,0.5647,0.5647,0.25,11.1666,11.9538,2.0999,1.5985,1.653,,3.6705,9000.8718,2890.5335,2890.5335,110350.6883,35437.9407
920174.BJ,20220630,12.25,1.8286,1.8286,0.93,11.1575,11.9441,2.0981,1.5972,1.6517,,3.6735,9000.8718,2890.5335,2890.5335,110260.6796,35409.0354
920174.BJ,20220629,12.5,3.1802,3.1802,2.27,11.3852,12.1878,2.141,1.6297,1.6854,,3.6,9000.8718,2890.5335,2890.5335,112510.8975,36131.6688
920174.BJ,20220628,12.68,4.1675,4.1675,6.47,11.5491,12.3633,2.1718,1.6532,1.7097,,3.5489,9000.8718,2890.5335,2890.5335,114131.0544,36651.9648
920174.BJ,20220627,11.42,1.9334,1.9334,5.39,10.4015,11.1348,1.956,1.4889,1.5398,,3.9405,9000.8718,2890.5335,2890.5335,102789.956,33009.8926
920174.BJ,20220624,11.0,0.2892,0.2892,0.7,10.019,10.7253,1.884,1.4342,1.4831,,4.0909,9000.8718,2890.5335,2890.5335,99009.5898,31795.8685
920174.BJ,20220623,11.0,0.2822,0.2822,0.72,10.019,10.7253,1.884,1.4342,1.4831,,4.0909,9000.8718,2890.5335,2890.5335,99009.5898,31795.8685
920174.BJ,20220622,11.02,0.3181,0.3181,0.67,10.0372,10.7448,1.8875,1.4368,1.4858,,4.0835,9000.8718,2890.5335,2890.5335,99189.6072,31853.6792
920174.BJ,20220621,11.06,0.3997,0.3997,0.87,10.0736,10.7838,1.8943,1.442,1.4912,,4.0687,9000.8718,2890.5335,2890.5335,99549.6421,31969.3005
920174.BJ,20220620,11.09,0.5042,0.5042,1.15,10.1009,10.813,1.8995,1.4459,1.4953,,4.0577,9000.8718,2890.5335,2890.5335,99819.6683,32056.0165
920174.BJ,20220617,11.14,0.569,0.569,1.33,10.1465,10.8618,1.908,1.4524,1.502,,4.0395,9000.8718,2890.5335,2890.5335,100269.7119,32200.5432
920174.BJ,20220616,11.25,0.1767,0.1767,0.4,10.2467,10.969,1.9269,1.4668,1.5169,,4.0,9000.8718,2890.5335,2890.5335,101259.8078,32518.5019
920174.BJ,20220615,11.28,0.7254,0.7254,1.95,10.274,10.9983,1.932,1.4707,1.5209,,3.9894,9000.8718,2890.5335,2890.5335,101529.8339,32605.2179
920174.BJ,20220614,11.18,0.3291,0.3291,0.89,10.1829,10.9008,1.9149,1.4576,1.5074,,4.025,9000.8718,2890.5335,2890.5335,100629.7467,32316.1645
920174.BJ,20220613,11.18,0.3972,0.3972,0.88,10.1829,10.9008,1.9149,1.4576,1.5074,,4.025,9000.8718,2890.5335,2890.5335,100629.7467,32316.1645
920174.BJ,20220610,11.29,0.5098,0.5098,1.16,10.2831,11.008,1.9337,1.472,1.5222,,3.9858,9000.8718,2890.5335,2890.5335,101619.8426,32634.1232
920174.BJ,20220609,11.38,0.257,0.257,0.57,10.3651,11.0958,1.9491,1.4837,1.5344,,3.9543,9000.8718,2890.5335,2890.5335,102429.9211,32894.2712
920174.BJ,20220608,11.52,0.364,0.364,0.89,10.4926,11.2323,1.9731,1.502,1.5533,,3.9063,9000.8718,2890.5335,2890.5335,103690.0431,33298.9459
920174.BJ,20220607,11.68,0.3313,0.3313,0.74,10.6383,11.3883,2.0005,1.5228,1.5748,,3.8527,9000.8718,2890.5335,2890.5335,105130.1826,33761.4313
920174.BJ,20220606,11.67,0.7986,0.7986,1.9,10.6292,11.3785,1.9988,1.5215,1.5735,,3.856,9000.8718,2890.5335,2890.5335,105040.1739,33732.5259
920174.BJ,20220602,11.4,0.4503,0.4503,1.09,10.3833,11.1153,1.9526,1.4863,1.5371,,3.9474,9000.8718,2890.5335,2890.5335,102609.9385,32952.0819
920174.BJ,20220601,11.27,0.2902,0.2902,0.58,10.2649,10.9885,1.9303,1.4694,1.5195,,3.9929,9000.8718,2890.5335,2890.5335,101439.8252,32576.3125
920174.BJ,20220531,11.27,0.1701,0.1701,0.26,10.2649,10.9885,1.9303,1.4694,1.5195,,3.9929,9000.8718,2890.5335,2890.5335,101439.8252,32576.3125
920174.BJ,20220530,11.25,0.5296,0.5296,0.84,10.2467,10.969,1.9269,1.4668,1.5169,,4.0,9000.8718,2890.5335,2890.5335,101259.8078,32518.5019
920174.BJ,20220527,11.76,0.6568,0.6568,1.04,10.7112,11.4663,1.8701,1.5333,1.5856,,,9000.8718,2890.5335,2890.5335,105850.2524,33992.674
920174.BJ,20220526,11.77,0.4141,0.4141,0.61,10.7203,11.476,1.8717,1.5346,1.587,,,9000.8718,2890.5335,2890.5335,105940.2611,34021.5793
920174.BJ,20220525,11.67,0.7276,0.7276,1.19,10.6292,11.3785,1.8558,1.5215,1.5735,,,9000.8718,2890.5335,2890.5335,105040.1739,33732.5259
920174.BJ,20220524,11.48,0.8931,0.8931,1.65,10.4561,11.1933,1.8256,1.4968,1.5479,,,9000.8718,2890.5335,2890.5335,103330.0083,33183.3246
920174.BJ,20220523,11.71,0.4771,0.4771,0.75,10.6656,11.4175,1.8621,1.5267,1.5789,,,9000.8718,2890.5335,2890.5335,105400.2088,33848.1473
920174.BJ,20220520,11.66,0.6347,0.6347,0.76,10.6201,11.3688,1.8542,1.5202,1.5721,,,9000.8718,2890.5335,2890.5335,104950.1652,33703.6206
920174.BJ,20220519,11.33,0.638,0.638,0.74,10.3195,11.047,1.8017,1.4772,1.5276,,,9000.8718,2890.5335,2890.5335,101979.8775,32749.7446
920174.BJ,20220518,11.37,0.4242,0.4242,0.39,10.356,11.086,1.8081,1.4824,1.533,,,9000.8718,2890.5335,2890.5335,102339.9124,32865.3659
920174.BJ,20220517,11.32,0.5313,0.5313,0.48,10.3104,11.0373,1.8001,1.4759,1.5263,,,9000.8718,2890.5335,2890.5335,101889.8688,32720.8392
920174.BJ,20220516,11.54,0.946,0.946,0.81,10.5108,11.2518,1.8351,1.5046,1.556,,,9000.8718,2890.5335,2890.5335,103870.0606,33356.7566
920174.BJ,20220513,11.53,1.6511,1.6511,1.65,10.5017,11.242,1.8335,1.5033,1.5546,,,9000.8718,2890.5335,2890.5335,103780.0519,33327.8513
920174.BJ,20220512,10.83,0.7539,0.7539,0.68,9.8641,10.5595,1.7222,1.412,1.4602,,,9000.8718,2890.5335,2890.5335,97479.4416,31304.4778
920174.BJ,20220511,10.76,1.5806,1.5806,1.49,9.8004,10.4913,1.7111,1.4029,1.4508,,,9000.8718,2890.5335,2890.5335,96849.3806,31102.1405
920174.BJ,20220510,10.49,0.6538,0.6538,0.62,9.5544,10.228,1.6681,1.3677,1.4144,,,9000.8718,2890.5335,2890.5335,94419.1452,30321.6964
920174.BJ,20220509,10.35,1.1735,1.1735,1.15,9.4269,10.0915,1.6459,1.3494,1.3955,,,9000.8718,2890.5335,2890.5335,93159.0231,29917.0217
920174.BJ,20220506,10.33,0.8512,0.8512,0.66,9.4087,10.072,1.6427,1.3468,1.3928,,,9000.8718,2890.5335,2890.5335,92979.0057,29859.2111
920174.BJ,20220505,10.69,1.297,1.297,1.02,9.7366,10.423,1.6999,1.3938,1.4413,,,9000.8718,2890.5335,2890.5335,96219.3195,30899.8031
920174.BJ,20220429,10.51,1.3198,1.3198,1.18,9.5727,10.2475,1.6713,1.3703,1.4171,,,9000.8718,2890.5335,2890.5335,94599.1626,30379.5071
920174.BJ,20220428,10.0,0.6611,0.6611,0.58,9.1081,9.7503,1.5902,1.3038,1.3483,,,9000.8718,2890.5335,2890.5335,90008.718,28905.335
920174.BJ,20220427,10.23,0.9815,0.9815,0.94,9.3176,9.9745,1.6268,1.3338,1.3793,,,9000.8718,2890.5335,2890.5335,92078.9185,29570.1577
920174.BJ,20220426,10.14,2.2012,2.2012,3.25,9.2357,9.8868,1.6125,1.322,1.3672,,,9000.8718,2890.5335,2890.5335,91268.8401,29310.0097
920174.BJ,20220425,11.0,1.1805,1.1805,2.15,14.2676,9.6736,1.8273,2.1977,1.4276,,,9000.8718,2890.5335,2890.5335,99009.5898,31795.8685
920174.BJ,20220422,11.75,0.5554,0.6676,0.95,15.2404,10.3332,1.9519,2.3475,1.5249,,,9000.8718,2890.5335,2404.8192,105760.2437,33963.7686
920174.BJ,20220421,11.76,0.7757,0.9323,1.33,15.2534,10.342,1.9536,2.3495,1.5262,,,9000.8718,2890.5335,2404.8192,105850.2524,33992.674
920174.BJ,20220420,12.15,0.5221,0.6275,0.87,15.7592,10.685,2.0183,2.4274,1.5769,,,9000.8718,2890.5335,2404.8192,109360.5924,35119.982
920174.BJ,20220419,12.22,0.3511,0.422,0.51,15.85,10.7465,2.03,2.4414,1.5859,,,9000.8718,2890.5335,2404.8192,109990.6534,35322.3194
920174.BJ,20220418,12.28,0.545,0.6551,0.62,15.9278,10.7993,2.0399,2.4534,1.5937,,,9000.8718,2890.5335,2404.8192,110530.7057,35495.7514
920174.BJ,20220415,12.34,0.7248,0.8712,0.82,16.0057,10.8521,2.0499,2.4654,1.6015,,,9000.8718,2890.5335,2404.8192,111070.758,35669.1834
920174.BJ,20220414,12.54,0.7665,0.9213,0.86,16.2651,11.0279,2.0831,2.5053,1.6275,,,9000.8718,2890.5335,2404.8192,112870.9324,36247.2901
920174.BJ,20220413,12.5,0.6159,0.7403,0.61,16.2132,10.9928,2.0765,2.4973,1.6223,,,9000.8718,2890.5335,2404.8192,112510.8975,36131.6688
920174.BJ,20220412,12.69,0.763,0.9171,0.55,16.4596,11.1599,2.1081,2.5353,1.6469,,,9000.8718,2890.5335,2404.8192,114221.0631,36680.8701
920174.BJ,20220411,12.46,1.5366,1.847,1.19,16.1613,10.9576,2.0698,2.4894,1.6171,,,9000.8718,2890.5335,2404.8192,112150.8626,36016.0474
920174.BJ,20220408,12.94,0.7457,0.8963,0.59,16.7839,11.3797,2.1496,2.5852,1.6794,,,9000.8718,2890.5335,2404.8192,116471.2811,37403.5035
920174.BJ,20220407,13.23,0.7937,0.954,0.59,17.16,11.6347,2.1978,2.6432,1.717,,,9000.8718,2890.5335,2404.8192,119081.5339,38241.7582
920174.BJ,20220406,13.65,1.1972,1.439,0.99,17.7048,12.0041,2.2675,2.7271,1.7715,,,9000.8718,2890.5335,2404.8192,122861.9001,39455.7823
920174.BJ,20220401,13.64,2.6857,3.2281,3.26,17.6918,11.9953,2.2659,2.7251,1.7702,,,9000.8718,2890.5335,2404.8192,122771.8914,39426.8769
920174.BJ,20220331,13.09,1.018,1.2236,1.24,16.9785,11.5116,2.1745,2.6152,1.6988,,,9000.8718,2890.5335,2404.8192,117821.4119,37837.0835
920174.BJ,20220330,12.8,0.6627,0.7965,0.77,16.6023,11.2566,2.1263,2.5573,1.6612,,,9000.8718,2890.5335,2404.8192,115211.159,36998.8288
920174.BJ,20220329,12.68,1.1528,1.3857,1.41,16.4467,11.1511,2.1064,2.5333,1.6456,,,9000.8718,2890.5335,2404.8192,114131.0544,36651.9648
920174.BJ,20220328,12.48,0.5251,0.6312,0.49,16.1873,10.9752,2.0732,2.4933,1.6197,,,9000.8718,2890.5335,2404.8192,112330.8801,36073.8581
920174.BJ,20220325,12.58,0.7595,0.9129,0.59,16.317,11.0631,2.0898,2.5133,1.6327,,,9000.8718,2890.5335,2404.8192,113230.9672,36362.9114
920174.BJ,20220324,12.86,0.9905,1.1905,0.54,16.6801,11.3094,2.1363,2.5693,1.669,,,9000.8718,2890.5335,2404.8192,115751.2113,37172.2608
920174.BJ,20220323,13.14,0.8937,1.0743,0.43,17.0433,11.5556,2.1828,2.6252,1.7053,,,9000.8718,2890.5335,2404.8192,118271.4555,37981.6102
920174.BJ,20220322,13.11,0.9304,1.1183,0.41,17.0044,11.5292,2.1778,2.6192,1.7014,,,9000.8718,2890.5335,2404.8192,118001.4293,37894.8942
920174.BJ,20220321,13.27,1.798,2.1611,0.82,17.2119,11.6699,2.2044,2.6512,1.7222,,,9000.8718,2890.5335,2404.8192,119441.5688,38357.3795
920174.BJ,20220318,13.68,1.8293,2.1988,0.86,17.7437,12.0305,2.2725,2.7331,1.7754,,,9000.8718,2890.5335,2404.8192,123131.9262,39542.4983
920174.BJ,20220317,13.75,3.7745,4.5369,2.31,17.8345,12.092,2.2841,2.7471,1.7845,,,9000.8718,2890.5335,2404.8192,123761.9873,39744.8356
920174.BJ,20220316,12.91,2.0882,2.5099,1.44,16.745,11.3533,2.1446,2.5793,1.6755,,,9000.8718,2890.5335,2404.8192,116201.2549,37316.7875
920174.BJ,20220315,12.9,1.9182,2.3057,1.28,16.732,11.3445,2.1429,2.5773,1.6742,,,9000.8718,2890.5335,2404.8192,116111.2462,37287.8822
920174.BJ,20220314,14.03,1.3651,1.6408,0.79,18.1977,12.3383,2.3307,2.803,1.8208,,,9000.8718,2890.5335,2404.8192,126282.2314,40554.185
920174.BJ,20220311,14.76,1.5449,1.8569,0.9,19.1445,12.9803,2.4519,2.9489,1.9156,,,9000.8718,2890.5335,2404.8192,132852.8678,42664.2745
920174.BJ,20220310,14.77,1.2437,1.4949,0.73,19.1575,12.9891,2.4536,2.9509,1.9169,,,9000.8718,2890.5335,2404.8192,132942.8765,42693.1798
920174.BJ,20220309,14.78,1.1823,1.4211,0.66,19.1705,12.9979,2.4552,2.9529,1.9182,,,9000.8718,2890.5335,2404.8192,133032.8852,42722.0851
920174.BJ,20220308,15.01,2.1471,2.5808,1.43,19.4688,13.2001,2.4935,2.9988,1.948,,,9000.8718,2890.5335,2404.8192,135103.0857,43386.9078
920174.BJ,20220307,15.05,2.5238,3.0336,1.69,19.5207,13.2353,2.5001,3.0068,1.9532,,,9000.8718,2890.5335,2404.8192,135463.1206,43502.5292
920174.BJ,20220304,15.61,1.5222,1.8297,1.06,20.247,13.7278,2.5931,3.1187,2.0259,,,9000.8718,2890.5335,2404.8192,140503.6088,45121.2279
920174.BJ,20220303,15.83,1.2141,1.2141,0.68,20.5324,13.9212,2.6297,3.1626,2.0545,,,9000.8718,2650.5335,2650.5335,142483.8006,41957.9453
920174.BJ,20220302,15.67,1.744,1.744,0.94,20.3249,13.7805,2.6031,3.1307,2.0337,,,9000.8718,2650.5335,2650.5335,141043.6611,41533.8599
920174.BJ,20220301,16.29,0.7942,0.7942,0.41,21.129,14.3258,2.7061,3.2545,2.1142,,,9000.8718,2650.5335,2650.5335,146624.2016,43177.1907
920174.BJ,20220228,16.07,2.7113,2.7113,1.6,20.8437,14.1323,2.6695,3.2106,2.0856,,,9000.8718,2650.5335,2650.5335,144644.0098,42594.0733
920174.BJ,20220225,16.81,1.3869,1.3869,0.87,21.8035,14.7831,2.7925,3.3584,2.1816,,,9000.8718,2650.5335,2650.5335,151304.655,44555.4681
920174.BJ,20220224,16.81,2.2522,2.2522,1.62,21.8035,14.2914,2.893,3.3584,2.1239,,,9000.8718,2650.5335,2650.5335,151304.655,44555.4681
920174.BJ,20220223,17.3,2.1809,2.1809,1.9,22.4391,14.708,2.9773,3.4563,2.1858,,,9000.8718,2650.5335,2650.5335,155715.0821,45854.2296
920174.BJ,20220222,17.34,1.1414,1.1414,0.9,22.4909,14.742,2.9842,3.4643,2.1909,,,9000.8718,2650.5335,2650.5335,156075.117,45960.2509
920174.BJ,20220221,17.69,1.5162,1.5162,1.11,22.9449,15.0395,3.0444,3.5342,2.2351,,,9000.8718,2650.5335,2650.5335,159225.4221,46887.9376
920174.BJ,20220218,17.89,0.921,0.921,0.55,23.2043,15.2096,3.0788,3.5742,2.2604,,,9000.8718,2650.5335,2650.5335,161025.5965,47418.0443
920174.BJ,20220217,17.95,1.208,1.208,0.59,23.2822,15.2606,3.0892,3.5862,2.2679,,,9000.8718,2650.5335,2650.5335,161565.6488,47577.0763
920174.BJ,20220216,18.22,0.9434,0.9434,0.34,23.6324,15.4901,3.1356,3.6401,2.302,,,9000.8718,2650.5335,2650.5335,163995.8842,48292.7204
920174.BJ,20220215,18.06,1.7192,1.7192,0.62,23.4248,15.3541,3.1081,3.6082,2.2818,,,9000.8718,2650.5335,2650.5335,162555.7447,47868.635
920174.BJ,20220214,18.38,2.0245,2.0245,0.72,23.8399,15.6262,3.1632,3.6721,2.3223,,,9000.8718,2650.5335,2650.5335,165436.0237,48716.8057
920174.BJ,20220211,18.18,2.4318,2.4318,0.95,23.5805,15.4561,3.1287,3.6321,2.297,,,9000.8718,2650.5335,2650.5335,163635.8493,48186.699
920174.BJ,20220210,19.05,3.1115,3.1115,1.32,24.7089,16.1958,3.2785,3.806,2.4069,,,9000.8718,2650.5335,2650.5335,171466.6078,50492.6632
920174.BJ,20220209,19.42,4.5878,4.5878,2.32,25.1888,16.5103,3.3421,3.8799,2.4537,,,9000.8718,2650.5335,2650.5335,174796.9304,51473.3606
920174.BJ,20220208,18.36,1.6739,1.6739,0.83,23.8139,15.6092,3.1597,3.6681,2.3197,,,9000.8718,2650.5335,2650.5335,165256.0062,48663.7951
920174.BJ,20220207,18.42,2.2406,2.2406,1.2,23.8918,15.6602,3.17,3.6801,2.3273,,,9000.8718,2650.5335,2650.5335,165796.0586,48822.8271
920174.BJ,20220128,17.52,1.2229,1.2229,0.58,22.7244,14.895,3.0152,3.5003,2.2136,,,9000.8718,2650.5335,2650.5335,157695.2739,46437.3469
920174.BJ,20220127,17.45,2.0332,2.0332,0.77,22.6336,14.8355,3.0031,3.4863,2.2048,,,9000.8718,2650.5335,2650.5335,157065.2129,46251.8096
920174.BJ,20220126,18.05,2.7125,2.7125,0.99,23.4119,15.3456,3.1064,3.6062,2.2806,,,9000.8718,2650.5335,2650.5335,162465.736,47842.1297
920174.BJ,20220125,17.89,1.9029,1.9029,0.54,23.2043,15.2096,3.0788,3.5742,2.2604,,,9000.8718,2650.5335,2650.5335,161025.5965,47418.0443
920174.BJ,20220124,18.51,1.4673,1.4673,0.34,24.0085,15.7367,3.1855,3.6981,2.3387,,,9000.8718,2650.5335,2650.5335,166606.137,49061.3751
920174.BJ,20220121,19.6,2.3488,2.3488,0.56,25.4223,16.6634,3.3731,3.9158,2.4764,,,9000.8718,2650.5335,2650.5335,176417.0873,51950.4566
920174.BJ,20220120,19.95,4.8447,5.9317,1.37,25.8763,16.9609,3.4334,3.9858,2.5206,,,9000.8718,2650.5335,2164.8192,179567.3924,52878.1433
920174.BJ,20220119,19.31,3.1326,3.8354,0.96,25.0461,16.4168,3.3232,3.8579,2.4398,,,9000.8718,2650.5335,2164.8192,173806.8345,51181.8019
920174.BJ,20220118,19.68,5.8989,7.2225,2.69,25.5261,16.7314,3.3869,3.9318,2.4865,,,9000.8718,2650.5335,2164.8192,177137.157,52162.4993
920174.BJ,20220117,18.28,5.0907,6.2329,3.82,23.7102,15.5411,3.146,3.6521,2.3096,,,9000.8718,2650.5335,2164.8192,164535.9365,48451.7524
920174.BJ,20220114,18.33,1.8978,2.3236,1.63,23.775,15.5837,3.1546,3.6621,2.3159,,,9000.8718,2650.5335,2164.8192,164985.9801,48584.2791
920174.BJ,20220113,19.13,1.6927,2.0725,1.48,24.8127,16.2638,3.2922,3.8219,2.417,,,9000.8718,2650.5335,2164.8192,172186.6775,50704.7059
920174.BJ,20220112,19.64,1.7168,2.102,1.53,25.4742,16.6974,3.38,3.9238,2.4815,,,9000.8718,2650.5335,2164.8192,176777.1222,52056.4779
920174.BJ,20220111,19.91,0.583,0.7138,0.34,25.8244,16.9269,3.4265,3.9778,2.5156,,,9000.8718,2650.5335,2164.8192,179207.3575,52772.122
920174.BJ,20220110,20.31,0.7781,0.9527,0.32,26.3432,17.267,3.4953,4.0577,2.5661,,,9000.8718,2650.5335,2164.8192,182807.7063,53832.3354
920174.BJ,20220107,20.19,1.0366,1.2691,0.31,26.1876,17.165,3.4747,4.0337,2.551,,,9000.8718,2650.5335,2164.8192,181727.6016,53514.2714
920174.BJ,20220106,20.8,1.5975,1.956,0.43,26.9788,17.6836,3.5796,4.1556,2.628,,,9000.8718,2650.5335,2164.8192,187218.1334,55131.0968
920174.BJ,20220105,20.79,1.6205,1.9841,0.33,26.9658,17.6751,3.5779,4.1536,2.6268,,,9000.8718,2650.5335,2164.8192,187128.1247,55104.5915
920174.BJ,20220104,21.5,3.6315,4.4462,0.79,27.8867,18.2787,3.7001,4.2954,2.7165,,,9000.8718,2650.5335,2164.8192,193518.7437,56986.4703
