ts_code,trade_date,close,turnover_rate,turnover_rate_f,volume_ratio,pe,pe_ttm,pb,ps,ps_ttm,dv_ratio,dv_ttm,total_share,float_share,free_share,total_mv,circ_mv
920471.BJ,20251231,12.69,1.5901,2.6498,0.92,,,2.0099,1.9567,2.28,0.7779,0.7759,8320.0,5303.0607,3182.2643,105580.8,67295.8403
920471.BJ,20251230,12.89,2.9242,4.873,2.08,,,2.0416,1.9875,2.316,0.7658,0.7639,8320.0,5303.0607,3182.2643,107244.8,68356.4524
920471.BJ,20251229,12.61,1.8658,3.1093,1.41,,,1.9972,1.9443,2.2657,0.7828,0.7808,8320.0,5303.0607,3182.2643,104915.2,66871.5954
920471.BJ,20251226,12.98,0.9815,1.6357,0.67,,,2.0558,2.0014,2.3321,0.7605,0.7586,8320.0,5303.0607,3182.2643,107993.6,68833.7279
920471.BJ,20251225,13.02,1.5423,2.5701,1.13,,,2.0622,2.0076,2.3393,0.7582,0.7562,8320.0,5303.0607,3182.2643,108326.4,69045.8503
920471.BJ,20251224,13.05,1.3622,2.2701,0.96,,,2.0669,2.0122,2.3447,0.7564,0.7545,8320.0,5303.0607,3182.2643,108576.0,69204.9421
920471.BJ,20251223,13.08,1.2647,2.1075,0.9,,,2.0717,2.0168,2.3501,0.7547,0.7528,8320.0,5303.0607,3182.2643,108825.6,69364.034
920471.BJ,20251222,13.21,1.4625,2.4372,1.05,,,2.0923,2.0369,2.3735,0.7473,0.7454,8320.0,5303.0607,3182.2643,109907.2,70053.4318
920471.BJ,20251219,13.22,1.7259,2.8761,1.13,,,2.0938,2.0384,2.3753,0.7467,0.7448,8320.0,5303.0607,3182.2643,109990.4,70106.4625
920471.BJ,20251218,13.07,1.035,1.7248,0.58,,,2.0701,2.0153,2.3483,0.7553,0.7533,8320.0,5303.0607,3182.2643,108742.4,69311.0033
920471.BJ,20251217,13.02,1.5739,2.6228,0.95,,,2.0622,2.0076,2.3393,0.7582,0.7562,8320.0,5303.0607,3182.2643,108326.4,69045.8503
920471.BJ,20251216,12.94,1.2175,2.0289,0.74,,,2.0495,1.9952,2.3249,0.7629,0.7609,8320.0,5303.0607,3182.2643,107660.8,68621.6055
920471.BJ,20251215,12.77,1.4401,2.3998,0.89,,,2.0226,1.969,2.2944,0.773,0.771,8320.0,5303.0607,3182.2643,106246.4,67720.0851
920471.BJ,20251212,12.71,2.3391,3.8979,1.5,,,2.0131,1.9598,2.2836,0.7767,0.7747,8320.0,5303.0607,3182.2643,105747.2,67401.9015
920471.BJ,20251211,12.93,2.3324,3.8868,1.71,,,2.0479,1.9937,2.3232,0.7634,0.7615,8320.0,5303.0607,3182.2643,107577.6,68568.5749
920471.BJ,20251210,12.52,0.9322,1.5535,0.66,,,1.983,1.9305,2.2495,0.7885,0.7864,8320.0,5303.0607,3182.2643,104166.4,66394.32
920471.BJ,20251209,12.6,1.1633,1.9386,0.8,,,1.9956,1.9428,2.2639,0.7834,0.7814,8320.0,5303.0607,3182.2643,104832.0,66818.5648
920471.BJ,20251208,12.83,1.3415,2.2356,0.9,,,2.0321,1.9783,2.3052,0.7694,0.7674,8320.0,5303.0607,3182.2643,106745.6,68038.2688
920471.BJ,20251205,12.86,2.0372,3.3949,1.57,,,2.0368,1.9829,2.3106,0.7676,0.7656,8320.0,5303.0607,3182.2643,106995.2,68197.3606
920471.BJ,20251204,12.61,1.3506,2.2507,1.1,,,1.9972,1.9443,2.2657,0.7828,0.7808,8320.0,5303.0607,3182.2643,104915.2,66871.5954
920471.BJ,20251203,12.81,1.1974,1.9955,0.95,,,2.0289,1.9752,2.3016,0.7706,0.7686,8320.0,5303.0607,3182.2643,106579.2,67932.2076
920471.BJ,20251202,12.99,1.3577,2.2626,1.0,,,2.0574,2.0029,2.3339,0.7599,0.758,8320.0,5303.0607,3182.2643,108076.8,68886.7585
920471.BJ,20251201,13.28,1.5503,2.5836,0.94,,,2.1033,2.0476,2.386,0.7433,0.7414,8320.0,5303.0607,3182.2643,110489.6,70424.6461
920471.BJ,20251128,12.92,1.0235,1.7056,0.48,,,2.0463,1.9921,2.3214,0.764,0.7621,8320.0,5303.0607,3182.2643,107494.4,68515.5442
920471.BJ,20251127,12.95,1.0289,1.7146,0.42,,,2.0511,1.9968,2.3267,0.7623,0.7603,8320.0,5303.0607,3182.2643,107744.0,68674.6361
920471.BJ,20251126,13.11,1.3393,2.2318,0.51,,,2.0764,2.0214,2.3555,0.753,0.751,8320.0,5303.0607,3182.2643,109075.2,69523.1258
920471.BJ,20251125,13.22,1.8761,3.1264,0.69,,,2.0938,2.0384,2.3753,0.7467,0.7448,8320.0,5303.0607,3182.2643,109990.4,70106.4625
920471.BJ,20251124,13.12,2.9352,4.8914,1.2,,,2.078,2.023,2.3573,0.7524,0.7505,8320.0,5303.0607,3182.2643,109158.4,69576.1564
920471.BJ,20251121,13.27,3.4898,5.8155,1.69,,,2.1018,2.0461,2.3842,0.7439,0.742,8320.0,5303.0607,3182.2643,110406.4,70371.6155
920471.BJ,20251120,14.12,2.4807,4.1339,1.23,,,2.2364,2.1772,2.537,0.6991,0.6973,8320.0,5303.0607,3182.2643,117478.4,74879.2171
920471.BJ,20251119,14.1,2.3113,3.8516,1.23,,,2.2332,2.1741,2.5334,0.7001,0.6983,8320.0,5303.0607,3182.2643,117312.0,74773.1559
920471.BJ,20251118,14.05,2.4639,4.106,1.56,,,2.2253,2.1664,2.5244,0.7026,0.7008,8320.0,5303.0607,3182.2643,116896.0,74508.0028
920471.BJ,20251117,14.42,1.4833,2.4719,0.92,,,2.2839,2.2234,2.5909,0.6846,0.6828,8320.0,5303.0607,3182.2643,119974.4,76470.1353
920471.BJ,20251114,14.7,1.5806,2.634,0.89,,,2.3283,2.2666,2.6412,0.6715,0.6698,8320.0,5303.0607,3182.2643,122304.0,77954.9923
920471.BJ,20251113,15.15,2.2234,3.7051,1.31,,,2.3995,2.336,2.722,0.6516,0.6499,8320.0,5303.0607,3182.2643,126048.0,80341.3696
920471.BJ,20251112,15.18,1.6372,2.7282,0.98,,,2.4043,2.3406,2.7274,0.6503,0.6486,8320.0,5303.0607,3182.2643,126297.6,80500.4614
920471.BJ,20251111,15.09,0.9685,1.614,0.5,,,2.39,2.3267,2.7112,0.6542,0.6525,8320.0,5303.0607,3182.2643,125548.8,80023.186
920471.BJ,20251110,14.91,1.6946,2.824,0.7,,,2.3615,2.299,2.6789,0.6621,0.6604,8320.0,5303.0607,3182.2643,124051.2,79068.635
920471.BJ,20251107,15.06,2.3448,3.9075,0.98,,,2.3853,2.3221,2.7059,0.6555,0.6538,8320.0,5303.0607,3182.2643,125299.2,79864.0941
920471.BJ,20251106,15.08,1.8119,3.0195,0.72,,,2.3884,2.3252,2.7094,0.6546,0.6529,8320.0,5303.0607,3182.2643,125465.6,79970.1554
920471.BJ,20251105,15.17,1.5449,2.5746,0.55,,,2.4027,2.3391,2.7256,0.6507,0.6491,8320.0,5303.0607,3182.2643,126214.4,80447.4308
920471.BJ,20251104,15.03,2.2676,3.7788,0.9,,,2.3805,2.3175,2.7005,0.6568,0.6551,8320.0,5303.0607,3182.2643,125049.6,79705.0023
920471.BJ,20251103,15.35,4.1858,6.9754,2.18,,,2.4312,2.3668,2.758,0.6431,0.6414,8320.0,5303.0607,3182.2643,127712.0,81401.9817
920471.BJ,20251031,15.07,2.2143,3.69,1.26,,,2.3869,2.3236,2.7077,0.655,0.6534,8320.0,5303.0607,3182.2643,125382.4,79917.1247
920471.BJ,20251030,14.97,2.3231,3.8713,1.44,,,2.371,2.3082,2.6897,0.6594,0.6577,8320.0,5303.0607,3182.2643,124550.4,79386.8187
920471.BJ,20251029,15.15,3.0815,5.1352,1.98,,,2.3995,2.336,2.722,0.6516,0.6499,8320.0,5303.0607,3182.2643,126048.0,80341.3696
920471.BJ,20251028,14.56,0.7965,1.3272,0.43,,,2.3084,2.245,2.4783,0.678,0.6762,8320.0,5303.0607,3182.2643,121139.2,77212.5638
920471.BJ,20251027,14.76,1.1824,1.9704,0.63,,,2.3401,2.2759,2.5123,0.6688,0.6671,8320.0,5303.0607,3182.2643,122803.2,78273.1759
920471.BJ,20251024,14.68,1.3718,2.2861,0.73,,,2.3274,2.2635,2.4987,0.6724,0.6707,8320.0,5303.0607,3182.2643,122137.6,77848.9311
920471.BJ,20251023,14.79,1.6604,2.767,0.94,,,2.3449,2.2805,2.5174,0.6674,0.6657,8320.0,5303.0607,3182.2643,123052.8,78432.2678
920471.BJ,20251022,14.85,2.7522,4.5864,1.93,,,2.3544,2.2897,2.5276,0.6647,0.663,8320.0,5303.0607,3182.2643,123552.0,78750.4514
920471.BJ,20251021,14.72,2.3125,3.8537,1.76,,,2.3338,2.2697,2.5055,0.6706,0.6689,8320.0,5303.0607,3182.2643,122470.4,78061.0535
920471.BJ,20251020,14.18,1.2187,2.031,0.9,,,2.2482,2.1864,2.4136,0.6961,0.6944,8320.0,5303.0607,3182.2643,117977.6,75197.4007
920471.BJ,20251017,14.16,1.4338,2.3894,1.05,,,2.245,2.1833,2.4102,0.6971,0.6953,8320.0,5303.0607,3182.2643,117811.2,75091.3395
920471.BJ,20251016,14.41,1.1215,1.8688,0.74,,,2.2846,2.2219,2.4527,0.685,0.6833,8320.0,5303.0607,3182.2643,119891.2,76417.1047
920471.BJ,20251015,14.73,1.0453,1.742,0.59,,,2.3354,2.2712,2.5072,0.6702,0.6684,8320.0,5303.0607,3182.2643,122553.6,78114.0841
920471.BJ,20251014,14.6,1.7614,2.9353,0.95,,,2.3147,2.2512,2.4851,0.6761,0.6744,8320.0,5303.0607,3182.2643,121472.0,77424.6862
920471.BJ,20251013,14.6,1.3882,2.3133,0.67,,,2.3147,2.2512,2.4851,0.6761,0.6744,8320.0,5303.0607,3182.2643,121472.0,77424.6862
920471.BJ,20251010,14.7,1.492,2.4864,0.69,,,2.3306,2.2666,2.5021,0.6715,0.6698,8320.0,5303.0607,3182.2643,122304.0,77954.9923
920471.BJ,20251009,14.59,1.932,3.2195,0.87,,,2.3132,2.2496,2.4834,0.6766,0.6749,8320.0,5303.0607,3182.2643,121388.8,77371.6556
920471.BJ,20250930,14.8,2.3502,3.9164,0.99,,,2.3465,2.282,2.5191,0.667,0.6653,8320.0,5303.0607,3182.2643,123136.0,78485.2984
920471.BJ,20250929,15.15,2.1454,3.5752,0.71,,,2.4019,2.336,2.5787,0.6516,0.6499,8320.0,5303.0607,3182.2643,126048.0,80341.3696
920471.BJ,20250926,15.0,2.5123,4.1866,0.75,,,2.3782,2.3129,2.5532,0.6581,0.6564,8320.0,5303.0607,3182.2643,124800.0,79545.9105
920471.BJ,20250925,14.96,1.8989,3.1645,0.47,,,2.3718,2.3067,2.5464,0.6599,0.6582,8320.0,5303.0607,3182.2643,124467.2,79333.7881
920471.BJ,20250924,15.3,2.1484,3.5802,0.5,,,2.4257,2.3591,2.6042,0.6452,0.6435,8320.0,5303.0607,3182.2643,127296.0,81136.8287
920471.BJ,20250923,14.97,3.2171,5.3611,0.76,,,2.3734,2.3082,2.5481,0.6594,0.6577,8320.0,5303.0607,3182.2643,124550.4,79386.8187
920471.BJ,20250922,15.4,5.3772,8.9609,1.35,,,2.4416,2.3745,2.6213,0.641,0.6394,8320.0,5303.0607,3182.2643,128128.0,81667.1348
920471.BJ,20250919,16.29,4.2164,7.0263,0.91,,,2.5827,2.5118,2.7727,0.606,0.6044,8320.0,5303.0607,3182.2643,135532.8,86386.8588
920471.BJ,20250918,16.07,5.0959,8.492,1.11,,,2.5478,2.4778,2.7353,0.6143,0.6127,8320.0,5303.0607,3182.2643,133702.4,85220.1854
920471.BJ,20250917,16.35,3.4478,5.7455,0.71,,,2.5922,2.521,2.783,0.6038,0.6022,8320.0,5303.0607,3182.2643,136032.0,86705.0424
920471.BJ,20250916,16.13,3.0691,5.1145,0.53,,,2.5573,2.4871,2.7455,0.612,0.6104,8320.0,5303.0607,3182.2643,134201.6,85538.3691
920471.BJ,20250915,16.35,4.131,6.8841,0.56,,,2.5922,2.521,2.783,0.6038,0.6022,8320.0,5303.0607,3182.2643,136032.0,86705.0424
920471.BJ,20250912,16.88,7.5233,12.5372,0.76,,,2.6762,2.6027,2.8732,0.5848,0.5833,8320.0,5303.0607,3182.2643,140441.6,89515.6646
920471.BJ,20250911,16.3,4.8716,8.1182,0.47,,,2.5843,2.5133,2.7744,0.6056,0.6041,8320.0,5303.0607,3182.2643,135616.0,86439.8894
920471.BJ,20250910,16.07,4.673,7.7872,0.47,,,2.5478,2.4778,2.7353,0.6143,0.6127,8320.0,5303.0607,3182.2643,133702.4,85220.1854
920471.BJ,20250909,16.38,7.5457,12.5744,0.85,,,2.597,2.5256,2.7881,0.6026,0.6011,8320.0,5303.0607,3182.2643,136281.6,86864.1343
920471.BJ,20250908,17.7,12.5407,20.8984,1.82,,,2.8062,2.7292,3.0127,0.5577,0.5563,8320.0,5303.0607,3182.2643,147264.0,93864.1744
920471.BJ,20250905,17.58,19.7224,32.8662,5.71,,,2.7872,2.7107,2.9923,0.5615,0.5601,8320.0,5303.0607,3182.2643,146265.6,93227.8071
920471.BJ,20250904,16.26,6.9646,11.6061,2.6,,,2.5779,2.5071,2.7676,0.6071,0.6055,8320.0,5303.0607,3182.2643,135283.2,86227.767
920471.BJ,20250903,15.46,2.6622,4.4365,0.98,,,2.4511,2.3838,2.6315,0.6385,0.6369,8320.0,5303.0607,3182.2643,128627.2,81985.3184
920471.BJ,20250902,15.88,2.7586,4.597,1.04,,,2.5177,2.4485,2.703,0.6216,0.62,8320.0,5303.0607,3182.2643,132121.6,84212.6039
920471.BJ,20250901,15.61,2.3837,3.9723,0.89,,,2.4749,2.4069,2.657,0.6324,0.6308,8320.0,5303.0607,3182.2643,129875.2,82780.7775
920471.BJ,20250829,15.21,2.5057,4.1757,0.95,,,2.4115,2.3452,2.5889,0.649,0.6473,8320.0,5303.0607,3182.2643,126547.2,80659.5532
920471.BJ,20250828,15.26,3.0808,5.134,1.21,,,2.4194,2.3529,2.5974,0.6469,0.6452,8320.0,5303.0607,3182.2643,126963.2,80924.7063
920471.BJ,20250827,15.15,2.8425,4.7369,1.13,,,2.4019,2.336,2.5787,0.6516,0.6499,8320.0,5303.0607,3182.2643,126048.0,80341.3696
920471.BJ,20250826,15.76,2.4271,4.0446,0.81,,,2.4772,2.43,2.4525,0.6264,0.6248,8320.0,5303.0607,3182.2643,131123.2,83576.2366
920471.BJ,20250825,15.82,2.5663,4.2765,0.81,,,2.4866,2.4393,2.4618,0.624,0.6224,8320.0,5303.0607,3182.2643,131622.4,83894.4203
920471.BJ,20250822,16.0,2.3068,3.8441,0.71,,,2.5149,2.467,2.4898,0.617,0.6154,8320.0,5303.0607,3182.2643,133120.0,84848.9712
920471.BJ,20250821,16.05,2.5528,4.2541,0.74,,,2.5227,2.4748,2.4976,0.615,0.6135,8320.0,5303.0607,3182.2643,133536.0,85114.1242
920471.BJ,20250820,16.03,2.7265,4.5436,0.85,,,2.5196,2.4717,2.4945,0.6158,0.6142,8320.0,5303.0607,3182.2643,133369.6,85008.063
920471.BJ,20250819,15.83,4.9134,8.1878,1.94,,,2.4882,2.4408,2.4634,0.6236,0.622,8320.0,5303.0607,3182.2643,131705.6,83947.4509
920471.BJ,20250818,15.66,3.4355,5.7251,1.6,,,2.4614,2.4146,2.4369,0.6304,0.6287,8320.0,5303.0607,3182.2643,130291.2,83045.9306
920471.BJ,20250815,15.03,2.6862,4.4764,1.27,,,2.3624,2.3175,2.3389,0.6568,0.6551,8320.0,5303.0607,3182.2643,125049.6,79705.0023
920471.BJ,20250814,14.61,3.4799,5.7991,1.93,,,2.2964,2.2527,2.2735,0.6757,0.6739,8320.0,5303.0607,3182.2643,121555.2,77477.7168
920471.BJ,20250813,15.21,1.557,2.5947,0.85,,,2.3907,2.3452,2.3669,0.649,0.6473,8320.0,5303.0607,3182.2643,126547.2,80659.5532
920471.BJ,20250812,15.45,1.4786,2.464,0.78,,,2.4284,2.3822,2.4043,0.6389,0.6373,8320.0,5303.0607,3182.2643,128544.0,81932.2878
920471.BJ,20250811,15.63,1.5499,2.5828,0.8,,,2.4567,2.41,2.4323,0.6316,0.63,8320.0,5303.0607,3182.2643,130041.6,82886.8387
920471.BJ,20250808,15.65,2.5309,4.2176,1.3,,,2.4599,2.4131,2.4354,0.6308,0.6291,8320.0,5303.0607,3182.2643,130208.0,82992.9
920471.BJ,20250807,16.01,1.8908,3.1509,0.92,,,2.5165,2.4686,2.4914,0.6166,0.615,8320.0,5303.0607,3182.2643,133203.2,84902.0018
920471.BJ,20250806,15.92,1.7183,2.8635,0.8,,,2.5023,2.4547,2.4774,0.6201,0.6185,8320.0,5303.0607,3182.2643,132454.4,84424.7263
920471.BJ,20250805,15.85,1.8315,3.0521,0.83,,,2.4913,2.4439,2.4665,0.6228,0.6212,8320.0,5303.0607,3182.2643,131872.0,84053.5121
920471.BJ,20250804,15.87,1.7228,2.8709,0.7,,,2.4945,2.447,2.4696,0.622,0.6204,8320.0,5303.0607,3182.2643,132038.4,84159.5733
920471.BJ,20250801,16.03,2.5547,4.2573,0.99,,,2.5196,2.4717,2.4945,0.6158,0.6142,8320.0,5303.0607,3182.2643,133369.6,85008.063
920471.BJ,20250731,15.81,2.4298,4.0491,0.94,,,2.485,2.4377,2.4603,0.6244,0.6228,8320.0,5303.0607,3182.2643,131539.2,83841.3897
920471.BJ,20250730,16.02,2.1559,3.5927,0.81,,,2.518,2.4701,2.493,0.6162,0.6146,8320.0,5303.0607,3182.2643,133286.4,84955.0324
920471.BJ,20250729,16.01,2.153,3.5879,0.72,,,2.5165,2.4686,2.4914,0.6166,0.615,8320.0,5303.0607,3182.2643,133203.2,84902.0018
920471.BJ,20250728,16.29,3.0471,5.0778,1.07,,,2.5605,2.5118,2.535,0.606,0.6044,8320.0,5303.0607,3182.2643,135532.8,86386.8588
920471.BJ,20250725,16.21,3.1247,5.2072,1.21,,,2.5479,2.4994,2.5225,0.609,0.6074,8320.0,5303.0607,3182.2643,134867.2,85962.6139
920471.BJ,20250724,16.23,2.5087,4.1807,1.09,,,2.551,2.5025,2.5256,0.6082,0.6067,8320.0,5303.0607,3182.2643,135033.6,86068.6752
920471.BJ,20250723,15.94,2.3936,3.9887,1.17,,,2.5055,2.4578,2.4805,0.6193,0.6177,8320.0,5303.0607,3182.2643,132620.8,84530.7876
920471.BJ,20250722,16.27,3.9285,6.5465,2.43,,,2.5573,2.5087,2.5319,0.6067,0.6052,8320.0,5303.0607,3182.2643,135366.4,86280.7976
920471.BJ,20250721,16.01,2.2484,3.7469,1.48,,,2.5165,2.4686,2.4914,0.6166,0.615,8320.0,5303.0607,3182.2643,133203.2,84902.0018
920471.BJ,20250718,15.68,1.8021,3.0031,1.13,,,2.4646,2.4177,2.44,0.6296,0.6279,8320.0,5303.0607,3182.2643,130457.6,83151.9918
920471.BJ,20250717,15.78,1.1508,1.9178,0.6,,,2.4803,2.4331,2.4556,0.6256,0.624,8320.0,5303.0607,3182.2643,131289.6,83682.2978
920471.BJ,20250716,15.79,1.0894,1.8155,0.51,,,2.4819,2.4347,2.4572,0.6252,0.6236,8320.0,5303.0607,3182.2643,131372.8,83735.3285
920471.BJ,20250715,15.79,1.7933,2.9884,0.8,,,2.4819,2.4347,2.4572,0.6252,0.6236,8320.0,5303.0607,3182.2643,131372.8,83735.3285
920471.BJ,20250714,16.18,1.7516,2.9189,0.77,,,2.5432,2.4948,2.5179,0.6101,0.6085,8320.0,5303.0607,3182.2643,134617.6,85803.5221
920471.BJ,20250711,16.07,2.2044,3.6735,0.88,,,2.5259,2.4778,2.5007,0.6143,0.6127,8320.0,5303.0607,3182.2643,133702.4,85220.1854
920471.BJ,20250710,16.0,2.7676,4.6121,1.08,,,2.5149,2.467,2.4898,0.617,0.6154,8320.0,5303.0607,3182.2643,133120.0,84848.9712
920471.BJ,20250709,15.67,2.1326,3.5539,0.73,,,2.463,2.4162,2.4385,0.63,0.6283,8320.0,5303.0607,3182.2643,130374.4,83098.9612
920471.BJ,20250708,15.96,2.3224,3.8701,0.72,,,2.5086,2.4609,2.4836,0.6185,0.6169,8320.0,5303.0607,3182.2643,132787.2,84636.8488
920471.BJ,20250707,15.68,1.914,3.1896,0.58,,,2.4646,2.4177,2.44,0.6296,0.6279,8320.0,5303.0607,3182.2643,130457.6,83151.9918
920471.BJ,20250704,15.81,3.3974,5.6615,1.08,,,2.485,2.4377,2.4603,0.6244,0.6228,8320.0,5303.0607,3182.2643,131539.2,83841.3897
920471.BJ,20250703,16.46,3.0134,5.0216,0.95,,,2.5872,2.538,2.5614,0.5997,0.5982,8320.0,5303.0607,3182.2643,136947.2,87288.3791
920471.BJ,20250702,16.76,3.9352,6.5578,1.38,,,2.6343,2.5842,2.6081,0.589,0.5875,8320.0,5303.0607,3182.2643,139443.2,88879.2973
920471.BJ,20250701,16.66,3.9563,6.593,1.52,,,2.6186,2.5688,2.5925,0.5925,0.591,8320.0,5303.0607,3182.2643,138611.2,88348.9913
920471.BJ,20250630,16.35,2.1018,3.5025,0.79,,,2.5699,2.521,2.5443,0.6038,0.6022,8320.0,5303.0607,3182.2643,136032.0,86705.0424
920471.BJ,20250627,16.22,2.685,4.4744,1.02,,,2.5495,2.501,2.5241,0.6086,0.607,8320.0,5303.0607,3182.2643,134950.4,86015.6446
920471.BJ,20250626,16.28,3.1425,5.2369,1.17,,,2.5589,2.5102,2.5334,0.6064,0.6048,8320.0,5303.0607,3182.2643,135449.6,86333.8282
920471.BJ,20250625,16.36,2.3903,3.9832,0.87,,,2.5715,2.5226,2.5459,0.6034,0.6018,8320.0,5303.0607,3182.2643,136115.2,86758.0731
920471.BJ,20250624,16.28,2.7039,4.506,0.89,,,2.5589,2.5102,2.5334,0.6064,0.6048,8320.0,5303.0607,3182.2643,135449.6,86333.8282
920471.BJ,20250623,15.83,2.3377,3.8957,0.65,,,2.4882,2.4408,2.4634,0.6236,0.622,8320.0,5303.0607,3182.2643,131705.6,83947.4509
920471.BJ,20250620,15.41,2.5346,4.2237,0.65,,,2.4222,2.3761,2.398,0.6406,0.6389,8320.0,5303.0607,3182.2643,128211.2,81720.1654
920471.BJ,20250619,15.73,3.4558,5.7589,0.89,,,2.4724,2.4254,2.4478,0.6276,0.6259,8320.0,5303.0607,3182.2643,130873.6,83417.1448
920471.BJ,20250618,16.57,2.7343,4.5565,0.64,,,2.5648,2.5549,2.5785,0.5957,,8320.0,5303.0607,3182.2643,137862.4,87871.7158
920471.BJ,20250617,16.74,4.0682,6.7795,0.91,,,2.5911,2.5811,2.605,0.5897,,8320.0,5303.0607,3182.2643,139276.8,88773.2361
920471.BJ,20250616,16.9,5.2988,8.8301,1.15,,,2.6159,2.6058,2.6299,0.5841,,8320.0,5303.0607,3182.2643,140608.0,89621.7258
920471.BJ,20250613,16.4,3.8219,6.3689,0.73,,,2.5385,2.5287,2.5521,0.6019,0.6019,8320.0,5303.0607,3182.2643,136448.0,86970.1955
920471.BJ,20250612,17.08,3.4624,5.7699,0.66,,,2.6437,2.6336,2.6579,0.578,0.578,8320.0,5303.0607,3182.2643,142105.6,90576.2768
920471.BJ,20250611,17.35,4.66,7.7657,0.93,,,2.6855,2.6752,2.6999,0.569,0.569,8320.0,5303.0607,3182.2643,144352.0,92008.1031
920471.BJ,20250610,17.02,5.0468,8.4103,1.03,,,2.6344,2.6243,2.6486,0.58,0.58,8320.0,5303.0607,3182.2643,141606.4,90258.0931
920471.BJ,20250609,17.32,6.0719,10.1184,1.2,,,2.6809,2.6706,2.6953,0.5699,0.5699,8320.0,5303.0607,3182.2643,144102.4,91849.0113
920471.BJ,20250606,16.86,6.7885,11.3127,1.37,,,2.6097,2.5996,2.6237,0.5855,0.5855,8320.0,5303.0607,3182.2643,140275.2,89409.6034
920471.BJ,20250605,16.43,3.5466,5.9102,0.62,,,2.5431,2.5333,2.5568,0.6008,0.6008,8320.0,5303.0607,3182.2643,136697.6,87129.2873
920471.BJ,20250604,16.7,3.6901,6.1493,0.52,,,2.5849,2.575,2.5988,0.5911,0.5911,8320.0,5303.0607,3182.2643,138944.0,88561.1137
920471.BJ,20250603,16.7,4.4188,7.3636,0.57,,,2.5849,2.575,2.5988,0.5911,0.5911,8320.0,5303.0607,3182.2643,138944.0,88561.1137
920471.BJ,20250530,16.5,6.8686,11.4461,0.77,,,2.554,2.5441,2.5677,0.5983,0.5983,8320.0,5303.0607,3182.2643,137280.0,87500.5016
920471.BJ,20250529,17.4,6.3399,10.5651,0.69,,,2.6933,2.6829,2.7077,0.5673,0.5673,8320.0,5303.0607,3182.2643,144768.0,92273.2562
920471.BJ,20250528,17.07,7.3851,12.3068,0.78,,,2.6422,2.632,2.6564,0.5783,0.5783,8320.0,5303.0607,3182.2643,142022.4,90523.2461
920471.BJ,20250527,18.03,10.3924,17.3184,1.11,,,2.7908,2.7801,2.8057,0.5475,0.5475,8320.0,5303.0607,3182.2643,150009.6,95614.1844
920471.BJ,20250526,17.62,7.8991,13.1635,0.86,,,2.7273,2.7168,2.7419,0.5602,0.5602,8320.0,5303.0607,3182.2643,146598.4,93439.9295
920471.BJ,20250523,17.27,12.7725,21.2847,1.39,,,2.6731,2.6629,2.6875,0.5716,0.5716,8320.0,5303.0607,3182.2643,143686.4,91583.8583
920471.BJ,20250522,16.53,7.7847,12.9728,0.67,,,2.5586,2.5488,2.5723,0.5972,0.5972,8320.0,5303.0607,3182.2643,137529.6,87659.5934
920471.BJ,20250521,17.5,8.7837,14.6375,0.73,,,2.7087,2.6983,2.7233,0.5641,0.5641,8320.0,5303.0607,3182.2643,145600.0,92803.5623
920471.BJ,20250520,17.81,9.5115,15.8503,0.76,,,2.7567,2.7461,2.7715,0.5543,0.5543,8320.0,5303.0607,3182.2643,148179.2,94447.5111
920471.BJ,20250519,17.36,7.147,11.9101,0.56,,,2.6871,2.6767,2.7015,0.5686,0.5686,8320.0,5303.0607,3182.2643,144435.2,92061.1338
920471.BJ,20250516,17.71,12.7952,21.3224,1.12,,,2.7412,2.7307,2.7559,0.5574,0.5574,8320.0,5303.0607,3182.2643,147347.2,93917.205
920471.BJ,20250515,18.49,20.085,33.4704,2.31,,,2.862,2.851,2.8773,0.5339,0.5339,8320.0,5303.0607,3182.2643,153836.8,98053.5923
920471.BJ,20250514,17.06,10.797,17.9926,1.25,,,2.6406,2.6305,2.6548,0.5786,0.5786,8320.0,5303.0607,3182.2643,141939.2,90470.2155
920471.BJ,20250513,17.24,11.6213,19.3663,1.54,,,2.6685,2.6582,2.6828,0.5726,0.5726,8320.0,5303.0607,3182.2643,143436.8,91424.7665
920471.BJ,20250512,17.06,8.8981,14.8282,1.19,,,2.6406,2.6305,2.6548,0.5786,0.5786,8320.0,5303.0607,3182.2643,141939.2,90470.2155
920471.BJ,20250509,16.45,5.6,9.332,0.73,,,2.5462,2.5364,2.5599,0.6001,0.6001,8320.0,5303.0607,3182.2643,136864.0,87235.3485
920471.BJ,20250508,16.41,6.4785,10.796,0.86,,,2.54,2.5303,2.5536,0.6015,0.6015,8320.0,5303.0607,3182.2643,136531.2,87023.2261
920471.BJ,20250507,16.68,10.6036,17.6703,1.58,,,2.5818,2.5719,2.5957,0.5918,0.5918,8320.0,5303.0607,3182.2643,138777.6,88455.0525
920471.BJ,20250506,15.72,6.0345,10.0562,0.86,,,2.4332,2.4239,2.4463,0.628,0.628,8320.0,5303.0607,3182.2643,130790.4,83364.1142
920471.BJ,20250430,15.05,8.7179,14.5278,1.16,,,2.3295,2.3206,2.342,0.6559,0.6559,8320.0,5303.0607,3182.2643,125216.0,79811.0635
920471.BJ,20250429,15.54,6.7376,10.9067,0.75,57.2876,201.0539,2.3611,2.705,2.3955,0.6352,0.6352,8320.0,5303.0607,3275.9643,129292.8,82409.5633
920471.BJ,20250428,14.67,5.4448,8.814,0.54,54.0804,189.798,2.2289,2.5535,2.2614,0.6729,0.6729,8320.0,5303.0607,3275.9643,122054.4,77795.9005
920471.BJ,20250425,15.63,6.6554,10.7736,0.55,57.6194,202.2183,2.3747,2.7206,2.4094,0.6316,0.6316,8320.0,5303.0607,3275.9643,130041.6,82886.8387
920471.BJ,20250424,16.16,7.5342,12.1962,0.57,59.5732,209.0753,2.4553,2.8129,2.4911,0.6109,0.6109,8320.0,5303.0607,3275.9643,134451.2,85697.4609
920471.BJ,20250423,16.63,11.1162,17.9947,0.9,61.3059,215.1561,2.5267,2.8947,2.5635,0.5936,0.5936,8320.0,5303.0607,3275.9643,138361.6,88189.8994
920471.BJ,20250422,17.42,14.4095,23.3258,1.28,64.2182,225.377,2.6467,3.0322,2.6853,0.5667,0.5667,8320.0,5303.0607,3275.9643,144934.4,92379.3174
920471.BJ,20250421,16.85,11.151,18.0509,1.11,62.1169,218.0025,2.5601,2.933,2.5974,0.5858,0.5858,8320.0,5303.0607,3275.9643,140192.0,89356.5728
920471.BJ,20250418,17.1,16.183,26.1968,1.97,63.0385,221.2369,2.5981,2.9765,2.636,0.5773,0.5773,8320.0,5303.0607,3275.9643,142272.0,90682.338
920471.BJ,20250417,16.77,13.4401,21.7565,1.87,61.822,216.9674,2.5479,2.9191,2.5851,0.5886,0.5886,8320.0,5303.0607,3275.9643,139526.4,88932.3279
920471.BJ,20250416,15.64,6.3582,10.2926,0.8,57.6563,202.3477,2.3763,2.7224,2.4109,0.6312,0.6312,8320.0,5303.0607,3275.9643,130124.8,82939.8693
920471.BJ,20250415,16.25,9.1855,14.8693,1.23,59.905,210.2398,2.4689,2.8286,2.5049,0.6075,0.6075,8320.0,5303.0607,3275.9643,135200.0,86174.7364
920471.BJ,20250414,15.79,5.2238,8.4562,0.64,58.2092,204.2884,2.399,2.7485,2.434,0.6252,0.6252,8320.0,5303.0607,3275.9643,131372.8,83735.3285
920471.BJ,20250411,15.5,6.9133,11.191,0.84,57.1402,200.5364,2.355,2.698,2.3893,0.6369,0.6369,8320.0,5303.0607,3275.9643,128960.0,82197.4409
920471.BJ,20250410,15.44,8.2161,13.3001,1.07,56.919,199.7601,2.3459,2.6876,2.3801,0.6393,0.6393,8320.0,5303.0607,3275.9643,128460.8,81879.2572
920471.BJ,20250409,14.9,10.2156,16.5367,1.46,54.9283,192.7737,2.2638,2.5936,2.2968,0.6625,0.6625,8320.0,5303.0607,3275.9643,123968.0,79015.6044
920471.BJ,20250408,13.55,6.8011,11.0094,0.93,49.9516,175.3076,2.0587,2.3586,2.0887,0.7285,0.7285,8320.0,5303.0607,3275.9643,112736.0,71856.4725
920471.BJ,20250407,12.6,8.9831,14.5417,1.05,46.4494,163.0167,1.9144,2.1932,1.9423,0.7834,0.7834,8320.0,5303.0607,3275.9643,104832.0,66818.5648
920471.BJ,20250403,16.63,6.8111,11.0257,0.6,61.3059,215.1561,2.5267,2.8947,2.5635,0.5936,0.5936,8320.0,5303.0607,3275.9643,138361.6,88189.8994
920471.BJ,20250402,16.01,5.4185,8.7713,0.42,59.0203,207.1347,2.4325,2.7868,2.4679,0.6166,0.6166,8320.0,5303.0607,3275.9643,133203.2,84902.0018
920471.BJ,20250401,16.01,6.9845,11.3064,0.45,59.0203,207.1347,2.4325,2.7868,2.4679,0.6166,0.6166,8320.0,5303.0607,3275.9643,133203.2,84902.0018
920471.BJ,20250331,15.53,8.2637,13.377,0.54,57.2508,200.9245,2.3595,2.7032,2.394,0.6356,0.6356,8320.0,5303.0607,3275.9643,129209.6,82356.5327
920471.BJ,20250328,17.03,15.1687,24.5547,1.12,62.7805,220.3313,2.5874,2.9643,2.6252,0.5796,0.5796,8320.0,5303.0607,3275.9643,141689.6,90311.1237
920471.BJ,20250327,19.13,20.9707,33.9469,1.92,70.522,247.5007,2.9065,3.3299,2.9489,0.516,0.516,8320.0,5303.0607,3275.9643,159161.6,101447.5512
920471.BJ,20250326,18.14,13.8094,22.3544,1.24,66.8724,234.6923,2.7561,3.1576,2.7963,0.5442,0.5442,8320.0,5303.0607,3275.9643,150924.8,96197.5211
920471.BJ,20250325,19.1,18.5809,30.0784,1.58,70.4114,247.1126,2.9019,3.3247,2.9443,0.5168,0.5168,8320.0,5303.0607,3275.9643,158912.0,101288.4594
920471.BJ,20250324,17.62,8.1212,13.1465,0.51,64.9555,227.9646,2.6771,3.067,2.7161,0.5602,0.5602,8320.0,5303.0607,3275.9643,146598.4,93439.9295
920471.BJ,20250321,16.88,6.3059,10.2079,0.36,62.2275,218.3906,2.5647,2.9382,2.6021,0.5848,0.5848,8320.0,5303.0607,3275.9643,140441.6,89515.6646
920471.BJ,20250320,16.91,7.9246,12.8282,0.42,62.3381,218.7787,2.5692,2.9435,2.6067,0.5838,0.5838,8320.0,5303.0607,3275.9643,140691.2,89674.7564
920471.BJ,20250319,17.5,14.6443,23.7059,0.86,64.5131,226.412,2.6589,3.0461,2.6976,0.5641,0.5641,8320.0,5303.0607,3275.9643,145600.0,92803.5623
920471.BJ,20250318,19.98,21.9158,35.4768,1.62,73.6555,258.4979,3.0357,3.4778,3.0799,0.4941,0.4941,8320.0,5303.0607,3275.9643,166233.6,105955.1528
920471.BJ,20250317,23.09,28.3026,51.7488,3.1,85.1204,298.7345,3.5082,4.0192,3.5593,0.4275,0.4275,8320.0,5303.0607,2900.3643,192108.8,122447.6716
920471.BJ,20250314,18.36,13.8825,25.383,1.66,67.6835,237.5386,2.7895,3.1958,2.8302,0.5377,0.5377,8320.0,5303.0607,2900.3643,152755.2,97364.1945
920471.BJ,20250313,17.87,14.5614,26.6243,1.72,65.8771,231.199,2.7151,3.1106,2.7547,0.5524,0.5524,8320.0,5303.0607,2900.3643,148678.4,94765.6947
920471.BJ,20250312,16.64,6.02,11.007,0.59,61.3427,215.2855,2.5282,2.8965,2.5651,0.5932,0.5932,8320.0,5303.0607,2900.3643,138444.8,88242.93
920471.BJ,20250311,16.51,4.9085,8.9747,0.42,60.8635,213.6036,2.5084,2.8738,2.545,0.5979,0.5979,8320.0,5303.0607,2900.3643,137363.2,87553.5322
920471.BJ,20250310,16.58,6.3103,11.5379,0.52,61.1216,214.5092,2.5191,2.886,2.5558,0.5954,0.5954,8320.0,5303.0607,2900.3643,137945.6,87924.7464
920471.BJ,20250307,16.27,10.0822,18.4343,0.91,59.9787,210.4985,2.472,2.832,2.508,0.6067,0.6067,8320.0,5303.0607,2900.3643,135366.4,86280.7976
920471.BJ,20250306,17.16,15.1166,27.6393,1.66,63.2597,222.0132,2.6072,2.987,2.6452,0.5753,0.5753,8320.0,5303.0607,2900.3643,142771.2,91000.5216
920471.BJ,20250305,17.01,14.5789,26.6562,1.85,62.7067,220.0725,2.5844,2.9609,2.6221,0.5803,0.5803,8320.0,5303.0607,2900.3643,141523.2,90205.0625
920471.BJ,20250304,16.79,12.4235,22.7153,2.08,61.8957,217.2262,2.551,2.9226,2.5882,0.5879,0.5879,8320.0,5303.0607,2900.3643,139692.8,89038.3892
920471.BJ,20250303,15.4,8.9827,16.4241,1.86,56.7715,199.2426,2.3398,2.6806,2.3739,0.641,0.641,8320.0,5303.0607,2900.3643,128128.0,81667.1348
920471.BJ,20250228,14.3,4.591,8.3942,1.0,52.7164,185.011,2.1727,2.4891,2.2044,0.6903,0.6903,8320.0,5303.0607,2900.3643,118976.0,75833.768
920471.BJ,20250227,14.62,4.952,9.0544,1.1,53.8961,53.2373,2.1785,2.5448,2.2877,0.6752,0.6752,8320.0,5303.0607,2900.3643,121638.4,77530.7474
920471.BJ,20250226,14.75,8.3583,15.2824,2.49,54.3753,53.7107,2.1979,2.5675,2.308,0.6692,0.6692,8320.0,5303.0607,2900.3643,122720.0,78220.1453
920471.BJ,20250225,14.04,2.9645,5.4204,0.89,51.7579,51.1253,2.0921,2.4439,2.1969,0.7031,0.7031,8320.0,5303.0607,2900.3643,116812.8,74454.9722
920471.BJ,20250224,14.47,3.2903,6.016,0.99,53.3431,52.6911,2.1561,2.5187,2.2642,0.6822,0.6822,8320.0,5303.0607,2900.3643,120390.4,76735.2883
920471.BJ,20250221,14.45,3.3843,6.1879,0.99,53.2694,52.6183,2.1532,2.5152,2.2611,0.6831,0.6831,8320.0,5303.0607,2900.3643,120224.0,76629.2271
920471.BJ,20250220,14.44,4.5246,8.2728,1.4,53.2325,52.5819,2.1517,2.5135,2.2595,0.6836,0.6836,8320.0,5303.0607,2900.3643,120140.8,76576.1965
920471.BJ,20250219,14.15,2.6414,4.8296,0.73,52.1634,51.5259,2.1085,2.463,2.2142,0.6976,0.6976,8320.0,5303.0607,2900.3643,117728.0,75038.3089
920471.BJ,20250218,13.81,2.8855,5.2759,0.69,50.91,50.2878,2.0578,2.4038,2.1609,0.7148,0.7148,8320.0,5303.0607,2900.3643,114899.2,73235.2683
920471.BJ,20250217,14.46,3.2569,5.955,0.74,53.3063,52.6547,2.1547,2.517,2.2627,0.6827,0.6827,8320.0,5303.0607,2900.3643,120307.2,76682.2577
920471.BJ,20250214,14.43,3.7401,6.8384,0.78,53.1957,52.5455,2.1502,2.5118,2.258,0.6841,0.6841,8320.0,5303.0607,2900.3643,120057.6,76523.1659
920471.BJ,20250213,14.15,3.6543,6.6816,0.79,52.1634,51.5259,2.1085,2.463,2.2142,0.6976,0.6976,8320.0,5303.0607,2900.3643,117728.0,75038.3089
920471.BJ,20250212,14.6,4.5527,8.3241,1.1,53.8224,53.1645,2.1755,2.5414,2.2846,0.6761,0.6761,8320.0,5303.0607,2900.3643,121472.0,77424.6862
920471.BJ,20250211,14.32,5.5551,10.157,1.66,52.7901,52.1449,2.1338,2.4926,2.2408,0.6893,0.6893,8320.0,5303.0607,2900.3643,119142.4,75939.8292
920471.BJ,20250210,14.3,4.3582,7.9686,1.54,52.7164,52.0721,2.1308,2.4891,2.2376,0.6903,0.6903,8320.0,5303.0607,2900.3643,118976.0,75833.768
920471.BJ,20250207,13.84,5.7575,10.5271,2.67,51.0206,50.397,2.0623,2.4091,2.1656,0.7133,0.7133,8320.0,5303.0607,2900.3643,115148.8,73394.3601
920471.BJ,20250206,13.31,2.9219,5.3424,1.51,49.0668,48.4671,1.9833,2.3168,2.0827,0.7417,0.7417,8320.0,5303.0607,2900.3643,110739.2,70583.7379
920471.BJ,20250205,12.62,2.06,3.7665,1.03,46.5232,45.9545,1.8805,2.1967,1.9747,0.7822,0.7822,8320.0,5303.0607,2900.3643,104998.4,66924.626
920471.BJ,20250127,12.91,1.6669,3.0477,0.74,47.5922,47.0105,1.9237,2.2472,2.0201,0.7646,0.7646,8320.0,5303.0607,2900.3643,107411.2,68462.5136
920471.BJ,20250124,13.37,1.7533,3.2057,0.68,49.288,48.6856,1.9922,2.3273,2.0921,0.7383,0.7383,8320.0,5303.0607,2900.3643,111238.4,70901.9216
920471.BJ,20250123,13.28,2.3891,4.3682,0.67,48.9562,48.3578,1.9788,2.3116,2.078,0.7433,0.7433,8320.0,5303.0607,2900.3643,110489.6,70424.6461
920471.BJ,20250122,13.41,1.8333,3.3521,0.35,49.4355,48.8312,1.9982,2.3342,2.0984,0.7361,0.7361,8320.0,5303.0607,2900.3643,111571.2,71114.044
920471.BJ,20250121,13.79,2.3847,4.3601,0.34,50.8363,50.215,2.0548,2.4004,2.1578,0.7158,0.7158,8320.0,5303.0607,2900.3643,114732.8,73129.2071
920471.BJ,20250120,13.73,2.8533,5.217,0.37,50.6151,49.9965,2.0459,2.3899,2.1484,0.719,0.719,8320.0,5303.0607,2900.3643,114233.6,72811.0234
920471.BJ,20250117,14.06,3.4798,6.3625,0.41,51.8317,51.1981,2.0951,2.4474,2.2001,0.7021,0.7021,8320.0,5303.0607,2900.3643,116979.2,74561.0334
920471.BJ,20250116,14.38,7.2617,13.2775,0.77,53.0113,52.3634,2.1427,2.5031,2.2501,0.6865,0.6865,8320.0,5303.0607,2900.3643,119641.6,76258.0129
920471.BJ,20250115,14.66,10.4815,19.1646,1.06,54.0435,53.383,2.1845,2.5518,2.294,0.6734,0.6734,8320.0,5303.0607,2900.3643,121971.2,77742.8699
920471.BJ,20250114,15.35,11.3954,20.8354,1.32,56.5872,55.8956,2.2873,2.6719,2.4019,0.6431,0.6431,8320.0,5303.0607,2900.3643,127712.0,81401.9817
920471.BJ,20250113,13.91,6.016,10.9998,0.74,51.2787,50.6519,2.0727,2.4213,2.1766,0.7097,0.7097,8320.0,5303.0607,2900.3643,115731.2,73765.5743
920471.BJ,20250110,13.49,7.2069,13.1772,0.97,49.7304,49.1225,2.0101,2.3481,2.1109,0.7318,0.7318,8320.0,5303.0607,2900.3643,112236.8,71538.2888
920471.BJ,20250109,14.92,11.8441,21.6559,2.14,55.002,54.3297,2.2232,2.5971,2.3346,0.6616,0.6616,8320.0,5303.0607,2900.3643,124134.4,79121.6656
920471.BJ,20250108,14.71,12.8961,23.5794,3.74,54.2279,53.5651,2.1919,2.5605,2.3018,0.6711,0.6711,8320.0,5303.0607,2900.3643,122387.2,78008.0229
920471.BJ,20250107,12.99,5.2767,9.6481,1.73,47.8872,47.3018,1.9356,2.2611,2.0326,0.7599,0.7599,8320.0,5303.0607,2900.3643,108076.8,68886.7585
920471.BJ,20250106,12.52,3.6869,6.7412,1.35,46.1545,45.5904,1.8656,2.1793,1.9591,0.7885,0.7885,8320.0,5303.0607,2900.3643,104166.4,66394.32
920471.BJ,20250103,12.05,3.3945,6.2066,1.34,44.4219,43.8789,1.7955,2.0975,1.8855,0.8192,0.8192,8320.0,5303.0607,2900.3643,100256.0,63901.8814
920471.BJ,20250102,11.91,2.4538,4.4866,0.94,43.9058,43.3691,1.7747,2.0731,1.8636,0.8288,0.8288,8320.0,5303.0607,2900.3643,99091.2,63159.4529
920471.BJ,20241231,12.15,2.4458,4.472,0.92,44.7905,44.2431,1.8104,2.1149,1.9012,1.6461,0.8125,8320.0,5303.0607,2900.3643,101088.0,64432.1875
920471.BJ,20241230,12.09,3.2728,5.9841,1.28,44.5693,44.0246,1.8015,2.1045,1.8918,1.6543,0.8165,8320.0,5303.0607,2900.3643,100588.8,64114.0039
920471.BJ,20241227,12.97,2.0824,3.8075,0.8,47.8134,47.229,1.9326,2.2576,2.0295,1.542,0.7611,8320.0,5303.0607,2900.3643,107910.4,68780.6973
920471.BJ,20241226,12.77,2.3911,4.3719,0.75,47.0761,46.5007,1.9028,2.2228,1.9982,1.5662,0.773,8320.0,5303.0607,2900.3643,106246.4,67720.0851
920471.BJ,20241225,12.73,2.8526,5.2158,0.91,46.9287,46.3551,1.8969,2.2159,1.992,1.5711,0.7754,8320.0,5303.0607,2900.3643,105913.6,67507.9627
920471.BJ,20241224,13.28,2.6248,4.7991,0.86,48.9562,48.3578,1.9788,2.3116,2.078,1.506,0.7433,8320.0,5303.0607,2900.3643,110489.6,70424.6461
920471.BJ,20241223,13.3,2.7839,5.0901,0.91,49.03,48.4307,1.9818,2.3151,2.0811,1.5038,0.7422,8320.0,5303.0607,2900.3643,110656.0,70530.7073
920471.BJ,20241220,14.25,2.3836,4.3582,0.71,52.5321,51.89,2.1234,2.4804,2.2298,1.4035,0.6927,8320.0,5303.0607,2900.3643,118560.0,75568.615
920471.BJ,20241219,14.35,5.3121,9.7127,1.81,52.9007,52.2541,2.1383,2.4978,2.2454,1.3937,0.6879,8320.0,5303.0607,2900.3643,119392.0,76098.921
920471.BJ,20241218,13.82,2.5145,4.5975,0.76,50.9469,50.3242,2.0593,2.4056,2.1625,1.4472,0.7143,8320.0,5303.0607,2900.3643,114982.4,73288.2989
920471.BJ,20241217,14.23,2.3389,4.2765,0.54,52.4584,51.8172,2.1204,2.477,2.2267,1.4055,0.6937,8320.0,5303.0607,2900.3643,118393.6,75462.5538
920471.BJ,20241216,15.1,2.7504,5.0288,0.48,55.6656,54.9852,2.25,2.6284,2.3628,1.3245,0.6537,8320.0,5303.0607,2900.3643,125632.0,80076.2166
920471.BJ,20241213,15.79,3.9161,7.1603,0.64,58.2092,57.4978,2.3528,2.7485,2.4708,1.2666,0.6252,8320.0,5303.0607,2900.3643,131372.8,83735.3285
920471.BJ,20241212,15.9,3.1565,5.7713,0.48,58.6148,57.8983,2.3692,2.7676,2.488,1.2579,0.6208,8320.0,5303.0607,2900.3643,132288.0,84318.6651
920471.BJ,20241211,15.66,4.419,8.0797,0.62,57.73,57.0244,2.3335,2.7259,2.4504,1.2771,0.6304,8320.0,5303.0607,2900.3643,130291.2,83045.9306
920471.BJ,20241210,16.02,13.6306,13.6306,0.97,59.0571,58.3353,2.3871,2.7885,2.5068,1.2484,0.6162,8320.0,2858.4143,2858.4143,133286.4,45791.7971
920471.BJ,20241209,16.27,17.8493,17.8493,1.28,59.9787,59.2456,2.4244,2.832,2.5459,1.2293,0.6067,8320.0,2858.4143,2858.4143,135366.4,46506.4007
920471.BJ,20241206,18.4,10.98,10.98,0.67,67.8309,67.0018,2.7417,3.2028,2.8792,1.087,0.5365,8320.0,2858.4143,2858.4143,153088.0,52594.8231
920471.BJ,20241205,19.0,10.0617,10.0617,0.54,70.0428,69.1867,2.8312,3.3072,2.9731,1.0526,0.5195,8320.0,2858.4143,2858.4143,158080.0,54309.8717
920471.BJ,20241204,19.13,13.8946,13.8946,0.74,70.522,69.6601,2.8505,3.3299,2.9934,1.0455,0.516,8320.0,2858.4143,2858.4143,159161.6,54681.4656
920471.BJ,20241203,19.58,17.4632,17.4632,1.0,72.1809,71.2987,2.9176,3.4082,3.0638,1.0215,0.5042,8320.0,2858.4143,2858.4143,162905.6,55967.752
920471.BJ,20241202,19.34,17.1625,17.1625,0.98,71.2962,70.4248,2.8818,3.3664,3.0263,1.0341,0.5104,8320.0,2858.4143,2858.4143,160908.8,55281.7326
920471.BJ,20241129,19.52,23.6066,23.6066,1.39,71.9598,71.0802,2.9086,3.3978,3.0544,1.0246,0.5057,8320.0,2858.4143,2858.4143,162406.4,55796.2471
920471.BJ,20241128,18.54,21.0975,21.0975,1.25,68.347,67.5116,2.7626,3.2272,2.9011,1.0787,0.5324,8320.0,2858.4143,2858.4143,154252.8,52995.0011
920471.BJ,20241127,17.99,14.5569,14.5569,0.85,66.3195,65.5089,2.6807,3.1314,2.815,1.1117,0.5487,8320.0,2858.4143,2858.4143,149676.8,51422.8733
920471.BJ,20241126,17.92,10.871,10.871,0.6,66.0614,65.254,2.6702,3.1193,2.8041,1.1161,0.5509,8320.0,2858.4143,2858.4143,149094.4,51222.7843
920471.BJ,20241125,18.7,17.2114,17.2114,0.99,68.9369,68.0943,2.7865,3.255,2.9261,1.0695,0.5279,8320.0,2858.4143,2858.4143,155584.0,53452.3474
920471.BJ,20241122,18.59,21.3452,21.3452,1.33,68.5313,67.6937,2.7701,3.2359,2.9089,1.0758,0.531,8320.0,2858.4143,2858.4143,154668.8,53137.9218
920471.BJ,20241121,18.0,20.1792,20.1792,1.28,66.3563,65.5453,2.6821,3.1332,2.8166,1.1111,0.5484,8320.0,2858.4143,2858.4143,149760.0,51451.4574
920471.BJ,20241120,16.88,15.683,15.683,0.83,62.2275,61.4669,2.5153,2.9382,2.6413,1.1848,0.5848,8320.0,2858.4143,2858.4143,140441.6,48250.0334
920471.BJ,20241119,16.07,16.2611,16.2611,0.65,59.2415,58.5174,2.3946,2.7972,2.5146,1.2446,0.6143,8320.0,2858.4143,2858.4143,133702.4,45934.7178
920471.BJ,20241118,16.71,13.662,13.662,0.56,61.6008,60.8479,2.4899,2.9086,2.6147,1.1969,0.5907,8320.0,2858.4143,2858.4143,139027.2,47764.103
920471.BJ,20241115,17.56,14.5878,14.5878,0.59,64.7343,63.9431,2.6166,3.0566,2.7477,1.139,0.5622,8320.0,2858.4143,2858.4143,146099.2,50193.7551
920471.BJ,20241114,17.6,18.507,18.507,0.72,64.8817,64.0887,2.6225,3.0636,2.754,1.1364,0.5609,8320.0,2858.4143,2858.4143,146432.0,50308.0917
920471.BJ,20241113,18.9,31.9546,31.9546,1.34,69.6741,68.8225,2.8163,3.2898,2.9574,1.0582,0.5223,8320.0,2858.4143,2858.4143,157248.0,54024.0303
920471.BJ,20241112,20.61,45.7402,45.7402,2.6,75.978,75.0493,3.0711,3.5875,3.225,0.9704,0.479,8320.0,2858.4143,2858.4143,171475.2,58911.9187
920471.BJ,20241111,17.42,11.7209,11.7209,0.67,64.2182,63.4333,2.5957,3.0322,2.7258,1.1481,0.5667,8320.0,2858.4143,2858.4143,144934.4,49793.5771
920471.BJ,20241108,17.28,15.8464,15.8464,0.93,63.7021,62.9235,2.5749,3.0079,2.7039,1.1574,0.5713,8320.0,2858.4143,2858.4143,143769.6,49393.3991
920471.BJ,20241107,18.08,22.4141,22.4141,1.3,66.6512,65.8366,2.6941,3.1471,2.8291,1.1062,0.546,8320.0,2858.4143,2858.4143,150425.6,51680.1305
920471.BJ,20241106,17.41,23.4441,23.4441,1.34,64.1813,63.3968,2.5942,3.0305,2.7243,1.1488,0.567,8320.0,2858.4143,2858.4143,144851.2,49764.993
920471.BJ,20241105,16.5,14.6416,14.6416,0.71,60.8266,60.0832,2.4586,2.8721,2.5819,1.2121,0.5983,8320.0,2858.4143,2858.4143,137280.0,47163.836
920471.BJ,20241104,15.15,11.0929,11.0929,0.45,55.8499,55.1673,2.2575,2.6371,2.3706,1.3201,0.6516,8320.0,2858.4143,2858.4143,126048.0,43304.9766
920471.BJ,20241101,14.4,13.8863,13.8863,0.42,53.0851,52.4362,2.1457,2.5065,2.2533,1.3889,0.6855,8320.0,2858.4143,2858.4143,119808.0,41161.1659
920471.BJ,20241031,16.96,22.9059,22.9059,0.71,62.5224,61.7582,2.5272,2.9522,2.6539,1.1792,0.582,8320.0,2858.4143,2858.4143,141107.2,48478.7065
920471.BJ,20241030,19.0,24.8395,24.8395,0.83,70.0428,44.7035,2.8186,3.3072,2.9742,1.0526,0.5195,8320.0,2858.4143,2858.4143,158080.0,54309.8717
920471.BJ,20241029,17.51,29.9054,29.9054,1.08,64.55,41.1978,2.5976,3.0479,2.741,1.1422,0.5638,8320.0,2858.4143,2858.4143,145683.2,50050.8344
920471.BJ,20241028,17.28,31.5027,31.5027,1.26,63.7021,40.6566,2.5635,3.0079,2.705,1.1574,0.5713,8320.0,2858.4143,2858.4143,143769.6,49393.3991
920471.BJ,20241025,17.29,55.7375,55.7375,3.44,63.7389,40.6802,2.5649,3.0096,2.7065,1.1567,0.5709,8320.0,2858.4143,2858.4143,143852.8,49421.9832
920471.BJ,20241024,17.27,19.2022,19.2022,1.23,63.6652,40.6331,2.562,3.0061,2.7034,1.1581,0.5716,8320.0,2858.4143,2858.4143,143686.4,49364.815
920471.BJ,20241023,13.29,13.4833,13.4833,0.98,48.9931,31.2689,1.9716,2.3133,2.0804,1.5049,0.7428,8320.0,2858.4143,2858.4143,110572.8,37988.326
920471.BJ,20241022,12.85,17.947,17.947,1.61,47.371,30.2337,1.9063,2.2367,2.0115,1.5564,0.7682,8320.0,2858.4143,2858.4143,106912.0,36730.6238
920471.BJ,20241021,13.59,18.6907,18.6907,2.26,50.099,31.9748,2.0161,2.3656,2.1273,1.4717,0.7264,8320.0,2858.4143,2858.4143,113068.8,38845.8503
920471.BJ,20241018,12.26,11.6748,11.6748,1.72,45.196,28.8455,1.8188,2.134,1.9191,1.6313,0.8052,8320.0,2858.4143,2858.4143,102003.2,35044.1593
920471.BJ,20241017,11.34,16.2101,16.2101,3.62,41.8045,26.6809,1.6823,1.9739,1.7751,1.7637,0.8705,8320.0,2858.4143,2858.4143,94348.8,32414.4182
920471.BJ,20241016,10.63,4.4356,4.4356,0.85,39.1871,25.0104,1.5769,1.8503,1.664,1.8815,0.9286,8320.0,2858.4143,2858.4143,88441.6,30384.944
920471.BJ,20241015,10.5,4.596,4.596,0.69,38.7079,24.7046,1.5577,1.8277,1.6436,1.9048,0.9401,8320.0,2858.4143,2858.4143,87360.0,30013.3502
920471.BJ,20241014,10.71,4.3722,4.3722,0.56,39.482,25.1986,1.5888,1.8642,1.6765,1.8674,0.9217,8320.0,2858.4143,2858.4143,89107.2,30613.6172
920471.BJ,20241011,10.15,4.2816,4.2816,0.52,37.4176,23.8811,1.5057,1.7668,1.5888,1.9704,0.9726,8320.0,2858.4143,2858.4143,84448.0,29012.9051
920471.BJ,20241010,10.78,4.6807,4.6807,0.62,39.7401,25.3633,1.5992,1.8764,1.6875,1.8553,0.9157,8320.0,2858.4143,2858.4143,89689.6,30813.7062
920471.BJ,20241009,11.08,8.1731,8.1731,1.3,40.846,26.0692,1.6437,1.9286,1.7344,1.8051,0.8909,8320.0,2858.4143,2858.4143,92185.6,31671.2304
920471.BJ,20241008,13.69,11.5796,11.5796,2.68,50.4677,32.21,2.0309,2.383,2.143,1.4609,0.7211,8320.0,2858.4143,2858.4143,113900.8,39131.6918
920471.BJ,20240930,11.61,10.1304,10.1304,4.2,42.7998,27.3162,1.7223,2.0209,1.8174,1.7227,0.8502,8320.0,2858.4143,2858.4143,96595.2,33186.19
920471.BJ,20240927,9.92,6.6995,6.6995,5.6,36.5697,23.3399,1.4716,1.7267,1.5528,2.0161,0.9951,8320.0,2858.4143,2858.4143,82534.4,28355.4699
920471.BJ,20240926,9.27,1.1645,1.1645,1.01,34.1735,21.8106,1.3752,1.6136,1.4511,2.1575,1.0649,8320.0,2858.4143,2858.4143,77126.4,26497.5006
920471.BJ,20240925,9.15,1.8965,1.8965,1.88,33.7311,21.5283,1.3574,1.5927,1.4323,2.1858,1.0788,8320.0,2858.4143,2858.4143,76128.0,26154.4908
920471.BJ,20240924,9.13,1.7111,1.7111,1.39,33.6574,21.4812,1.3544,1.5892,1.4292,2.1906,1.0812,8320.0,2858.4143,2858.4143,75961.6,26097.3226
920471.BJ,20240923,8.99,0.6026,0.6026,0.35,33.1413,21.1518,1.3337,1.5649,1.4073,2.2247,1.098,8320.0,2858.4143,2858.4143,74796.8,25697.1446
920471.BJ,20240920,9.16,0.6104,0.6104,0.2,33.768,21.5518,1.3589,1.5944,1.4339,2.1834,1.0777,8320.0,2858.4143,2858.4143,76211.2,26183.075
920471.BJ,20240919,9.21,0.9365,0.9365,0.3,33.9523,21.6694,1.3663,1.6031,1.4417,2.1716,3.2434,8320.0,2858.4143,2858.4143,76627.2,26325.9957
920471.BJ,20240918,9.19,1.1739,1.1739,0.32,33.8786,21.6224,1.3633,1.5997,1.4386,2.1763,3.2504,8320.0,2858.4143,2858.4143,76460.8,26268.8274
920471.BJ,20240913,9.37,2.8437,2.8437,0.85,34.5422,22.0459,1.39,1.631,1.4667,2.1345,3.188,8320.0,2858.4143,2858.4143,77958.4,26783.342
920471.BJ,20240912,9.46,3.0651,3.0651,1.05,34.8739,22.2576,1.4034,1.6467,1.4808,2.1142,3.1577,8320.0,2858.4143,2858.4143,78707.2,27040.5993
920471.BJ,20240911,9.89,7.4254,7.4254,4.3,36.4591,23.2693,1.4672,1.7215,1.5481,2.0222,3.0204,8320.0,2858.4143,2858.4143,82284.8,28269.7174
920471.BJ,20240910,9.08,1.1621,1.1621,0.69,33.4731,21.3636,1.347,1.5805,1.4214,2.2026,3.2898,8320.0,2858.4143,2858.4143,75545.6,25954.4018
920471.BJ,20240909,8.98,3.6828,3.6828,3.24,33.1044,21.1283,1.3322,1.5631,1.4057,2.2272,3.3264,8320.0,2858.4143,2858.4143,74713.6,25668.5604
920471.BJ,20240906,8.75,1.4177,1.4177,1.13,32.2565,20.5871,1.2981,1.5231,1.3697,2.2857,3.4139,8320.0,2858.4143,2858.4143,72800.0,25011.1251
920471.BJ,20240905,8.71,0.8866,0.8866,0.66,32.1091,20.493,1.2921,1.5161,1.3634,2.2962,3.4296,8320.0,2858.4143,2858.4143,72467.2,24896.7886
920471.BJ,20240904,8.61,1.4873,1.4873,1.3,31.7404,20.2577,1.2773,1.4987,1.3478,2.3229,3.4694,8320.0,2858.4143,2858.4143,71635.2,24610.9471
920471.BJ,20240903,8.83,0.9177,0.9177,0.83,32.5515,20.7754,1.3099,1.537,1.3822,2.265,3.3829,8320.0,2858.4143,2858.4143,73465.6,25239.7983
920471.BJ,20240902,8.83,0.9653,0.9653,0.97,32.5515,20.7754,1.3099,1.537,1.3822,2.265,3.3829,8320.0,2858.4143,2858.4143,73465.6,25239.7983
920471.BJ,20240830,9.09,2.0104,2.0104,2.97,33.5099,21.3871,1.3485,1.5823,1.4229,2.2002,3.2862,8320.0,2858.4143,2858.4143,75628.8,25982.986
920471.BJ,20240829,8.98,1.3488,1.3488,2.93,33.1044,21.1283,1.3322,1.5631,1.4057,2.2272,3.3264,8320.0,2858.4143,2858.4143,74713.6,25668.5604
920471.BJ,20240828,8.72,0.471,0.471,1.02,32.146,26.6106,1.3271,1.5179,1.4329,2.2936,3.4256,8320.0,2858.4143,2858.4143,72550.4,24925.3727
920471.BJ,20240827,8.7,0.7642,0.7642,1.46,32.0722,26.5496,1.3241,1.5144,1.4296,2.2989,3.4335,8320.0,2858.4143,2858.4143,72384.0,24868.2044
920471.BJ,20240826,8.87,0.3702,0.3702,0.66,32.6989,27.0684,1.3499,1.544,1.4575,2.2548,3.3677,8320.0,2858.4143,2858.4143,73798.4,25354.1348
920471.BJ,20240823,8.82,0.435,0.435,0.6,32.5146,26.9158,1.3423,1.5353,1.4493,2.2676,3.3868,8320.0,2858.4143,2858.4143,73382.4,25211.2141
920471.BJ,20240822,8.88,0.2577,0.2577,0.29,32.7358,27.0989,1.3514,1.5457,1.4592,2.2523,3.3639,8320.0,2858.4143,2858.4143,73881.6,25382.719
920471.BJ,20240821,8.91,0.4874,0.4874,0.47,32.8464,27.1904,1.356,1.5509,1.4641,2.2447,3.3526,8320.0,2858.4143,2858.4143,74131.2,25468.4714
920471.BJ,20240820,8.9,1.073,1.073,1.06,32.8095,27.1599,1.3545,1.5492,1.4624,2.2472,3.3563,8320.0,2858.4143,2858.4143,74048.0,25439.8873
920471.BJ,20240819,9.01,0.5557,0.5557,0.48,33.215,27.4956,1.3712,1.5683,1.4805,2.2198,3.3154,8320.0,2858.4143,2858.4143,74963.2,25754.3128
920471.BJ,20240816,9.01,1.2814,1.2814,0.99,33.215,27.4956,1.3712,1.5683,1.4805,2.2198,3.3154,8320.0,2858.4143,2858.4143,74963.2,25754.3128
920471.BJ,20240815,8.93,0.9876,0.9876,0.64,32.9201,27.2515,1.3591,1.5544,1.4674,2.2396,3.3451,8320.0,2858.4143,2858.4143,74297.6,25525.6397
920471.BJ,20240814,8.86,1.283,1.283,0.83,32.6621,27.0379,1.3484,1.5422,1.4559,2.2573,3.3715,8320.0,2858.4143,2858.4143,73715.2,25325.5507
920471.BJ,20240813,8.94,0.9425,0.9425,0.51,32.957,27.282,1.3606,1.5561,1.469,2.2371,3.3413,8320.0,2858.4143,2858.4143,74380.8,25554.2238
920471.BJ,20240812,9.0,1.3096,1.3096,0.63,33.1782,27.4651,1.3697,1.5666,1.4789,2.2222,3.319,8320.0,2858.4143,2858.4143,74880.0,25725.7287
920471.BJ,20240809,9.09,1.9308,1.9308,0.8,33.5099,27.7397,1.3834,1.5823,1.4937,2.2002,3.2862,8320.0,2858.4143,2858.4143,75628.8,25982.986
920471.BJ,20240808,9.25,2.2373,2.2373,0.98,34.0998,28.228,1.4078,1.6101,1.52,2.1622,3.2293,8320.0,2858.4143,2858.4143,76960.0,26440.3323
920471.BJ,20240807,9.16,1.2645,1.2645,0.5,33.768,27.9534,1.3941,1.5944,1.5052,2.1834,3.2611,8320.0,2858.4143,2858.4143,76211.2,26183.075
920471.BJ,20240806,9.21,2.4478,2.4478,0.93,33.9523,28.1059,1.4017,1.6031,1.5134,2.1716,3.2434,8320.0,2858.4143,2858.4143,76627.2,26325.9957
920471.BJ,20240805,9.15,2.5234,2.5234,1.1,33.7311,27.9228,1.3925,1.5927,1.5035,2.1858,3.2646,8320.0,2858.4143,2858.4143,76128.0,26154.4908
920471.BJ,20240802,9.41,3.5843,3.5843,2.07,34.6896,28.7163,1.4321,1.638,1.5462,2.1254,3.1744,8320.0,2858.4143,2858.4143,78291.2,26897.6786
920471.BJ,20240801,9.37,1.6458,1.6458,1.05,34.5422,28.5942,1.426,1.631,1.5397,2.1345,3.188,8320.0,2858.4143,2858.4143,77958.4,26783.342
920471.BJ,20240731,9.47,2.5232,2.5232,1.84,34.9108,28.8994,1.4412,1.6484,1.5561,2.1119,3.1543,8320.0,2858.4143,2858.4143,78790.4,27069.1834
920471.BJ,20240730,9.4,2.8916,2.8916,2.57,34.6527,28.6858,1.4306,1.6362,1.5446,2.1277,3.1778,8320.0,2858.4143,2858.4143,78208.0,26869.0944
920471.BJ,20240729,9.16,0.8251,0.8251,0.71,33.768,27.9534,1.3941,1.5944,1.5052,2.1834,3.2611,8320.0,2858.4143,2858.4143,76211.2,26183.075
920471.BJ,20240726,9.16,0.7846,0.7846,0.55,33.768,27.9534,1.3941,1.5944,1.5052,2.1834,3.2611,8320.0,2858.4143,2858.4143,76211.2,26183.075
920471.BJ,20240725,9.04,0.7997,0.7997,0.38,33.3256,27.5872,1.3758,1.5736,1.4854,2.2124,3.3044,8320.0,2858.4143,2858.4143,75212.8,25840.0653
920471.BJ,20240724,9.0,1.5387,1.5387,0.5,33.1782,27.4651,1.3697,1.5666,1.4789,2.2222,3.319,8320.0,2858.4143,2858.4143,74880.0,25725.7287
920471.BJ,20240723,9.24,1.6765,1.6765,0.53,34.0629,28.1975,1.4062,1.6084,1.5183,2.1645,3.2328,8320.0,2858.4143,2858.4143,76876.8,26411.7481
920471.BJ,20240722,9.46,1.0202,1.0202,0.34,34.8739,28.8689,1.4397,1.6467,1.5545,2.1142,3.1577,8320.0,2858.4143,2858.4143,78707.2,27040.5993
920471.BJ,20240719,9.44,2.1342,2.1342,0.77,34.8002,28.8078,1.4367,1.6432,1.5512,2.1186,3.1643,8320.0,2858.4143,2858.4143,78540.8,26983.431
920471.BJ,20240718,9.58,4.1322,4.1322,1.92,35.3163,29.2351,1.458,1.6675,1.5742,2.0877,3.1181,8320.0,2858.4143,2858.4143,79705.6,27383.609
920471.BJ,20240717,10.23,6.3428,6.3428,6.14,37.7125,31.2187,1.5569,1.7807,1.681,1.955,2.92,8320.0,2858.4143,2858.4143,85113.6,29241.5783
920471.BJ,20240716,9.45,2.2637,2.2637,2.62,34.8371,28.8384,1.4382,1.6449,1.5528,2.1164,3.161,8320.0,2858.4143,2858.4143,78624.0,27012.0151
920471.BJ,20240715,9.09,0.3254,0.3254,0.34,33.5099,27.7397,1.3834,1.5823,1.4937,2.2002,3.2862,8320.0,2858.4143,2858.4143,75628.8,25982.986
920471.BJ,20240712,9.09,0.7372,0.7372,0.79,33.5099,27.7397,1.3834,1.5823,1.4937,2.2002,3.2862,8320.0,2858.4143,2858.4143,75628.8,25982.986
920471.BJ,20240711,9.1,1.074,1.074,1.23,33.5468,27.7703,1.3849,1.584,1.4953,2.1978,3.2826,8320.0,2858.4143,2858.4143,75712.0,26011.5701
920471.BJ,20240710,8.95,0.7629,0.7629,0.83,32.9938,27.3125,1.3621,1.5579,1.4707,2.2346,3.3376,8320.0,2858.4143,2858.4143,74464.0,25582.808
920471.BJ,20240709,9.08,1.4162,1.4162,1.67,33.4731,27.7092,1.3819,1.5805,1.492,2.2026,3.2898,8320.0,2858.4143,2858.4143,75545.6,25954.4018
920471.BJ,20240708,8.8,0.7536,0.7536,0.93,32.4409,26.8548,1.3393,1.5318,1.446,2.2727,3.3945,8320.0,2858.4143,2858.4143,73216.0,25154.0458
920471.BJ,20240705,8.86,0.6565,0.6565,0.81,32.6621,27.0379,1.3484,1.5422,1.4559,2.2573,3.3715,8320.0,2858.4143,2858.4143,73715.2,25325.5507
920471.BJ,20240704,8.82,0.765,0.765,0.89,32.5146,26.9158,1.3423,1.5353,1.4493,2.2676,3.3868,8320.0,2858.4143,2858.4143,73382.4,25211.2141
920471.BJ,20240703,8.87,0.9809,0.9809,1.02,32.6989,27.0684,1.3499,1.544,1.4575,2.2548,3.3677,8320.0,2858.4143,2858.4143,73798.4,25354.1348
920471.BJ,20240702,8.91,1.0747,1.0747,1.07,32.8464,27.1904,1.356,1.5509,1.4641,2.2447,3.3526,8320.0,2858.4143,2858.4143,74131.2,25468.4714
920471.BJ,20240701,9.03,0.5528,0.5528,0.44,33.2888,27.5566,1.3743,1.5718,1.4838,2.2148,3.308,8320.0,2858.4143,2858.4143,75129.6,25811.4811
920471.BJ,20240628,9.02,0.6897,0.6897,0.42,33.2519,27.5261,1.3728,1.5701,1.4822,2.2173,3.3117,8320.0,2858.4143,2858.4143,75046.4,25782.897
920471.BJ,20240627,8.95,1.0215,1.0215,0.53,32.9938,27.3125,1.3621,1.5579,1.4707,2.2346,3.3376,8320.0,2858.4143,2858.4143,74464.0,25582.808
920471.BJ,20240626,9.14,1.4597,1.4597,0.74,33.6943,27.8923,1.391,1.591,1.5019,2.1882,3.2682,8320.0,2858.4143,2858.4143,76044.8,26125.9067
920471.BJ,20240625,8.88,1.3073,1.3073,0.69,32.7358,27.0989,1.3514,1.5457,1.4592,2.2523,3.3639,8320.0,2858.4143,2858.4143,73881.6,25382.719
920471.BJ,20240624,8.71,1.8492,1.8492,0.95,32.1091,26.5801,1.3256,1.5161,1.4312,2.2962,3.4296,8320.0,2858.4143,2858.4143,72467.2,24896.7886
920471.BJ,20240621,8.98,2.5516,2.5516,1.53,33.1044,27.4041,1.3667,1.5631,1.4756,2.2272,3.3264,8320.0,2858.4143,2858.4143,74713.6,25668.5604
920471.BJ,20240620,8.79,2.5374,2.5374,1.51,32.404,26.8242,1.3377,1.53,1.4444,2.2753,3.3983,8320.0,2858.4143,2858.4143,73132.8,25125.4617
920471.BJ,20240619,8.98,1.6665,1.6665,0.93,33.1044,27.4041,1.3667,1.5631,1.4756,2.2272,3.3264,8320.0,2858.4143,2858.4143,74713.6,25668.5604
920471.BJ,20240618,8.85,0.8916,0.8916,0.44,32.6252,27.0073,1.3469,1.5405,1.4542,2.2599,3.3753,8320.0,2858.4143,2858.4143,73632.0,25296.9666
920471.BJ,20240617,8.82,2.0689,2.0689,0.98,32.5146,26.9158,1.3423,1.5353,1.4493,2.2676,3.3868,8320.0,2858.4143,2858.4143,73382.4,25211.2141
920471.BJ,20240614,9.11,1.1808,1.1808,0.5,33.5837,27.8008,1.3865,1.5857,1.4969,2.1954,3.279,8320.0,2858.4143,2858.4143,75795.2,26040.1543
920471.BJ,20240613,9.15,2.5923,2.5923,1.21,33.7311,27.9228,1.3719,1.5927,1.5035,2.1858,2.1858,8320.0,2858.4143,2858.4143,76128.0,26154.4908
920471.BJ,20240612,9.58,2.1897,2.1897,1.0,35.3163,29.2351,1.4364,1.6675,1.5742,2.0877,2.0877,8320.0,2858.4143,2858.4143,79705.6,27383.609
920471.BJ,20240611,9.55,2.1468,2.1468,0.86,35.2057,29.1435,1.4319,1.6623,1.5692,2.0942,2.0942,8320.0,2858.4143,2858.4143,79456.0,27297.8566
920471.BJ,20240607,9.32,2.4457,2.4457,0.95,34.3578,28.4416,1.3974,1.6223,1.5315,2.1459,2.1459,8320.0,2858.4143,2858.4143,77542.4,26640.4213
920471.BJ,20240606,9.03,2.4269,2.4269,0.88,33.2888,27.5566,1.3539,1.5718,1.4838,2.2148,2.2148,8320.0,2858.4143,2858.4143,75129.6,25811.4811
920471.BJ,20240605,9.12,1.5038,1.5038,0.44,33.6205,27.8313,1.3674,1.5875,1.4986,2.193,2.193,8320.0,2858.4143,2858.4143,75878.4,26068.7384
920471.BJ,20240604,9.22,2.4616,2.4616,0.59,33.9892,28.1365,1.3824,1.6049,1.515,2.1692,2.1692,8320.0,2858.4143,2858.4143,76710.4,26354.5798
920471.BJ,20240603,9.22,3.6801,3.6801,0.78,33.9892,28.1365,1.3824,1.6049,1.515,2.1692,2.1692,8320.0,2858.4143,2858.4143,76710.4,26354.5798
920471.BJ,20240531,9.35,2.7721,2.7721,0.45,34.4684,28.5332,1.4019,1.6275,1.5364,2.139,2.139,8320.0,2858.4143,2858.4143,77792.0,26726.1737
920471.BJ,20240530,9.39,3.3128,3.3128,0.43,34.6159,28.6553,1.4079,1.6345,1.543,2.1299,2.1299,8320.0,2858.4143,2858.4143,78124.8,26840.5103
920471.BJ,20240529,9.52,5.0517,5.0517,0.6,35.0951,29.052,1.4274,1.6571,1.5643,2.1008,2.1008,8320.0,2858.4143,2858.4143,79206.4,27212.1041
920471.BJ,20240528,9.8,6.1184,6.1184,0.6,36.1273,29.9064,1.4694,1.7058,1.6103,2.0408,2.0408,8320.0,2858.4143,2858.4143,81536.0,28012.4601
920471.BJ,20240527,10.19,6.4514,6.4514,0.63,37.5651,31.0966,1.5279,1.7737,1.6744,1.9627,1.9627,8320.0,2858.4143,2858.4143,84780.8,29127.2417
920471.BJ,20240524,10.73,9.7682,9.7682,0.97,39.5557,32.7445,1.6088,1.8677,1.7631,1.8639,1.8639,8320.0,2858.4143,2858.4143,89273.6,30670.7854
920471.BJ,20240523,10.63,10.9725,10.9725,1.11,39.1871,32.4393,1.5938,1.8503,1.7467,1.8815,1.8815,8320.0,2858.4143,2858.4143,88441.6,30384.944
920471.BJ,20240522,10.41,8.523,8.523,0.84,38.3761,31.768,1.5608,1.812,1.7106,1.9212,1.9212,8320.0,2858.4143,2858.4143,86611.2,29756.0929
920471.BJ,20240521,10.52,15.1722,15.1722,1.58,38.7816,32.1036,1.5773,1.8312,1.7286,1.9011,1.9011,8320.0,2858.4143,2858.4143,87526.4,30070.5184
920471.BJ,20240520,10.15,7.0201,7.0201,0.64,37.4176,30.9745,1.5219,1.7668,1.6678,1.9704,1.9704,8320.0,2858.4143,2858.4143,84448.0,29012.9051
920471.BJ,20240517,10.14,8.5423,8.5423,0.65,37.3807,30.944,1.5204,1.765,1.6662,1.9724,1.9724,8320.0,2858.4143,2858.4143,84364.8,28984.321
920471.BJ,20240516,10.35,10.1034,10.1034,0.65,38.1549,31.5849,1.5519,1.8016,1.7007,1.9324,1.9324,8320.0,2858.4143,2858.4143,86112.0,29584.588
920471.BJ,20240515,10.77,9.9654,9.9654,0.52,39.7032,32.8666,1.6148,1.8747,1.7697,1.857,1.857,8320.0,2858.4143,2858.4143,89606.4,30785.122
920471.BJ,20240514,10.75,12.3193,12.3193,0.58,39.6295,32.8055,1.6118,1.8712,1.7664,1.8605,1.8605,8320.0,2858.4143,2858.4143,89440.0,30727.9537
920471.BJ,20240513,11.02,14.0976,14.0976,0.6,40.6248,33.6295,1.6523,1.9182,1.8108,1.8149,1.8149,8320.0,2858.4143,2858.4143,91686.4,31499.7256
920471.BJ,20240510,11.37,19.6705,19.6705,0.91,41.9151,34.6976,1.7048,1.9791,1.8683,1.759,1.759,8320.0,2858.4143,2858.4143,94598.4,32500.1706
920471.BJ,20240509,12.16,22.1685,22.1685,1.19,44.8274,37.1084,1.8232,2.1166,1.9981,1.6447,1.6447,8320.0,2858.4143,2858.4143,101171.2,34758.3179
920471.BJ,20240508,13.73,27.4538,27.4538,1.97,50.6151,41.8995,2.0586,2.3899,2.2561,1.4567,1.4567,8320.0,2858.4143,2858.4143,114233.6,39246.0283
920471.BJ,20240507,12.41,23.6812,23.6812,2.42,45.749,37.8713,1.8607,2.1602,2.0392,1.6116,1.6116,8320.0,2858.4143,2858.4143,103251.2,35472.9215
920471.BJ,20240506,11.57,24.0565,24.0565,4.09,42.6524,35.3079,1.7348,2.0139,1.9012,1.7286,1.7286,8320.0,2858.4143,2858.4143,96262.4,33071.8535
920471.BJ,20240430,10.04,10.8922,10.8922,2.52,37.0121,30.6388,1.5054,1.7476,1.6498,1.992,1.992,8320.0,2858.4143,2858.4143,83532.8,28698.4796
920471.BJ,20240429,9.86,7.2504,7.2504,2.02,36.3485,30.0895,1.4784,1.7163,1.6202,2.0284,2.0284,8320.0,2858.4143,2858.4143,82035.2,28183.965
920471.BJ,20240426,9.03,3.7542,3.7542,0.95,33.2888,27.5566,1.3539,1.5718,1.4838,2.2148,2.2148,8320.0,2858.4143,2858.4143,75129.6,25811.4811
920471.BJ,20240425,9.02,2.9494,2.9494,0.61,33.2519,27.5261,1.3524,1.5701,1.4822,2.2173,2.2173,8320.0,2858.4143,2858.4143,75046.4,25782.897
920471.BJ,20240424,9.11,4.5445,4.5445,0.89,33.5837,27.8008,1.3659,1.5857,1.4969,2.1954,2.1954,8320.0,2858.4143,2858.4143,75795.2,26040.1543
920471.BJ,20240423,9.03,3.1132,3.1132,0.53,12.0684,31.6825,1.344,1.331,1.5711,2.2148,2.2148,8320.0,2858.4143,2858.4143,75129.6,25811.4811
920471.BJ,20240422,9.23,3.588,3.588,0.49,12.3357,32.3842,1.3738,1.3605,1.6059,2.1668,2.1668,8320.0,2858.4143,2858.4143,76793.6,26383.164
920471.BJ,20240419,9.63,5.6027,5.6027,0.6,12.8703,33.7876,1.4333,1.4194,1.6755,2.0768,2.0768,8320.0,2858.4143,2858.4143,80121.6,27526.5297
920471.BJ,20240418,10.09,7.5202,7.5202,0.92,13.4851,35.4015,1.5018,1.4872,1.7555,1.9822,1.9822,8320.0,2858.4143,2858.4143,83948.8,28841.4003
920471.BJ,20240417,9.8,5.7393,5.7393,0.74,13.0975,34.3841,1.4587,1.4445,1.7051,2.0408,2.0408,8320.0,2858.4143,2858.4143,81536.0,28012.4601
920471.BJ,20240416,8.9,6.9124,6.9124,1.08,11.8947,31.2263,1.3247,1.3118,1.5485,2.2472,2.2472,8320.0,2858.4143,2858.4143,74048.0,25439.8873
920471.BJ,20240415,9.8,10.8913,10.8913,2.5,13.0975,34.3841,1.4587,1.4445,1.7051,2.0408,2.0408,8320.0,2858.4143,2858.4143,81536.0,28012.4601
920471.BJ,20240412,10.92,15.3558,15.3558,10.48,14.5944,38.3137,1.6254,1.6096,1.9,1.8315,1.8315,8320.0,2858.4143,2858.4143,90854.4,31213.8842
920471.BJ,20240411,9.31,1.9067,1.9067,1.62,12.4427,32.6649,1.3857,1.3723,1.6198,2.1482,2.1482,8320.0,2858.4143,2858.4143,77459.2,26611.8371
920471.BJ,20240410,9.37,3.8035,3.8035,7.55,12.5229,32.8754,1.3946,1.3811,1.6303,2.1345,2.1345,8320.0,2858.4143,2858.4143,77958.4,26783.342
920471.BJ,20240409,9.02,0.1512,0.1512,0.26,12.0551,31.6474,1.3426,1.3295,1.5694,2.2173,2.2173,8320.0,2858.4143,2858.4143,75046.4,25782.897
920471.BJ,20240408,8.86,0.6063,0.6063,0.96,11.8412,31.086,1.3187,1.3059,1.5415,2.2573,2.2573,8320.0,2858.4143,2858.4143,73715.2,25325.5507
920471.BJ,20240403,9.1,0.8596,0.8596,1.25,12.162,31.9281,1.3545,1.3413,1.5833,2.1978,2.1978,8320.0,2858.4143,2858.4143,75712.0,26011.5701
920471.BJ,20240402,9.0,0.4574,0.4574,0.59,12.0284,31.5772,1.3396,1.3266,1.5659,2.2222,2.2222,8320.0,2858.4143,2858.4143,74880.0,25725.7287
920471.BJ,20240401,9.03,0.4434,0.4434,0.51,12.0684,31.6825,1.344,1.331,1.5711,2.2148,2.2148,8320.0,2858.4143,2858.4143,75129.6,25811.4811
920471.BJ,20240329,9.02,0.5526,0.5526,0.55,12.0551,31.6474,1.3426,1.3295,1.5694,2.2173,2.2173,8320.0,2858.4143,2858.4143,75046.4,25782.897
920471.BJ,20240328,8.94,0.8546,0.8546,0.85,11.9482,31.3667,1.3306,1.3177,1.5555,2.2371,2.2371,8320.0,2858.4143,2858.4143,74380.8,25554.2238
920471.BJ,20240327,8.74,1.138,1.138,1.18,11.6809,30.665,1.3009,1.2883,1.5207,2.2883,2.2883,8320.0,2858.4143,2858.4143,72716.8,24982.541
920471.BJ,20240326,8.7,0.8917,0.8917,0.94,11.6274,30.5246,1.2949,1.2824,1.5137,2.2989,2.2989,8320.0,2858.4143,2858.4143,72384.0,24868.2044
920471.BJ,20240325,8.9,0.8746,0.8746,0.76,11.8947,31.2263,1.3247,1.3118,1.5485,2.2472,2.2472,8320.0,2858.4143,2858.4143,74048.0,25439.8873
920471.BJ,20240322,8.99,1.2484,1.2484,0.88,12.015,31.5421,1.3381,1.3251,1.5642,2.2247,2.2247,8320.0,2858.4143,2858.4143,74796.8,25697.1446
920471.BJ,20240321,8.93,0.9019,0.9019,0.56,11.9348,31.3316,1.3292,1.3163,1.5537,2.2396,2.2396,8320.0,2858.4143,2858.4143,74297.6,25525.6397
920471.BJ,20240320,9.15,0.9181,0.9181,0.56,12.2288,32.1035,1.3619,1.3487,1.592,2.1858,2.1858,8320.0,2858.4143,2858.4143,76128.0,26154.4908
920471.BJ,20240319,9.15,0.8053,0.8053,0.47,12.2288,32.1035,1.3619,1.3487,1.592,2.1858,2.1858,8320.0,2858.4143,2858.4143,76128.0,26154.4908
920471.BJ,20240318,9.23,1.8947,1.8947,1.2,12.3357,32.3842,1.3738,1.3605,1.6059,2.1668,2.1668,8320.0,2858.4143,2858.4143,76793.6,26383.164
920471.BJ,20240315,9.06,2.5803,2.5803,2.04,12.1085,31.7877,1.3485,1.3354,1.5763,2.2075,2.2075,8320.0,2858.4143,2858.4143,75379.2,25897.2336
920471.BJ,20240314,8.68,1.9088,1.9088,1.62,11.6007,30.4545,1.2919,1.2794,1.5102,2.3041,2.3041,8320.0,2858.4143,2858.4143,72217.6,24811.0361
920471.BJ,20240313,8.83,0.9691,0.9691,0.81,11.8012,30.9807,1.3143,1.3015,1.5363,2.265,2.265,8320.0,2858.4143,2858.4143,73465.6,25239.7983
920471.BJ,20240312,8.87,1.2627,1.2627,1.05,11.8546,31.1211,1.3202,1.3074,1.5433,2.2548,2.2548,8320.0,2858.4143,2858.4143,73798.4,25354.1348
920471.BJ,20240311,9.01,1.1828,1.1828,0.96,12.0417,31.6123,1.3411,1.3281,1.5676,2.2198,2.2198,8320.0,2858.4143,2858.4143,74963.2,25754.3128
920471.BJ,20240308,9.16,1.0126,1.0126,0.69,12.2422,32.1386,1.3634,1.3502,1.5937,2.1834,2.1834,8320.0,2858.4143,2858.4143,76211.2,26183.075
920471.BJ,20240307,9.13,1.4785,1.4785,0.92,12.2021,32.0333,1.3589,1.3457,1.5885,2.1906,2.1906,8320.0,2858.4143,2858.4143,75961.6,26097.3226
920471.BJ,20240306,9.3,1.0265,1.0265,0.49,12.4293,32.6298,1.3842,1.3708,1.6181,2.1505,2.1505,8320.0,2858.4143,2858.4143,77376.0,26583.253
920471.BJ,20240305,9.09,1.3165,1.3165,0.48,12.1486,31.893,1.353,1.3398,1.5816,2.2002,2.2002,8320.0,2858.4143,2858.4143,75628.8,25982.986
920471.BJ,20240304,9.32,1.3572,1.3572,0.48,12.456,32.6999,1.3872,1.3737,1.6216,2.1459,2.1459,8320.0,2858.4143,2858.4143,77542.4,26640.4213
920471.BJ,20240301,9.58,2.1686,2.1686,0.7,12.8035,33.6122,1.4259,1.4121,1.6668,2.0877,2.0877,8320.0,2858.4143,2858.4143,79705.6,27383.609
920471.BJ,20240229,9.48,2.196,2.196,0.72,12.6699,33.2613,1.411,1.3973,1.6494,2.1097,2.1097,8320.0,2858.4143,2858.4143,78873.6,27097.7676
920471.BJ,20240228,9.19,3.5067,3.5067,1.08,12.2823,32.2438,1.3679,1.3546,1.599,2.1763,2.1763,8320.0,2858.4143,2858.4143,76460.8,26268.8274
920471.BJ,20240227,9.31,4.3677,4.3677,1.45,12.4427,32.6649,1.3857,1.3723,1.6198,2.1482,2.1482,8320.0,2858.4143,2858.4143,77459.2,26611.8371
920471.BJ,20240226,8.84,1.9875,1.9875,0.59,11.8145,23.8689,1.3299,1.303,1.5128,2.2624,2.2624,8320.0,2858.4143,2858.4143,73548.8,25268.3824
920471.BJ,20240223,9.05,3.3271,3.3271,0.96,12.0952,24.4359,1.3615,1.3339,1.5488,2.2099,2.2099,8320.0,2858.4143,2858.4143,75296.0,25868.6494
920471.BJ,20240222,9.22,2.1076,2.1076,0.51,12.3224,24.8949,1.3871,1.359,1.5779,2.1692,2.1692,8320.0,2858.4143,2858.4143,76710.4,26354.5798
920471.BJ,20240221,9.44,4.4914,4.4914,1.05,12.6164,25.4889,1.4202,1.3914,1.6155,2.1186,2.1186,8320.0,2858.4143,2858.4143,78540.8,26983.431
920471.BJ,20240220,9.22,3.1483,3.1483,0.71,12.3224,24.8949,1.3871,1.359,1.5779,2.1692,2.1692,8320.0,2858.4143,2858.4143,76710.4,26354.5798
920471.BJ,20240219,9.21,3.7504,3.7504,0.77,12.309,24.8679,1.3856,1.3575,1.5762,2.1716,2.1716,8320.0,2858.4143,2858.4143,76627.2,26325.9957
920471.BJ,20240208,9.16,3.8307,3.8307,0.84,12.2422,24.7329,1.378,1.3502,1.5676,2.1834,2.1834,8320.0,2858.4143,2858.4143,76211.2,26183.075
920471.BJ,20240207,9.17,5.5322,5.5322,1.33,12.2556,24.7599,1.3795,1.3516,1.5693,2.181,2.181,8320.0,2858.4143,2858.4143,76294.4,26211.6591
920471.BJ,20240206,8.9,5.1817,5.1817,1.33,11.8947,24.0309,1.3389,1.3118,1.5231,2.2472,2.2472,8320.0,2858.4143,2858.4143,74048.0,25439.8873
920471.BJ,20240205,8.27,3.9417,3.9417,0.88,11.0527,22.3298,1.2441,1.219,1.4153,2.4184,2.4184,8320.0,2858.4143,2858.4143,68806.4,23639.0863
920471.BJ,20240202,8.27,5.8147,5.8147,1.47,11.0527,22.3298,1.2441,1.219,1.4153,2.4184,2.4184,8320.0,2858.4143,2858.4143,68806.4,23639.0863
920471.BJ,20240201,8.45,2.3654,2.3654,0.51,11.2933,22.8158,1.2712,1.2455,1.4461,2.3669,2.3669,8320.0,2858.4143,2858.4143,70304.0,24153.6008
920471.BJ,20240131,8.73,3.4541,3.4541,0.7,11.6675,23.5719,1.3133,1.2868,1.494,2.291,2.291,8320.0,2858.4143,2858.4143,72633.6,24953.9568
920471.BJ,20240130,8.63,3.8728,3.8728,0.78,11.5339,23.3018,1.2983,1.272,1.4769,2.3175,2.3175,8320.0,2858.4143,2858.4143,71801.6,24668.1154
920471.BJ,20240129,8.7,6.9472,6.9472,1.36,11.6274,23.4908,1.3088,1.2824,1.4889,2.2989,2.2989,8320.0,2858.4143,2858.4143,72384.0,24868.2044
920471.BJ,20240126,9.59,3.1612,3.1612,0.44,12.8169,25.8939,1.4427,1.4135,1.6412,2.0855,2.0855,8320.0,2858.4143,2858.4143,79788.8,27412.1931
920471.BJ,20240125,9.9,5.8867,5.8867,0.72,13.2312,26.731,1.4894,1.4592,1.6942,2.0202,2.0202,8320.0,2858.4143,2858.4143,82368.0,28298.3016
920471.BJ,20240124,10.17,4.8775,4.8775,0.59,13.592,27.46,1.53,1.499,1.7404,1.9666,1.9666,8320.0,2858.4143,2858.4143,84614.4,29070.0734
920471.BJ,20240123,10.49,4.1014,4.1014,0.48,14.0197,28.324,1.5781,1.5462,1.7952,1.9066,1.9066,8320.0,2858.4143,2858.4143,87276.8,29984.766
920471.BJ,20240122,10.41,7.5485,7.5485,0.95,13.9128,28.108,1.5661,1.5344,1.7815,1.9212,1.9212,8320.0,2858.4143,2858.4143,86611.2,29756.0929
920471.BJ,20240119,11.13,13.4341,13.4341,2.03,14.8751,30.0521,1.6744,1.6405,1.9047,1.7969,1.7969,8320.0,2858.4143,2858.4143,92601.6,31814.1512
920471.BJ,20240118,9.94,11.0267,11.0267,2.07,13.2846,26.839,1.4954,1.4651,1.7011,2.0121,2.0121,8320.0,2858.4143,2858.4143,82700.8,28412.6381
920471.BJ,20240117,9.52,5.4009,5.4009,1.08,12.7233,25.7049,1.4322,1.4032,1.6292,2.1008,2.1008,8320.0,2858.4143,2858.4143,79206.4,27212.1041
920471.BJ,20240116,9.92,5.538,5.538,1.03,13.2579,26.785,1.4924,1.4622,1.6977,2.0161,2.0161,8320.0,2858.4143,2858.4143,82534.4,28355.4699
920471.BJ,20240115,9.36,4.3073,4.3073,0.75,12.5095,25.2729,1.4081,1.3796,1.6018,2.1368,2.1368,8320.0,2858.4143,2858.4143,77875.2,26754.7578
920471.BJ,20240112,10.24,6.7445,6.7445,0.9,13.6856,27.649,1.5405,1.5094,1.7524,1.9531,1.9531,8320.0,2858.4143,2858.4143,85196.8,29270.1624
920471.BJ,20240111,11.8,4.5925,4.5925,0.41,15.7705,31.8612,1.7752,1.7393,2.0194,1.6949,1.6949,8320.0,2858.4143,2858.4143,98176.0,33729.2887
920471.BJ,20240110,12.05,3.7852,3.7852,0.32,16.1046,32.5362,1.8128,1.7761,2.0622,1.6598,1.6598,8320.0,2858.4143,2858.4143,100256.0,34443.8923
920471.BJ,20240109,11.89,7.4188,7.4188,0.58,15.8908,32.1042,1.7887,1.7526,2.0348,1.6821,1.6821,8320.0,2858.4143,2858.4143,98924.8,33986.546
920471.BJ,20240108,12.36,6.0049,6.0049,0.42,16.5189,33.3732,1.8594,1.8218,2.1152,1.6181,1.6181,8320.0,2858.4143,2858.4143,102835.2,35330.0007
920471.BJ,20240105,13.68,15.4842,15.4842,1.04,18.2831,36.9373,2.058,2.0164,2.3411,1.462,1.462,8320.0,2858.4143,2858.4143,113817.6,39103.1076
920471.BJ,20240104,14.45,24.0008,24.0008,1.74,19.3122,39.0164,2.1739,2.1299,2.4729,1.3841,1.3841,8320.0,2858.4143,2858.4143,120224.0,41304.0866
920471.BJ,20240103,12.27,6.2534,6.2534,0.35,16.3987,33.1302,1.8459,1.8086,2.0998,1.63,1.63,8320.0,2858.4143,2858.4143,102086.4,35072.7435
920471.BJ,20240102,12.52,11.7364,11.7364,0.68,16.7328,33.8052,1.8835,1.8454,2.1426,1.5974,1.5974,8320.0,2858.4143,2858.4143,104166.4,35787.347
920471.BJ,20231229,12.28,14.3562,14.3562,0.9,16.412,33.1572,1.8474,1.81,2.1015,,1.6287,8320.0,2858.4143,2858.4143,102169.6,35101.3276
920471.BJ,20231228,12.06,17.8882,17.8882,1.2,16.118,32.5632,1.8143,1.7776,2.0639,,1.6584,8320.0,2858.4143,2858.4143,100339.2,34472.4765
920471.BJ,20231227,11.66,18.0577,18.0577,1.45,15.5834,31.4831,1.7541,1.7187,1.9954,,1.7153,8320.0,2858.4143,2858.4143,97011.2,33329.1107
920471.BJ,20231226,12.93,28.81,28.81,3.02,17.2807,34.9123,1.9452,1.9058,2.2128,,1.5468,8320.0,2594.4143,2594.4143,107577.6,33545.7769
920471.BJ,20231225,11.23,10.2743,10.2743,1.12,15.0087,30.3221,1.6895,1.6553,1.9219,,1.7809,8320.0,2594.4143,2594.4143,93433.6,29135.2726
920471.BJ,20231222,9.99,8.1448,8.1448,0.9,13.3515,26.974,1.5029,1.4725,1.7096,,2.002,8320.0,2594.4143,2594.4143,83116.8,25918.1989
920471.BJ,20231221,9.85,14.5438,14.5438,1.86,13.1644,26.596,1.4818,1.4519,1.6857,,2.0305,8320.0,2594.4143,2594.4143,81952.0,25554.9809
920471.BJ,20231220,10.7,9.5,9.5,1.26,14.3004,28.891,1.6097,1.5772,1.8312,,1.8692,8320.0,2594.4143,2594.4143,89024.0,27760.233
920471.BJ,20231219,10.1,5.3109,5.3109,0.72,13.4985,27.271,1.5195,1.4887,1.7285,,1.9802,8320.0,2594.4143,2594.4143,84032.0,26203.5844
920471.BJ,20231218,10.34,8.4856,8.4856,1.16,13.8192,27.919,1.5556,1.5241,1.7695,,1.9342,8320.0,2594.4143,2594.4143,86028.8,26826.2439
920471.BJ,20231215,9.88,7.2482,7.2482,0.86,13.2045,26.677,1.4864,1.4563,1.6908,,2.0243,8320.0,2594.4143,2594.4143,82201.6,25632.8133
920471.BJ,20231214,9.65,8.6347,8.6347,1.14,12.8971,26.0559,1.4518,1.4224,1.6515,,2.0725,8320.0,2594.4143,2594.4143,80288.0,25036.098
920471.BJ,20231213,9.43,7.9597,7.9597,1.13,12.603,25.4619,1.4187,1.39,1.6138,,2.1209,8320.0,2594.4143,2594.4143,78457.6,24465.3268
920471.BJ,20231212,9.14,4.4923,4.4923,0.61,12.2155,24.6789,1.375,1.3472,1.5642,,2.1882,8320.0,2594.4143,2594.4143,76044.8,23712.9467
920471.BJ,20231211,9.05,8.3388,8.3388,1.34,12.0952,24.4359,1.3615,1.3339,1.5488,,2.2099,8320.0,2594.4143,2594.4143,75296.0,23479.4494
920471.BJ,20231208,9.72,12.5756,12.5756,2.77,12.9906,26.2449,1.4623,1.4327,1.6634,,2.0576,8320.0,2594.4143,2594.4143,80870.4,25217.707
920471.BJ,20231207,9.08,4.6212,4.6212,0.99,12.1353,24.5169,1.366,1.3384,1.5539,,2.2026,8320.0,2594.4143,2594.4143,75545.6,23557.2818
920471.BJ,20231206,8.68,5.0946,5.0946,0.94,11.6007,23.4368,1.3058,1.2794,1.4855,,2.3041,8320.0,2594.4143,2594.4143,72217.6,22519.5161
920471.BJ,20231205,8.77,5.9575,5.9575,0.94,11.721,23.6799,1.3194,1.2927,1.5009,,2.2805,8320.0,2594.4143,2594.4143,72966.4,22753.0134
920471.BJ,20231204,7.99,2.9425,2.9425,0.27,10.6785,21.5738,1.202,1.1777,1.3674,,2.5031,8320.0,2594.4143,2594.4143,66476.8,20729.3703
920471.BJ,20231201,7.83,4.0455,4.0455,0.3,10.4647,21.1418,1.178,1.1541,1.34,,2.5543,8320.0,2594.4143,2594.4143,65145.6,20314.264
920471.BJ,20231130,8.37,5.3284,5.3284,0.38,11.1864,22.5998,1.2592,1.2337,1.4324,,2.3895,8320.0,2594.4143,2594.4143,69638.4,21715.2477
920471.BJ,20231129,8.6,8.703,8.703,0.64,11.4938,23.2208,1.2938,1.2676,1.4718,,2.3256,8320.0,2594.4143,2594.4143,71552.0,22311.963
920471.BJ,20231128,9.58,10.7415,10.7415,0.87,12.8035,25.8669,1.4412,1.4121,1.6395,,2.0877,8320.0,2594.4143,2594.4143,79705.6,24854.489
920471.BJ,20231127,10.47,25.8607,25.8607,3.59,13.993,28.27,1.5751,1.5433,1.7918,,1.9102,8320.0,2594.4143,2594.4143,87110.4,27163.5177
920471.BJ,20231124,9.43,15.7762,15.7762,3.87,12.603,25.4619,1.4187,1.39,1.6138,,2.1209,8320.0,2594.4143,2594.4143,78457.6,24465.3268
920471.BJ,20231123,7.87,8.4386,8.4386,3.43,10.5181,21.2498,1.184,1.16,1.3468,,2.5413,8320.0,2594.4143,2594.4143,65478.4,20418.0405
920471.BJ,20231122,7.86,7.0067,7.0067,5.61,10.5048,21.2228,1.1825,1.1585,1.3451,,2.5445,8320.0,2594.4143,2594.4143,65395.2,20392.0964
920471.BJ,20231121,7.24,4.3112,4.3112,9.84,9.6761,19.5487,1.0892,1.0672,1.239,,2.7624,8320.0,2594.4143,2594.4143,60236.8,18783.5595
920471.BJ,20231120,6.82,0.4711,0.4711,1.04,9.1148,18.4147,1.026,1.0053,1.1671,,2.9326,8320.0,2594.4143,2594.4143,56742.4,17693.9055
920471.BJ,20231117,6.69,0.138,0.138,0.27,8.9411,18.0637,1.0064,0.9861,1.1449,,2.9895,8320.0,2594.4143,2594.4143,55660.8,17356.6317
920471.BJ,20231116,6.66,0.3678,0.3678,0.73,8.901,17.9826,1.0019,0.9817,1.1398,,3.003,8320.0,2594.4143,2594.4143,55411.2,17278.7992
920471.BJ,20231115,6.72,0.9561,0.9561,1.99,8.9812,18.1447,1.011,0.9905,1.15,,2.9762,8320.0,2594.4143,2594.4143,55910.4,17434.4641
920471.BJ,20231114,6.53,0.2587,0.2587,0.53,8.7272,17.6316,0.9824,0.9625,1.1175,,3.0628,8320.0,2594.4143,2594.4143,54329.6,16941.5254
920471.BJ,20231113,6.45,0.54,0.54,1.02,8.6203,17.4156,0.9703,0.9507,1.1038,,3.1008,8320.0,2594.4143,2594.4143,53664.0,16733.9722
920471.BJ,20231110,6.39,0.4299,0.4299,0.9,8.5401,17.2536,0.9613,0.9419,1.0936,,3.1299,8320.0,2594.4143,2594.4143,53164.8,16578.3074
920471.BJ,20231109,6.39,0.3342,0.3342,0.74,8.5401,17.2536,0.9613,0.9419,1.0936,,3.1299,8320.0,2594.4143,2594.4143,53164.8,16578.3074
920471.BJ,20231108,6.39,0.8429,0.8429,2.13,8.5401,17.2536,0.9613,0.9419,1.0936,,3.1299,8320.0,2594.4143,2594.4143,53164.8,16578.3074
920471.BJ,20231107,6.18,0.2711,0.2711,0.6,8.2595,16.6866,0.9297,0.9109,1.0576,,3.2362,8320.0,2594.4143,2594.4143,51417.6,16033.4804
920471.BJ,20231106,6.17,0.7605,0.7605,1.86,8.2461,16.6596,0.9282,0.9094,1.0559,,3.2415,8320.0,2594.4143,2594.4143,51334.4,16007.5362
920471.BJ,20231103,6.17,0.1829,0.1829,0.43,8.2461,16.6596,0.9282,0.9094,1.0559,,3.2415,8320.0,2594.4143,2594.4143,51334.4,16007.5362
920471.BJ,20231102,6.16,0.1857,0.1857,0.45,8.2327,16.6326,0.9267,0.908,1.0542,,3.2468,8320.0,2594.4143,2594.4143,51251.2,15981.5921
920471.BJ,20231101,6.17,0.5791,0.5791,1.82,8.2461,16.6596,0.9282,0.9094,1.0559,,3.2415,8320.0,2594.4143,2594.4143,51334.4,16007.5362
920471.BJ,20231031,6.25,0.5547,0.5536,1.62,8.353,16.8756,0.9403,0.9212,1.0696,,3.2,8320.0,2594.4143,2599.5228,52000.0,16215.0894
920471.BJ,20231030,6.15,0.5377,0.5382,1.64,8.2194,21.9143,0.9437,0.9065,1.0805,,3.252,8320.0,2601.88,2599.5228,51168.0,16001.562
920471.BJ,20231027,6.2,0.246,0.2462,0.63,8.2862,22.0925,0.9513,0.9139,1.0893,,3.2258,8320.0,2601.88,2599.5228,51584.0,16131.656
920471.BJ,20231026,6.15,0.1453,0.1454,0.32,8.2194,21.9143,0.9437,0.9065,1.0805,,3.252,8320.0,2601.88,2599.5228,51168.0,16001.562
920471.BJ,20231025,6.15,0.1,0.1001,0.19,8.2194,21.9143,0.9437,0.9065,1.0805,,3.252,8320.0,2601.88,2599.5228,51168.0,16001.562
920471.BJ,20231024,6.13,0.6805,0.6811,1.57,8.1926,21.8431,0.9406,0.9035,1.077,,3.2626,8320.0,2601.88,2599.5228,51001.6,15949.5244
920471.BJ,20231023,6.24,0.4715,0.4719,1.23,8.3397,22.235,0.9575,0.9198,1.0963,,3.2051,8320.0,2601.88,2599.5228,51916.8,16235.7312
920471.BJ,20231020,6.63,0.5692,0.5697,1.89,8.8609,23.6247,1.0173,0.9772,1.1649,,3.0166,8320.0,2601.88,2599.5228,55161.6,17250.4644
920471.BJ,20231019,6.86,0.4311,0.4315,1.67,9.1683,24.4443,1.0526,1.0111,1.2053,,2.9155,8320.0,2601.88,2599.5228,57075.2,17848.8968
920471.BJ,20231018,6.91,0.5196,0.52,2.94,9.2351,24.6225,1.0603,1.0185,1.2141,,2.8944,8320.0,2601.88,2599.5228,57491.2,17978.9908
920471.BJ,20231017,7.14,0.1759,0.1761,1.09,9.5425,25.442,1.0956,1.0524,1.2545,,2.8011,8320.0,2601.88,2599.5228,59404.8,18577.4232
920471.BJ,20231016,7.15,0.2249,0.2251,1.69,9.5559,25.4777,1.0971,1.0539,1.2562,,2.7972,8320.0,2601.88,2599.5228,59488.0,18603.442
920471.BJ,20231013,7.29,0.153,0.1531,1.25,9.743,25.9765,1.1186,1.0745,1.2808,,2.7435,8320.0,2601.88,2599.5228,60652.8,18967.7052
920471.BJ,20231012,7.38,0.2163,0.2165,2.4,9.8633,26.2972,1.1324,1.0878,1.2966,,2.71,8320.0,2601.88,2599.5228,61401.6,19201.8744
920471.BJ,20231011,7.42,0.1138,0.1139,1.36,9.9167,26.4397,1.1385,1.0937,1.3037,,2.6954,8320.0,2601.88,2599.5228,61734.4,19305.9496
920471.BJ,20231010,7.46,0.1022,0.1023,1.54,9.9702,26.5823,1.1447,1.0996,1.3107,,2.681,8320.0,2601.88,2599.5228,62067.2,19410.0248
920471.BJ,20231009,7.49,0.0796,0.0796,0.76,10.0103,26.6892,1.1493,1.104,1.316,,2.6702,8320.0,2601.88,2599.5228,62316.8,19488.0812
920471.BJ,20230928,7.51,0.1015,0.1016,1.07,10.037,26.7604,1.1524,1.107,1.3195,,2.6631,8320.0,2601.88,2599.5228,62483.2,19540.1188
920471.BJ,20230927,7.47,0.0529,0.0529,0.55,9.9835,26.6179,1.1462,1.1011,1.3124,,2.6774,8320.0,2601.88,2599.5228,62150.4,19436.0436
920471.BJ,20230926,7.45,0.0815,0.0816,0.8,9.9568,26.5466,1.1432,1.0981,1.3089,,2.6846,8320.0,2601.88,2599.5228,61984.0,19384.006
920471.BJ,20230925,7.5,0.0169,0.0169,0.16,10.0236,26.7248,1.1508,1.1055,1.3177,,2.6667,8320.0,2601.88,2599.5228,62400.0,19514.1
920471.BJ,20230922,7.51,0.2679,0.2681,3.91,10.037,26.7604,1.1524,1.107,1.3195,,2.6631,8320.0,2601.88,2599.5228,62483.2,19540.1188
920471.BJ,20230921,7.38,0.0568,0.0569,0.84,9.8633,26.2972,1.1324,1.0878,1.2966,,2.71,8320.0,2601.88,2599.5228,61401.6,19201.8744
920471.BJ,20230920,7.41,0.0539,0.054,0.52,9.9033,26.4041,1.137,1.0922,1.3019,,2.6991,8320.0,2601.88,2599.5228,61651.2,19279.9308
920471.BJ,20230919,7.58,0.1118,0.1119,0.95,10.1305,27.0099,1.1285,1.1173,1.3318,,,8320.0,2601.88,2599.5228,63065.6,19722.2504
920471.BJ,20230918,7.64,0.0452,0.0452,0.28,10.2107,27.2237,1.1374,1.1261,1.3423,,,8320.0,2601.88,2599.5228,63564.8,19878.3632
920471.BJ,20230915,7.6,0.0749,0.075,0.44,10.1573,27.0811,1.1314,1.1202,1.3353,,,8320.0,2601.88,2599.5228,63232.0,19774.288
920471.BJ,20230914,7.6,0.0514,0.0515,0.25,10.1573,27.0811,1.1314,1.1202,1.3353,,,8320.0,2601.88,2599.5228,63232.0,19774.288
920471.BJ,20230913,7.61,0.2381,0.2383,0.91,10.1706,27.1168,1.1329,1.1217,1.337,,,8320.0,2601.88,2599.5228,63315.2,19800.3068
920471.BJ,20230912,7.6,0.1819,0.1821,0.53,10.1573,27.0811,1.1314,1.1202,1.3353,,,8320.0,2601.88,2599.5228,63232.0,19774.288
920471.BJ,20230911,7.65,0.248,0.2483,0.53,10.2241,27.2593,1.1389,1.1276,1.3441,,,8320.0,2601.88,2599.5228,63648.0,19904.382
920471.BJ,20230908,7.62,0.1247,0.1247,0.25,10.184,27.1524,1.1344,1.1232,1.3388,,,8320.0,2601.88,2601.88,63398.4,19826.3256
920471.BJ,20230907,7.58,0.2489,0.2489,0.42,10.1305,27.0099,1.1285,1.1173,1.3318,,,8320.0,2601.88,2601.88,63065.6,19722.2504
920471.BJ,20230906,7.7,0.5052,0.5052,1.0,10.2909,27.4375,1.1463,1.135,1.3529,,,8320.0,2601.88,2601.88,64064.0,20034.476
920471.BJ,20230905,7.7,0.5903,0.5903,1.36,10.2909,27.4375,1.1463,1.135,1.3529,,,8320.0,2601.88,2601.88,64064.0,20034.476
920471.BJ,20230904,7.87,0.8778,0.8778,2.57,10.5181,28.0432,1.1716,1.16,1.3827,,,8320.0,2601.88,2601.88,65478.4,20476.7956
920471.BJ,20230901,7.7,0.2953,0.2953,0.91,10.2909,27.4375,1.1463,1.135,1.3529,,,8320.0,2601.88,2601.88,64064.0,20034.476
920471.BJ,20230831,7.67,0.6662,0.6662,2.8,10.2508,27.3306,1.1419,1.1305,1.3476,,,8320.0,2601.88,2601.88,63814.4,19956.4196
920471.BJ,20230830,7.71,0.0972,0.0972,0.41,10.3043,27.4731,1.1478,1.1364,1.3546,,,8320.0,2601.88,2601.88,64147.2,20060.4948
920471.BJ,20230829,7.7,0.2361,0.2361,1.01,10.2909,27.4375,1.1463,1.135,1.3529,,,8320.0,2601.88,2601.88,64064.0,20034.476
920471.BJ,20230828,7.71,0.4111,0.4111,2.51,10.3043,27.4731,1.1478,1.1364,1.3546,,,8320.0,2601.88,2601.88,64147.2,20060.4948
920471.BJ,20230825,7.7,0.2139,0.2139,1.06,10.2909,27.4375,1.1463,1.135,1.3529,,,8320.0,2601.88,2601.88,64064.0,20034.476
920471.BJ,20230824,7.72,0.2304,0.2304,1.11,10.3177,27.5087,1.1493,1.1379,1.3564,,,8320.0,2601.88,2601.88,64230.4,20086.5136
920471.BJ,20230823,7.75,0.0878,0.0878,0.34,10.3577,27.6156,1.1538,1.1423,1.3616,,,8320.0,2601.88,2601.88,64480.0,20164.57
920471.BJ,20230822,7.76,0.2208,0.2201,0.78,10.3711,27.6513,1.1553,1.1438,1.3634,,,8320.0,2601.88,2610.2,64563.2,20190.5888
920471.BJ,20230821,7.74,0.0647,0.0647,0.22,10.3444,17.7315,1.172,1.1409,1.2672,,,8320.0,2610.2,2610.2,64396.8,20202.948
920471.BJ,20230818,7.73,0.399,0.399,1.6,10.331,17.7085,1.1705,1.1394,1.2656,,,8320.0,2610.2,2610.2,64313.6,20176.846
920471.BJ,20230817,7.75,0.2642,0.2642,1.21,10.3577,17.7544,1.1735,1.1423,1.2689,,,8320.0,2610.2,2610.2,64480.0,20229.05
920471.BJ,20230816,7.84,0.354,0.354,1.79,10.478,17.9605,1.1871,1.1556,1.2836,,,8320.0,2610.2,2610.2,65228.8,20463.968
920471.BJ,20230815,7.88,0.3283,0.3283,1.8,10.5315,18.0522,1.1932,1.1615,1.2901,,,8320.0,2610.2,2610.2,65561.6,20568.376
920471.BJ,20230814,7.86,0.1084,0.1084,0.45,10.5048,18.0064,1.1901,1.1585,1.2869,,,8320.0,2610.2,2610.2,65395.2,20516.172
920471.BJ,20230811,7.81,0.1943,0.1943,0.64,10.4379,17.8918,1.1826,1.1512,1.2787,,,8320.0,2610.2,2610.2,64979.2,20385.662
920471.BJ,20230810,7.86,0.1052,0.1052,0.34,10.5048,18.0064,1.1901,1.1585,1.2869,,,8320.0,2610.2,2610.2,65395.2,20516.172
920471.BJ,20230809,7.82,0.2539,0.2539,0.72,10.4513,17.9147,1.1841,1.1526,1.2803,,,8320.0,2610.2,2610.2,65062.4,20411.764
920471.BJ,20230808,7.91,0.249,0.249,0.65,10.5716,18.1209,1.1977,1.1659,1.2951,,,8320.0,2610.2,2610.2,65811.2,20646.682
920471.BJ,20230807,7.99,0.4141,0.4141,1.03,10.6785,18.3042,1.2098,1.1777,1.3082,,,8320.0,2610.2,2610.2,66476.8,20855.498
920471.BJ,20230804,8.01,0.5006,0.5006,1.43,10.7052,18.35,1.2129,1.1807,1.3114,,,8320.0,2610.2,2610.2,66643.2,20907.702
920471.BJ,20230803,8.06,0.1457,0.1457,0.35,10.7721,18.4645,1.2204,1.188,1.3196,,,8320.0,2610.2,2610.2,67059.2,21038.212
920471.BJ,20230802,8.05,0.465,0.465,1.18,10.7587,18.4416,1.2189,1.1866,1.318,,,8320.0,2610.2,2610.2,66976.0,21012.11
920471.BJ,20230801,8.04,0.3827,0.3827,0.87,10.7453,18.4187,1.2174,1.1851,1.3163,,,8320.0,2610.2,2610.2,66892.8,20986.008
920471.BJ,20230731,8.07,0.5209,0.5209,1.27,10.7854,18.4874,1.2219,1.1895,1.3212,,,8320.0,2610.2,2610.2,67142.4,21064.314
920471.BJ,20230728,8.07,0.2312,0.2312,0.58,10.7854,18.4874,1.2219,1.1895,1.3212,,,8320.0,2610.2,2610.2,67142.4,21064.314
920471.BJ,20230727,8.02,0.4936,0.4936,1.32,10.7186,18.3729,1.2144,1.1821,1.3131,,,8320.0,2610.2,2610.2,66726.4,20933.804
920471.BJ,20230726,8.03,0.3438,0.3438,0.98,10.732,18.3958,1.2159,1.1836,1.3147,,,8320.0,2610.2,2610.2,66809.6,20959.906
920471.BJ,20230725,8.01,0.613,0.613,2.18,10.7052,18.35,1.2129,1.1807,1.3114,,,8320.0,2610.2,2610.2,66643.2,20907.702
920471.BJ,20230724,8.01,0.371,0.371,1.41,10.7052,18.35,1.2129,1.1807,1.3114,,,8320.0,2610.2,2610.2,66643.2,20907.702
920471.BJ,20230721,7.95,0.1877,0.1877,0.78,10.625,18.2125,1.2038,1.1718,1.3016,,,8320.0,2610.2,2610.2,66144.0,20751.09
920471.BJ,20230720,7.94,0.3478,0.3478,1.49,10.6117,18.1896,1.2023,1.1703,1.3,,,8320.0,2610.2,2610.2,66060.8,20724.988
920471.BJ,20230719,7.95,0.2433,0.2433,0.98,10.625,18.2125,1.2038,1.1718,1.3016,,,8320.0,2610.2,2610.2,66144.0,20751.09
920471.BJ,20230718,7.96,0.2561,0.2561,1.07,10.6384,18.2354,1.2053,1.1733,1.3032,,,8320.0,2610.2,2610.2,66227.2,20777.192
920471.BJ,20230717,7.99,0.2828,0.2828,0.83,10.6785,18.3042,1.2098,1.1777,1.3082,,,8320.0,2610.2,2610.2,66476.8,20855.498
920471.BJ,20230714,7.99,0.0789,0.0789,0.18,10.6785,18.3042,1.2098,1.1777,1.3082,,,8320.0,2610.2,2610.2,66476.8,20855.498
920471.BJ,20230713,7.98,0.3067,0.3067,0.7,10.6651,18.2813,1.2083,1.1762,1.3065,,,8320.0,2610.2,2610.2,66393.6,20829.396
920471.BJ,20230712,7.96,0.3205,0.3205,0.69,10.6384,18.2354,1.2053,1.1733,1.3032,,,8320.0,2610.2,2610.2,66227.2,20777.192
920471.BJ,20230711,8.02,0.2061,0.2061,0.4,10.7186,18.3729,1.2144,1.1821,1.3131,,,8320.0,2610.2,2610.2,66726.4,20933.804
920471.BJ,20230710,8.02,0.7849,0.7849,1.84,10.7186,18.3729,1.2144,1.1821,1.3131,,,8320.0,2610.2,2610.2,66726.4,20933.804
920471.BJ,20230707,7.9,0.5989,0.5989,1.62,10.5582,18.098,1.1962,1.1644,1.2934,,,8320.0,2610.2,2610.2,65728.0,20620.58
920471.BJ,20230706,7.83,0.2848,0.2848,0.73,10.4647,17.9376,1.1856,1.1541,1.282,,,8320.0,2610.2,2610.2,65145.6,20437.866
920471.BJ,20230705,7.8,0.4447,0.4447,1.13,10.4246,17.8689,1.1811,1.1497,1.277,,,8320.0,2610.2,2610.2,64896.0,20359.56
920471.BJ,20230704,7.78,0.4867,0.4867,1.26,10.3978,17.8231,1.178,1.1468,1.2738,,,8320.0,2610.2,2610.2,64729.6,20307.356
920471.BJ,20230703,7.81,0.3158,0.3158,0.78,10.4379,17.8918,1.1826,1.1512,1.2787,,,8320.0,2610.2,2610.2,64979.2,20385.662
920471.BJ,20230630,7.84,0.3122,0.3122,0.7,10.478,17.9605,1.1871,1.1556,1.2836,,,8320.0,2610.2,2610.2,65228.8,20463.968
920471.BJ,20230629,7.81,0.3942,0.3942,0.79,10.4379,17.8918,1.1826,1.1512,1.2787,,,8320.0,2610.2,2610.2,64979.2,20385.662
920471.BJ,20230628,7.8,0.4533,0.4533,0.89,10.4246,17.8689,1.1811,1.1497,1.277,,,8320.0,2610.2,2610.2,64896.0,20359.56
920471.BJ,20230627,7.8,0.4548,0.4548,0.84,10.4246,17.8689,1.1811,1.1497,1.277,,,8320.0,2610.2,2610.2,64896.0,20359.56
920471.BJ,20230626,7.75,0.3977,0.3977,0.42,10.3577,17.7544,1.1735,1.1423,1.2689,,,8320.0,2610.2,2610.2,64480.0,20229.05
920471.BJ,20230621,7.82,0.5143,0.5143,0.51,10.4513,17.9147,1.1841,1.1526,1.2803,,,8320.0,2610.2,2610.2,65062.4,20411.764
920471.BJ,20230620,7.9,0.6678,0.6678,0.68,10.5582,18.098,1.1962,1.1644,1.2934,,,8320.0,2610.2,2610.2,65728.0,20620.58
920471.BJ,20230619,7.9,0.5013,0.5013,0.49,10.5582,18.098,1.1962,1.1644,1.2934,,,8320.0,2610.2,2610.2,65728.0,20620.58
920471.BJ,20230616,8.15,0.6246,0.6246,0.59,10.8923,18.6707,1.2341,1.2013,1.3343,,,8320.0,2610.2,2610.2,67808.0,21273.13
920471.BJ,20230615,8.08,2.4692,2.4692,3.56,10.7988,18.5104,1.2235,1.191,1.3229,,,8320.0,2610.2,2610.2,67225.6,21090.416
920471.BJ,20230614,7.73,0.7964,0.7964,0.99,10.331,17.7085,1.1705,1.1394,1.2656,,,8320.0,2610.2,2610.2,64313.6,20176.846
920471.BJ,20230613,7.87,0.5072,0.5072,0.5,10.5181,18.0293,1.1917,1.16,1.2885,,,8320.0,2610.2,2610.2,65478.4,20542.274
920471.BJ,20230612,7.84,0.6975,0.6975,0.63,10.478,17.9605,1.1871,1.1556,1.2836,,,8320.0,2610.2,2610.2,65228.8,20463.968
920471.BJ,20230609,7.84,0.8244,0.8244,0.61,10.478,17.9605,1.1871,1.1556,1.2836,,,8320.0,2610.2,2610.2,65228.8,20463.968
920471.BJ,20230608,7.92,0.6469,0.6469,0.34,10.585,18.1438,1.1992,1.1674,1.2967,,,8320.0,2610.2,2610.2,65894.4,20672.784
920471.BJ,20230607,7.93,1.3453,1.3453,0.59,10.5983,18.1667,1.2007,1.1689,1.2983,,,8320.0,2610.2,2610.2,65977.6,20698.886
920471.BJ,20230606,8.01,1.6043,1.6043,0.63,10.7052,18.35,1.2129,1.1807,1.3114,,,8320.0,2610.2,2610.2,66643.2,20907.702
920471.BJ,20230605,8.14,1.1476,1.1476,0.31,10.879,18.6478,1.2325,1.1998,1.3327,,,8320.0,2610.2,2610.2,67724.8,21247.028
920471.BJ,20230602,8.2,2.0268,2.0268,0.35,10.9592,18.7853,1.2416,1.2087,1.3425,,,8320.0,2610.2,2610.2,68224.0,21403.64
920471.BJ,20230601,8.26,3.253,3.253,0.3,11.0394,18.9227,1.2507,1.2175,1.3524,,,8320.0,2610.2,2610.2,68723.2,21560.252
920471.BJ,20230531,8.5,3.3063,3.3063,,11.3601,19.4725,1.2871,1.2529,1.3916,,,8320.0,2610.2,2610.2,70720.0,22186.7
920471.BJ,20230530,8.63,2.9673,2.9673,,11.5339,19.7703,1.3067,1.272,1.4129,,,8320.0,2610.2,2610.2,71801.6,22526.026
920471.BJ,20230529,8.71,6.7919,6.7919,,11.6408,19.9536,1.3189,1.2838,1.426,,,8320.0,2610.2,2610.2,72467.2,22734.842
920471.BJ,20230526,8.99,11.9119,11.9119,,12.015,20.5951,1.3152,1.3251,1.4719,,,8320.0,2808.2,2808.2,74796.8,25245.718
920471.BJ,20230525,10.25,26.1985,26.1985,,13.699,23.4816,1.4995,1.5108,1.6782,,,8320.0,2808.2,2808.2,85280.0,28784.05
920471.BJ,20220901,19.98,0.4525,,,13.867,12.8084,3.3895,2.6239,2.263,,,7000.0,3758.5,,139860.0,75094.83
920471.BJ,20220831,19.19,0.0439,,,13.3187,12.3019,3.2554,2.5201,2.1736,,,7000.0,3758.5,,134330.0,72125.615
920471.BJ,20220830,18.81,0.0133,,,13.0549,12.0583,3.191,2.4702,2.1305,,,7000.0,3758.5,,131670.0,70697.385
920471.BJ,20220829,17.92,0.097,,,12.4372,11.4878,3.04,2.3534,2.0297,,,7000.0,3758.5,,125440.0,67352.32
920471.BJ,20220826,18.73,0.0106,,,12.9994,12.007,3.1774,2.4597,2.1215,,,7000.0,3758.5,,131110.0,70396.705
920471.BJ,20220825,18.64,0.0772,,,12.9369,11.9493,3.1621,2.4479,2.1113,,,7000.0,3758.5,,130480.0,70058.44
920471.BJ,20220824,18.46,0.0386,,,12.812,11.8339,3.1316,2.4243,2.0909,,,7000.0,3758.5,,129220.0,69381.91
920471.BJ,20220823,18.77,0.0351,,,13.0272,12.0327,3.1842,2.465,2.126,,,7000.0,3758.5,,131390.0,70547.045
920471.BJ,20220822,18.09,0.0257,,,12.5552,11.6681,3.2293,2.3757,2.1168,,,7000.0,1554.2,,126630.0,28115.478
