ts_code,trade_date,buy_sm_vol,buy_sm_amount,sell_sm_vol,sell_sm_amount,buy_md_vol,buy_md_amount,sell_md_vol,sell_md_amount,buy_lg_vol,buy_lg_amount,sell_lg_vol,sell_lg_amount,buy_elg_vol,buy_elg_amount,sell_elg_vol,sell_elg_amount,net_mf_vol,net_mf_amount
002761.SZ,20251231,27780,2374.44,24886,2127.25,25323,2164.5,24194,2069.22,8180,699.27,9678,826.38,0,0.0,2525,215.35,6564,563.4
002761.SZ,20251230,30742,2623.32,25238,2153.72,27572,2351.34,24337,2076.28,10965,935.04,15387,1312.21,0,0.0,4318,367.49,-9088,-772.77
002761.SZ,20251229,22344,1921.56,19925,1713.29,16257,1398.05,19054,1639.07,6304,542.1,9728,837.19,5002,431.4,1200,103.56,-3675,-313.97
002761.SZ,20251226,27918,2403.27,21994,1893.39,21762,1872.44,25604,2203.64,8224,708.22,12306,1058.51,2000,171.6,0,0.0,889,80.35
002761.SZ,20251225,26295,2267.79,16236,1400.19,24317,2096.84,20569,1773.73,10195,879.18,16429,1416.94,1400,120.82,8974,773.77,-3915,-335.67
002761.SZ,20251224,28861,2482.1,29370,2525.56,27692,2380.26,34076,2929.24,18259,1570.29,11510,989.63,3468,297.9,3324,286.12,17830,1533.75
002761.SZ,20251223,19176,1629.53,18794,1597.02,18618,1582.05,16237,1380.02,9981,848.27,6555,556.98,0,0.0,6189,525.84,-3383,-286.23
002761.SZ,20251222,26929,2302.11,19230,1643.64,21095,1802.66,21363,1826.03,8675,741.44,14846,1268.82,0,0.0,1260,107.73,-13093,-1117.16
002761.SZ,20251219,31688,2702.23,31165,2657.37,27669,2359.18,26755,2281.42,8762,747.39,11159,951.78,961,81.78,0,0.0,18063,1542.39
002761.SZ,20251218,19751,1663.05,21818,1837.45,20961,1765.08,18528,1561.1,8975,756.03,7461,627.43,5787,487.63,7667,645.81,-4116,-346.46
002761.SZ,20251217,33788,2815.35,28312,2361.34,27322,2277.3,32362,2697.88,15529,1294.79,17966,1496.21,2000,168.0,0,0.0,-126,-3.04
002761.SZ,20251216,34848,2925.34,24119,2026.55,26894,2257.23,26378,2215.56,13222,1112.4,20633,1731.92,0,0.0,3834,320.95,-13678,-1148.21
002761.SZ,20251215,30528,2597.22,20264,1724.51,19601,1667.14,20801,1769.03,9804,833.94,18453,1568.54,2000,169.6,2415,205.83,-12663,-1072.53
002761.SZ,20251212,26487,2265.15,27476,2350.72,21151,1809.08,20153,1724.16,17681,1512.64,11926,1019.85,1752,149.53,7516,641.67,6726,577.5
002761.SZ,20251211,37342,3206.4,29801,2561.06,32107,2757.09,32344,2777.29,16516,1417.1,17298,1486.42,756,64.34,7278,620.14,-39375,-3379.35
002761.SZ,20251210,25886,2240.85,31866,2760.29,34054,2949.55,30421,2634.81,19164,1660.09,14018,1212.84,0,0.0,2800,242.56,-6009,-515.99
002761.SZ,20251209,23766,2054.41,24393,2109.18,25926,2241.61,26036,2251.01,13643,1180.28,13038,1127.39,1679,145.4,1547,134.12,-16590,-1431.26
002761.SZ,20251208,34048,2979.17,33264,2911.02,31530,2759.25,28175,2466.39,10977,960.1,9307,814.0,0,0.0,5809,507.11,-8685,-755.62
002761.SZ,20251205,30212,2621.06,30494,2646.96,23862,2070.88,26829,2329.08,13654,1187.42,10884,945.05,479,41.72,0,0.0,9551,838.44
002761.SZ,20251204,36062,3113.1,32326,2792.32,35054,3027.2,37211,3211.34,15965,1378.23,16058,1386.22,1746,150.96,3232,279.6,-9224,-790.44
002761.SZ,20251203,49912,4369.08,39162,3427.6,51689,4525.03,43788,3831.7,20285,1773.89,30872,2704.75,8003,698.63,16067,1402.58,-45469,-3979.79
002761.SZ,20251202,45748,4050.66,32100,2842.57,31485,2787.02,34757,3077.87,10717,948.06,16660,1473.2,3925,346.45,8358,738.55,-9601,-843.65
002761.SZ,20251201,41568,3714.44,30766,2748.79,34613,3092.42,36711,3281.11,21092,1883.84,21075,1882.45,5295,473.32,14016,1251.67,-16013,-1424.85
002761.SZ,20251128,64791,5741.94,43674,3873.68,59426,5266.8,49310,4372.36,26183,2320.81,39940,3536.98,3013,267.63,20489,1814.15,7267,657.05
002761.SZ,20251127,65338,5867.04,51790,4651.52,70797,6357.34,64882,5825.54,29845,2682.79,47679,4282.04,9463,849.83,11092,997.9,-47746,-4285.65
002761.SZ,20251126,53183,4888.44,67501,6205.63,66703,6136.33,59720,5495.51,43662,4018.87,34016,3132.23,6205,573.12,8516,783.41,-6038,-528.77
002761.SZ,20251125,65234,5981.14,79455,7285.23,77783,7130.96,65989,6049.71,36359,3332.06,36273,3324.91,7062,647.45,4722,431.77,-55140,-5051.59
002761.SZ,20251124,59875,5511.89,52528,4833.89,48305,4443.45,58540,5390.19,22607,2081.82,21857,2009.49,8186,750.82,6048,554.41,3223,303.66
002761.SZ,20251121,92903,8598.52,80016,7397.08,82587,7641.06,72785,6746.97,39431,3648.15,63912,5913.98,19114,1764.53,17321,1594.23,-49310,-4547.66
002761.SZ,20251120,70548,6713.39,81881,7791.49,89533,8522.53,76144,7252.78,61574,5869.77,55870,5322.04,13453,1280.98,21214,2020.38,11493,1123.49
002761.SZ,20251119,56052,5281.35,45304,4273.07,49377,4654.82,51678,4868.57,21786,2052.66,32348,3046.33,10253,963.93,8138,764.78,-19459,-1823.73
002761.SZ,20251118,77391,7349.06,65105,6187.66,70927,6740.3,65452,6219.42,43491,4129.55,42917,4076.55,15545,1470.8,33880,3206.09,-16653,-1597.79
002761.SZ,20251117,55031,5302.8,69550,6702.88,60715,5852.28,64963,6261.28,48172,4641.51,29207,2813.4,6195,597.65,6393,616.66,452,55.88
002761.SZ,20251114,73659,7081.65,88890,8549.96,90959,8746.0,78372,7535.04,49661,4776.65,40910,3935.37,1806,174.33,7913,758.26,1415,145.71
002761.SZ,20251113,45607,4347.86,41997,4002.54,39690,3783.1,44214,4215.53,22560,2150.53,27021,2576.05,11539,1100.31,6164,587.69,8992,861.58
002761.SZ,20251112,41376,3921.6,41419,3926.04,39517,3744.15,35614,3375.47,21215,2009.08,23845,2258.63,4152,394.26,5382,508.96,-20639,-1952.38
002761.SZ,20251111,46544,4436.85,45598,4348.02,46051,4391.3,50008,4769.03,28749,2741.64,27638,2635.02,4905,468.12,3005,285.83,8133,780.31
002761.SZ,20251110,64890,6151.9,56580,5366.3,61791,5859.09,64649,6129.31,32470,3080.44,34476,3269.75,14730,1396.87,18176,1722.95,37019,3512.9
002761.SZ,20251107,35317,3319.42,29908,2810.71,28507,2678.71,34303,3223.9,17302,1625.61,15954,1499.06,4154,390.21,5115,480.29,-11355,-1063.5
002761.SZ,20251106,50536,4749.1,56624,5321.87,49063,4610.9,43794,4116.23,23171,2177.58,24525,2305.0,8342,786.01,6169,580.49,-19990,-1876.33
002761.SZ,20251105,58807,5558.19,42733,4040.77,44845,4238.35,49741,4701.8,21962,2076.05,30046,2839.3,5562,525.83,8656,816.54,11173,1060.06
002761.SZ,20251104,41198,3882.73,44451,4190.19,48698,4588.55,43543,4104.52,28940,2730.14,21955,2070.06,1741,164.52,10628,1001.18,14631,1383.92
002761.SZ,20251103,39364,3688.15,44474,4166.66,41295,3868.92,34900,3270.67,19473,1824.28,23801,2228.84,7266,680.35,4223,395.53,-140,-8.84
002761.SZ,20251031,51272,4805.75,41841,3922.8,40364,3782.96,47853,4485.7,23084,2164.36,19471,1823.63,1270,119.38,6825,640.32,11492,1080.04
002761.SZ,20251030,35422,3299.28,34907,3251.22,36338,3384.22,30024,2796.15,23124,2152.53,26627,2479.82,3195,297.65,6521,606.49,-27374,-2543.08
002761.SZ,20251029,34348,3198.06,39410,3669.25,34853,3245.22,33936,3160.84,14163,1319.54,17659,1646.76,9630,899.25,1989,185.23,-11764,-1088.46
002761.SZ,20251028,31730,2975.56,26904,2523.3,31325,2937.19,29792,2794.68,15570,1460.07,17329,1624.13,0,0.0,4600,430.72,-6820,-635.9
002761.SZ,20251027,45593,4280.76,37401,3512.01,33376,3133.07,36307,3409.52,22252,2089.91,27529,2583.93,1110,104.34,1094,102.62,-2897,-268.74
002761.SZ,20251024,56238,5300.6,44507,4193.08,50779,4787.03,46611,4394.32,22241,2096.72,36526,3445.5,4016,378.02,5630,529.47,-19420,-1820.95
002761.SZ,20251023,55055,5205.63,47375,4482.89,55714,5269.55,58142,5504.03,30013,2843.56,31038,2933.98,3811,360.78,8038,758.62,-10580,-989.44
002761.SZ,20251022,74375,7037.92,64998,6152.55,71517,6768.11,80528,7622.86,44868,4246.2,50888,4814.35,14291,1354.06,8637,816.52,28205,2675.52
002761.SZ,20251021,85504,7981.06,73481,6856.47,62425,5824.91,81755,7630.47,53361,4980.0,38666,3606.2,1282,118.07,8670,810.9,53035,4935.82
002761.SZ,20251020,34213,3112.9,31279,2846.42,30191,2746.39,28891,2629.08,17404,1584.73,17440,1587.02,2578,234.44,6776,615.93,1328,123.59
002761.SZ,20251017,59798,5469.06,42975,3926.9,43961,4017.89,41183,3767.98,21672,1984.94,35591,3253.83,3619,328.28,9300,851.46,-36166,-3297.8
002761.SZ,20251016,56036,5181.7,49318,4559.69,60153,5563.45,44323,4097.46,21492,1986.61,40544,3747.27,5755,529.58,9251,856.92,-49235,-4550.58
002761.SZ,20251015,37463,3504.0,40262,3767.05,45152,4224.0,45657,4272.07,37436,3501.4,34685,3242.89,6117,573.77,5564,521.15,5608,531.61
002761.SZ,20251014,61138,5724.34,51277,4803.63,55175,5164.05,55431,5194.72,31072,2915.06,39554,3702.74,6266,591.35,7389,693.7,-13306,-1232.35
002761.SZ,20251013,57313,5296.19,47707,4407.31,52557,4850.52,50287,4650.09,26210,2422.16,33494,3088.89,0,0.0,4591,422.58,11189,1038.83
002761.SZ,20251010,63546,5952.77,53202,4983.67,55686,5213.18,64971,6085.11,39694,3719.12,47848,4479.95,11020,1031.9,3926,368.24,16050,1512.97
002761.SZ,20251009,40445,3741.94,48356,4476.27,44186,4087.98,48896,4524.14,39626,3670.19,34537,3196.29,12774,1180.84,5241,484.26,8674,811.15
002761.SZ,20250930,34792,3195.94,26683,2451.48,41010,3767.39,35188,3232.64,19023,1747.78,30127,2767.24,1500,137.66,4327,397.41,-19583,-1795.26
002761.SZ,20250929,50157,4579.13,42070,3846.44,46628,4254.93,56968,5206.19,37805,3458.14,33208,3027.28,863,79.48,3207,291.77,12180,1130.2
002761.SZ,20250926,46044,4233.61,34703,3190.47,47975,4408.46,43434,3993.84,31935,2938.63,33192,3050.14,4772,436.4,19397,1782.64,-21181,-1938.28
002761.SZ,20250925,52270,4848.81,67592,6272.15,77631,7201.86,70990,6586.65,46537,4319.18,43906,4074.44,16452,1524.84,10402,961.45,-15876,-1465.79
002761.SZ,20250924,37322,3405.51,38720,3536.69,41522,3790.03,42071,3841.49,28824,2631.56,20943,1911.45,12234,1118.17,18168,1655.63,2670,252.41
002761.SZ,20250923,76740,6959.37,58764,5333.29,68527,6215.3,69618,6315.79,36127,3270.91,48599,4399.25,2728,246.76,7141,644.0,-24523,-2211.62
002761.SZ,20250922,49599,4571.65,36332,3348.76,53176,4901.75,49634,4574.92,26439,2437.5,38544,3551.52,8167,750.9,12871,1186.6,-11487,-1054.55
002761.SZ,20250919,59088,5557.88,42636,4016.26,60195,5666.27,56990,5364.43,33039,3113.97,51088,4806.31,4537,426.78,6145,577.9,-23964,-2248.0
002761.SZ,20250918,88785,8488.05,69168,6626.98,98343,9407.22,88190,8438.06,57530,5515.78,70876,6772.38,12058,1156.7,28483,2730.32,-62121,-5933.45
002761.SZ,20250917,86769,8332.6,56335,5417.61,84701,8131.53,81426,7829.73,45673,4386.48,70582,6767.18,13252,1273.66,22052,2109.75,-22496,-2138.35
002761.SZ,20250916,72028,6989.2,62955,6112.51,88825,8622.04,88272,8569.12,64782,6288.71,68400,6641.62,13884,1348.08,19891,1924.77,-25143,-2417.35
002761.SZ,20250915,80605,7786.2,95146,9201.14,121211,11711.02,125037,12084.16,88550,8565.71,72094,6966.33,17003,1648.02,15092,1459.33,17461,1726.77
002761.SZ,20250912,109834,10511.32,127343,12214.36,160216,15341.35,161030,15426.94,118063,11324.83,89432,8562.55,47797,4591.25,58106,5564.9,49726,4747.35
002761.SZ,20250911,37847,3508.15,35432,3286.49,51232,4747.49,54038,5012.25,28609,2654.83,34626,3208.09,17211,1597.62,10803,1001.27,-2555,-220.97
002761.SZ,20250910,26988,2503.73,32132,2981.87,38814,3601.48,46258,4293.33,18643,1730.11,22880,2123.55,16825,1563.42,0,0.0,-4078,-373.94
002761.SZ,20250909,36427,3374.59,36819,3410.67,46812,4336.9,47304,4383.29,31464,2915.51,26540,2458.35,0,0.0,4040,374.69,-26883,-2484.09
002761.SZ,20250908,37061,3432.67,36832,3412.13,50084,4639.37,44267,4101.78,30236,2802.55,30921,2863.82,9320,863.62,14681,1360.49,-10957,-1010.46
002761.SZ,20250905,40544,3726.3,47451,4363.4,53761,4943.41,55834,5134.95,32306,2968.86,35117,3229.39,14072,1298.81,2281,209.63,17607,1632.66
002761.SZ,20250904,57857,5282.63,42412,3872.96,57452,5244.32,56648,5173.12,18402,1681.42,29637,2706.14,767,69.64,5781,525.79,5768,533.33
002761.SZ,20250903,61554,5655.05,48284,4437.74,65555,6026.69,55847,5133.16,26816,2460.3,37095,3405.6,1578,144.9,14278,1310.43,-41656,-3817.25
002761.SZ,20250902,76153,7079.78,59356,5519.26,79490,7394.0,73277,6815.56,31427,2923.36,51816,4816.79,6699,622.46,9320,867.99,-42143,-3920.08
002761.SZ,20250901,49782,4695.49,51319,4841.57,62283,5875.0,62453,5893.46,33421,3152.62,33716,3178.71,13155,1240.62,11153,1050.0,-25018,-2353.4
002761.SZ,20250829,69156,6577.56,53169,5056.91,81827,7781.72,70514,6709.21,39085,3714.75,63795,6061.66,5131,485.67,7721,731.9,-42340,-4017.13
002761.SZ,20250828,78582,7473.03,70012,6660.62,91928,8740.46,95080,9035.77,54046,5142.92,71997,6837.29,17380,1638.29,4847,461.01,-46361,-4394.11
002761.SZ,20250827,96020,9340.11,74819,7282.02,103475,10072.15,101768,9906.69,59904,5823.7,64580,6281.02,15693,1517.57,33925,3283.81,-76147,-7397.37
002761.SZ,20250826,89533,8804.79,62742,6171.78,101726,10004.75,97129,9553.47,50963,5014.14,70556,6940.09,7892,776.14,19687,1934.49,-75432,-7407.51
002761.SZ,20250825,102961,10227.11,97090,9647.75,133326,13244.17,130661,12984.01,87267,8674.43,88195,8758.02,18667,1857.47,26275,2613.41,-51759,-5123.28
002761.SZ,20250822,148975,14726.14,157407,15557.95,165644,16374.45,138265,13670.66,87324,8629.75,97046,9590.58,25845,2553.52,35070,3464.67,-93872,-9262.6
002761.SZ,20250821,210515,21043.9,293471,29329.34,286225,28609.87,305153,30475.46,191593,19154.86,171968,17184.89,105882,10545.93,23624,2364.87,110473,11011.01
002761.SZ,20250820,71220,6759.99,53534,5080.87,67220,6377.69,65283,6196.2,27575,2617.59,44187,4193.08,6550,620.16,9561,905.29,-19889,-1865.86
002761.SZ,20250819,59829,5706.39,48192,4596.3,64277,6130.36,65772,6271.8,39696,3786.59,52202,4980.41,11921,1137.02,9557,911.85,-31198,-2966.64
002761.SZ,20250818,67369,6431.58,67950,6486.09,85308,8145.74,72073,6881.13,41768,3987.26,38249,3652.48,2515,240.28,18688,1785.15,7235,700.66
002761.SZ,20250815,63109,5969.53,58983,5579.11,58061,5491.39,62687,5930.52,29368,2778.24,28094,2656.53,9209,871.62,9983,944.62,-23224,-2187.69
002761.SZ,20250814,94249,8965.34,67477,6413.07,73178,6958.19,89944,8548.62,40623,3862.06,53572,5097.34,19234,1828.17,16292,1554.73,-70646,-6697.36
002761.SZ,20250813,92475,8869.5,62179,5964.58,75962,7285.58,80662,7737.73,53442,5123.48,57319,5498.04,7371,706.58,29090,2784.79,-65974,-6320.56
002761.SZ,20250812,70540,6814.81,50447,4874.48,66742,6446.37,68959,6662.73,46285,4471.0,58630,5661.65,2454,237.11,7985,770.43,-40359,-3888.51
002761.SZ,20250811,85245,8273.3,73567,7140.06,82490,8003.37,88945,8631.47,55688,5402.66,65021,6309.03,13442,1305.95,9332,904.72,-746,-62.01
002761.SZ,20250808,86478,8358.13,91754,8872.33,103530,10006.57,98422,9514.53,69039,6676.14,66420,6420.58,7035,681.34,9485,914.73,23618,2302.51
002761.SZ,20250807,109720,10518.85,118958,11403.33,127586,12232.25,133017,12747.47,70126,6720.88,58861,5643.86,19920,1908.89,16516,1586.2,57372,5519.09
002761.SZ,20250806,120889,11415.87,86261,8148.75,114345,10803.7,106937,10099.3,47942,4527.67,79834,7539.64,8005,757.52,18149,1717.06,-68813,-6492.74
002761.SZ,20250805,60340,5759.85,59986,5726.02,66056,6306.74,64376,6145.38,35404,3380.42,35802,3418.14,6678,637.27,8314,794.76,-12776,-1210.62
002761.SZ,20250804,59795,5706.86,66659,6362.84,65179,6220.88,54435,5195.46,35951,3429.84,34106,3253.62,5232,499.28,10957,1044.96,-35782,-3407.32
002761.SZ,20250801,71045,6790.54,52107,4980.04,60043,5737.21,65842,6292.28,37067,3543.54,47544,4544.79,1150,109.87,3812,364.05,-38848,-3706.27
002761.SZ,20250731,169506,16335.7,96944,9345.43,108981,10506.97,132878,12808.86,55185,5321.02,82631,7966.51,10285,990.72,31504,3033.59,-67637,-6503.23
002761.SZ,20250730,147762,14476.84,110655,10854.6,140445,13764.21,143738,14091.87,74180,7282.86,92381,9056.52,6373,627.63,21986,2148.54,-72742,-7094.85
002761.SZ,20250729,158424,15554.8,156962,15435.38,174136,17114.53,157764,15503.38,88823,8733.13,91505,8980.07,16230,1596.57,31382,3080.19,-3778,-315.68
002761.SZ,20250728,163677,16057.4,144813,14216.94,161043,15806.42,163073,16004.12,85592,8394.2,96059,9418.6,15935,1565.63,22301,2183.98,-12966,-1244.6
002761.SZ,20250725,324808,32138.09,252171,24972.23,278819,27597.05,276594,27375.36,147519,14619.12,196644,19472.04,46306,4579.02,72043,7113.64,-228901,-22692.5
002761.SZ,20250724,354750,36333.67,350650,35848.4,344020,35200.9,384008,39232.69,245829,25099.81,231546,23687.45,98919,10010.99,77314,7876.84,-2480,-251.57
002761.SZ,20250723,735527,78924.85,490002,52567.52,633691,68149.88,585674,62871.68,370113,39861.84,456340,48791.29,134070,14565.07,341385,37271.16,-178381,-18530.99
002761.SZ,20250722,205371,21449.72,198520,20839.77,231879,24237.64,288095,30250.61,176713,18517.06,259228,27207.76,317243,33507.87,185364,19414.14,-30693,-3322.34
002761.SZ,20250721,212340,20216.0,306649,29252.37,256527,24402.56,288496,27507.86,199399,18992.5,154668,14724.74,130449,12539.69,48901,4665.77,144035,13874.01
002761.SZ,20250718,41171,3710.31,31671,2854.22,35317,3183.03,33660,3034.31,12099,1091.63,19302,1740.01,1042,94.09,4997,450.52,-6017,-538.26
002761.SZ,20250717,32960,2970.22,27890,2513.03,26975,2430.86,28830,2597.82,16918,1524.13,18265,1645.85,4252,383.11,6120,551.61,-8689,-779.91
002761.SZ,20250716,47316,4289.48,43465,3939.95,30719,2784.88,32821,2975.0,24745,2243.57,20488,1858.64,2695,244.16,8701,788.5,-14305,-1292.41
002761.SZ,20250715,72494,6554.08,45015,4070.56,44984,4065.77,57044,5156.86,20766,1877.32,27841,2517.29,3352,303.36,11696,1055.82,-6266,-559.89
002761.SZ,20250714,58886,5388.45,38661,3537.9,37887,3466.79,47184,4317.6,20414,1867.79,26895,2460.95,5050,462.57,9497,869.15,-6098,-551.5
002761.SZ,20250711,71668,6546.12,64955,5933.47,76335,6971.2,63638,5813.57,37598,3431.92,47706,4354.02,9422,861.13,18724,1709.3,-20873,-1895.44
002761.SZ,20250710,79468,7244.9,89891,8212.34,97253,8879.63,98641,9009.48,62995,5757.29,63235,5771.8,31048,2842.69,18998,1730.89,61598,5636.53
002761.SZ,20250709,53035,4801.28,45455,4116.61,48616,4400.21,54819,4963.02,27743,2513.37,37278,3375.54,11999,1087.51,3842,347.2,-3086,-273.02
002761.SZ,20250708,45534,4100.48,50211,4520.59,48649,4379.0,43558,3922.29,32407,2917.26,37427,3369.43,11063,997.13,6457,581.58,-5133,-453.47
002761.SZ,20250707,66306,5928.41,73764,6609.09,66073,5915.49,77326,6925.02,48246,4327.93,37353,3341.64,10475,939.2,2657,235.28,30863,2762.93
002761.SZ,20250704,39088,3465.59,33540,2973.71,34389,3047.83,36644,3248.81,21390,1897.56,21506,1907.58,0,0.0,3177,280.88,-12866,-1134.85
002761.SZ,20250703,39736,3529.56,33252,2953.04,30629,2719.95,31966,2839.5,17176,1525.47,19305,1714.69,0,0.0,3018,267.74,-8577,-758.1
002761.SZ,20250702,33993,3005.85,32468,2870.82,27933,2470.77,30712,2715.9,19567,1730.47,18313,1620.37,0,0.0,0,0.0,8017,714.34
002761.SZ,20250701,37760,3331.46,28892,2549.19,30864,2722.79,31239,2757.24,17680,1559.52,20611,1818.1,0,0.0,5562,489.23,-15316,-1346.01
002761.SZ,20250630,44100,3902.02,40368,3571.56,33747,2985.55,31515,2788.11,26379,2335.1,25895,2291.87,0,0.0,6448,571.13,744,69.73
002761.SZ,20250627,43376,3811.61,35850,3150.82,33989,2987.19,39461,3468.33,21977,1930.11,24835,2180.13,1919,168.7,1115,98.34,587,56.79
002761.SZ,20250626,43462,3802.63,31951,2795.26,36569,3200.19,35033,3064.8,20931,1830.68,26820,2348.27,0,0.0,7158,625.18,-20227,-1764.94
002761.SZ,20250625,42024,3668.68,39828,3476.48,40929,3572.15,39230,3422.8,18423,1608.04,23198,2027.67,5347,468.66,4467,390.57,15433,1357.51
002761.SZ,20250624,46902,4050.81,45377,3923.69,49844,4310.23,41530,3591.28,19401,1676.21,18514,1601.1,3491,300.86,14217,1222.05,30614,2639.82
002761.SZ,20250623,50446,4268.46,35849,3035.68,38937,3294.2,37001,3128.67,20429,1727.12,32669,2764.47,16208,1371.42,20501,1732.39,14028,1189.01
002761.SZ,20250620,36579,3145.22,30604,2630.31,26185,2251.56,27382,2353.84,14835,1274.78,17837,1534.13,0,0.0,1776,153.27,855,79.27
002761.SZ,20250619,50761,4368.62,36102,3113.68,42046,3625.09,45261,3901.51,24454,2107.11,32716,2812.49,5572,478.45,8754,751.59,-19907,-1713.05
002761.SZ,20250618,36106,3142.07,31310,2725.97,29508,2568.26,32764,2851.77,15562,1355.05,19911,1732.15,4799,417.51,1990,173.0,-30437,-2646.92
002761.SZ,20250617,35754,3132.65,29523,2587.1,28147,2466.45,34823,3052.11,18152,1592.33,20114,1763.98,2574,226.39,167,14.63,-2517,-214.86
002761.SZ,20250616,38708,3387.55,33277,2912.9,28558,2499.66,37301,3264.78,22547,1974.72,18608,1629.53,1572,137.71,2199,192.41,9691,853.48
002761.SZ,20250613,82988,7270.78,45961,4029.37,50362,4414.56,63627,5577.69,23234,2035.54,46996,4113.83,0,0.0,0,0.0,-36592,-3205.65
002761.SZ,20250612,58859,5232.48,43586,3876.37,60478,5376.07,57126,5078.76,41232,3664.55,38251,3397.89,5552,492.73,27158,2412.81,-31675,-2807.35
002761.SZ,20250611,55514,4989.06,38435,3455.02,47108,4233.86,51287,4609.45,24839,2232.32,37131,3337.51,5000,450.0,5608,503.25,-21189,-1898.97
002761.SZ,20250610,84202,7584.13,62492,5631.89,84975,7653.79,83057,7478.95,49686,4472.14,65410,5888.12,4411,397.64,12315,1108.73,-64128,-5784.75
002761.SZ,20250609,63769,5819.27,56271,5135.48,79921,7293.35,70806,6462.08,49775,4543.32,57234,5222.82,3719,339.66,12873,1175.22,-44759,-4076.23
002761.SZ,20250606,84751,7722.67,97087,8856.08,109678,10000.38,117645,10725.77,74555,6797.93,55245,5034.15,10169,924.57,9176,829.55,38478,3514.01
002761.SZ,20250605,70896,6416.05,77656,7033.63,81854,7408.47,73921,6691.44,48270,4375.82,43972,3980.24,1854,168.55,7325,663.59,-17415,-1563.42
002761.SZ,20250604,62634,5642.02,65198,5875.18,76362,6880.83,73960,6663.8,41253,3716.33,39655,3571.97,6275,566.89,7711,695.11,6903,633.03
002761.SZ,20250603,60248,5398.14,45599,4086.05,50329,4508.61,56995,5107.05,23873,2139.66,34124,3057.2,6239,559.81,3971,355.91,-18929,-1689.97
002761.SZ,20250530,73287,6600.36,57024,5137.2,66862,6020.73,66546,5993.62,38832,3497.8,48709,4384.83,2719,244.0,9421,847.24,-52482,-4721.88
002761.SZ,20250529,94755,8594.66,97439,8841.64,94728,8596.75,105011,9534.43,63685,5784.77,63405,5757.57,22572,2052.72,9885,895.25,11757,1088.35
002761.SZ,20250528,121243,10886.46,76797,6900.34,115517,10379.45,104769,9412.16,61476,5523.39,92996,8354.6,7682,691.05,31355,2813.24,-77499,-6965.82
002761.SZ,20250527,95936,8743.91,79714,7266.98,103691,9451.07,108866,9926.0,63460,5786.77,69686,6351.73,10441,954.15,15261,1391.2,-22346,-2020.42
002761.SZ,20250526,120863,11028.62,119861,10941.13,127198,11609.32,138446,12633.9,83915,7659.52,85387,7791.91,22297,2033.39,10580,963.91,-14270,-1272.65
002761.SZ,20250523,251177,23086.47,179476,16471.58,278201,25581.06,204356,18768.39,156160,14341.22,210240,19359.0,40229,3706.85,131696,12116.62,-171340,-15697.42
002761.SZ,20250522,312745,29934.7,312367,29921.26,351773,33689.92,328309,31443.12,212298,20310.64,225101,21592.48,162796,15658.35,173834,16636.76,-65123,-6204.38
002761.SZ,20250521,172847,16415.12,303205,29021.45,222162,21118.12,368863,35328.02,176105,16825.59,217479,20892.45,412676,40041.59,94243,9158.51,-47368,-4933.27
002761.SZ,20250520,57671,5111.62,50312,4461.4,57924,5134.92,52762,4677.62,27678,2454.04,30589,2711.35,0,0.0,9610,850.2,-16686,-1471.88
002761.SZ,20250519,69126,6098.66,71439,6303.64,71462,6307.11,66489,5864.49,36647,3228.13,34271,3025.72,11846,1047.01,16882,1487.05,15081,1333.02
002761.SZ,20250516,44319,3846.16,50551,4385.56,42681,3704.43,46056,3997.16,28970,2513.43,23117,2007.04,5270,457.8,1516,132.06,13302,1161.84
002761.SZ,20250515,25453,2192.02,29440,2535.9,28227,2430.46,26096,2247.03,12235,1054.06,10079,867.67,1416,121.63,1716,147.58,-19129,-1645.95
002761.SZ,20250514,51054,4412.48,34401,2971.79,40959,3538.32,45559,3936.68,17216,1487.86,26849,2321.6,4948,429.62,7367,638.2,7540,664.9
002761.SZ,20250513,39157,3396.61,33923,2942.25,30093,2610.79,30176,2617.84,21511,1865.88,28420,2465.67,1758,152.48,0,0.0,-1751,-147.43
002761.SZ,20250512,39378,3393.48,31255,2692.37,28928,2493.17,36733,3164.02,18683,1609.31,18815,1621.99,3478,299.26,3663,316.85,12146,1051.34
002761.SZ,20250509,41096,3521.56,30808,2640.14,28899,2476.03,35567,3047.26,16826,1441.28,21209,1816.59,3920,335.39,3157,270.27,-12579,-1074.1
002761.SZ,20250508,39951,3448.29,34892,3011.99,30498,2632.18,34026,2937.13,24796,2140.87,26408,2279.18,81,6.95,0,0.0,1938,171.55
002761.SZ,20250507,68291,5900.66,43666,3773.61,46540,4021.46,55020,4753.58,29983,2589.2,42995,3713.84,2594,224.56,5727,494.84,7312,640.94
002761.SZ,20250506,67409,5750.83,47967,4092.43,57810,4930.8,52402,4469.5,22766,1942.69,46120,3935.22,0,0.0,1496,127.16,-789,-61.45
002761.SZ,20250430,90124,7630.06,79931,6766.65,75392,6380.12,86375,7306.38,47983,4061.74,41305,3497.2,3492,293.78,9380,795.48,53203,4497.63
002761.SZ,20250429,85362,7055.01,81195,6710.21,74978,6201.77,73828,6103.83,39772,3288.03,40363,3339.33,2538,208.88,7264,600.33,12902,1072.61
002761.SZ,20250428,58709,4732.94,42243,3403.64,53263,4294.72,51531,4154.39,24415,1969.78,42431,3423.89,5381,433.22,5563,448.74,-33420,-2691.42
002761.SZ,20250425,55559,4623.8,41000,3413.71,47870,3984.27,51921,4324.31,28628,2383.84,35749,2974.76,2383,200.2,5769,479.34,14004,1175.02
002761.SZ,20250424,54132,4513.16,67620,5641.69,64413,5370.48,58261,4864.45,34617,2884.87,28040,2339.27,10036,844.6,9277,767.69,-21448,-1764.56
002761.SZ,20250423,44281,3695.07,44110,3680.71,48843,4074.48,45369,3787.49,26114,2178.65,21685,1810.99,2639,220.4,10713,889.4,-28109,-2338.28
002761.SZ,20250422,51249,4267.93,53968,4506.16,63692,5316.64,64377,5375.91,43804,3660.36,38971,3247.46,4379,367.42,5808,482.82,28503,2389.05
002761.SZ,20250421,33793,2787.42,35452,2924.23,34068,2809.9,33707,2780.11,21551,1777.79,19217,1585.06,4729,390.3,5765,476.01,-9895,-811.28
002761.SZ,20250418,35877,2943.64,43583,3580.45,43192,3546.55,37051,3043.83,24128,1984.88,23903,1962.84,4340,358.21,3000,246.15,2549,220.42
002761.SZ,20250417,47467,3905.14,42024,3458.31,49072,4038.37,55476,4562.96,30184,2483.91,28596,2354.07,5458,448.22,6085,500.31,24775,2043.84
002761.SZ,20250416,45584,3706.54,35120,2854.8,38857,3160.34,41378,3365.73,14706,1195.33,21347,1736.38,0,0.0,1303,105.28,-15753,-1280.9
002761.SZ,20250415,32680,2667.27,35279,2880.55,33457,2732.69,38932,3179.78,19709,1610.35,15802,1290.24,5667,462.97,1500,122.7,-1009,-72.82
002761.SZ,20250414,39692,3245.7,38431,3142.83,40339,3298.67,39635,3241.5,18373,1502.88,22806,1864.55,2468,201.64,0,0.0,-2614,-209.43
002761.SZ,20250411,42210,3429.47,35732,2903.03,38603,3136.52,45398,3689.02,16794,1364.47,16477,1338.41,0,0.0,0,0.0,-13443,-1086.65
002761.SZ,20250410,63581,5199.28,70568,5775.23,89142,7291.12,78721,6441.75,43991,3602.38,53412,4368.39,10359,849.52,4373,356.92,-19024,-1542.14
002761.SZ,20250409,108779,8561.63,93995,7400.09,86203,6796.17,78650,6195.71,40028,3151.38,54943,4335.58,5309,421.91,12731,999.71,43765,3477.74
002761.SZ,20250408,110358,8593.59,102280,7973.97,66030,5146.27,77880,6071.78,31509,2461.19,40812,3183.18,21979,1724.02,8904,696.13,48015,3760.79
002761.SZ,20250407,109110,8494.9,86101,6708.5,70083,5470.53,77210,6026.53,36371,2818.22,46113,3580.86,6754,526.81,12894,994.57,-40570,-3158.06
002761.SZ,20250403,36285,3073.49,33681,2853.66,39698,3362.54,38261,3241.55,16421,1392.22,20206,1711.28,0,0.0,256,21.76,8866,754.18
002761.SZ,20250402,26478,2228.1,20634,1737.35,24512,2062.57,23917,2013.8,10633,895.56,14937,1255.68,0,0.0,2135,179.39,-5481,-457.38
002761.SZ,20250401,31105,2628.53,26744,2260.11,28397,2399.78,28866,2439.34,14283,1206.27,19848,1676.16,1673,141.03,0,0.0,4858,413.72
002761.SZ,20250331,48143,4048.71,30362,2553.79,43442,3651.66,43300,3641.94,14424,1211.65,26633,2238.54,3000,255.81,8714,733.55,-5067,-421.51
002761.SZ,20250328,37744,3239.51,25819,2217.71,40898,3510.23,35738,3067.2,12918,1110.71,26754,2296.79,3307,285.15,6556,563.9,-27913,-2396.19
002761.SZ,20250327,34748,3004.8,32391,2803.95,35137,3041.05,37394,3239.35,19065,1655.09,19875,1719.4,710,61.77,0,0.0,536,56.17
002761.SZ,20250326,33477,2918.34,27935,2434.98,31912,2780.99,33420,2913.29,15783,1375.68,21764,1897.34,4538,396.13,2591,225.53,-12518,-1087.79
002761.SZ,20250325,38990,3365.47,32937,2844.48,42861,3701.31,41643,3596.1,23075,1996.77,30389,2623.0,4606,395.66,4563,395.61,2187,199.96
002761.SZ,20250324,80883,7028.94,50094,4357.79,65390,5686.54,64900,5642.76,30829,2682.2,52589,4571.13,4017,350.04,13536,1176.04,-33593,-2931.37
002761.SZ,20250321,50397,4495.94,40613,3627.48,46910,4187.66,47129,4208.88,22983,2053.61,30781,2742.38,149,13.41,1916,171.89,-14213,-1259.08
002761.SZ,20250320,40007,3596.86,31480,2831.76,41940,3770.74,40687,3658.96,18642,1677.26,23259,2089.49,2818,252.62,7981,717.27,-23832,-2136.26
002761.SZ,20250319,46866,4232.7,37194,3361.16,47845,4320.58,44475,4017.7,21739,1962.96,16807,1518.37,0,0.0,17974,1619.01,-49138,-4432.68
002761.SZ,20250318,37949,3458.26,36540,3330.32,56164,5117.72,47030,4287.62,19155,1746.37,26662,2429.09,6535,596.02,9571,871.34,-32801,-2984.51
002761.SZ,20250317,53029,4853.07,58284,5334.92,71401,6533.9,61135,5596.54,42335,3875.08,37267,3411.01,5869,537.44,15948,1457.01,-6840,-613.42
002761.SZ,20250314,63533,5737.15,59029,5333.65,63696,5753.17,66240,5985.78,33487,3032.29,35948,3250.45,20086,1822.91,19585,1775.64,42396,3846.03
002761.SZ,20250313,77577,6974.7,50275,4524.9,68934,6203.92,67282,6053.99,23105,2079.71,48031,4320.9,16080,1449.45,20108,1807.98,-58455,-5259.35
002761.SZ,20250312,54270,4952.46,44434,4055.88,55629,5077.46,62290,5684.99,27812,2539.2,35255,3219.48,13964,1274.54,9696,883.31,-19758,-1789.91
002761.SZ,20250311,61443,5572.66,44699,4054.39,58722,5325.64,62151,5636.58,27854,2526.94,32416,2939.03,7609,691.42,16362,1486.64,1908,186.93
002761.SZ,20250310,58969,5396.51,46909,4295.09,66496,6086.8,69004,6318.17,32129,2944.69,39710,3634.45,5090,465.17,7061,645.46,1235,134.99
002761.SZ,20250307,97922,8965.36,89775,8214.43,105552,9665.0,102641,9401.43,60576,5549.42,68245,6251.07,14712,1346.25,18101,1659.1,-108192,-9894.45
002761.SZ,20250306,87268,8103.32,114438,10636.94,120646,11212.15,108965,10120.42,78641,7310.27,70434,6542.97,21125,1966.93,13843,1292.36,17426,1640.81
002761.SZ,20250305,98959,9063.93,85721,7851.24,102277,9370.06,97293,8912.89,48427,4434.97,56074,5141.64,4384,402.35,14959,1365.54,-63523,-5802.6
002761.SZ,20250304,108046,9990.38,79572,7363.58,92510,8553.48,88333,8171.96,46617,4313.75,63312,5851.49,7894,731.35,23850,2201.94,-38217,-3512.48
002761.SZ,20250303,173360,16546.84,152421,14576.95,204476,19554.88,188002,17979.89,100472,9614.03,126227,12052.97,22624,2161.8,34281,3267.74,-37078,-3440.71
002761.SZ,20250228,194754,18457.35,241675,22980.52,244014,23174.65,256724,24384.34,188643,17954.4,140672,13358.9,39209,3748.73,27550,2611.38,69320,6638.52
002761.SZ,20250227,86340,7939.76,58186,5352.09,75783,6973.71,83166,7651.12,40809,3753.88,47283,4351.65,3179,292.86,17476,1605.35,-32610,-2988.77
002761.SZ,20250226,94646,8796.38,66572,6192.2,91228,8481.72,91325,8490.64,41822,3890.71,69062,6418.15,15758,1465.9,16495,1533.72,-39376,-3643.03
002761.SZ,20250225,120757,11239.74,75576,7035.77,105264,9797.78,112095,10434.37,51601,4802.35,86261,8025.83,8321,774.26,12011,1118.17,-72620,-6747.66
002761.SZ,20250224,163587,15654.96,160281,15364.75,197883,18948.92,200607,19199.94,119405,11442.46,124403,11915.13,27476,2633.88,23060,2200.41,-3679,-298.0
002761.SZ,20250221,144047,13406.46,179557,16722.58,181630,16909.7,193443,18029.49,123743,11524.62,92633,8602.65,32423,3019.79,16210,1505.84,25780,2446.74
002761.SZ,20250220,79468,7176.69,63198,5710.86,78762,7113.41,78937,7131.48,44404,4012.18,60505,5461.39,12947,1169.27,12941,1167.81,-24243,-2178.34
002761.SZ,20250219,86021,7816.2,63786,5797.73,101939,9263.36,84767,7704.69,50342,4576.55,65415,5944.52,4066,370.16,28400,2579.32,-15676,-1412.69
002761.SZ,20250218,154898,14230.92,98162,9032.61,134754,12388.74,149402,13732.37,90664,8326.95,102125,9373.2,9077,832.09,39704,3640.53,-75912,-6970.3
002761.SZ,20250217,123741,11689.2,110254,10424.1,156433,14786.23,138340,13080.5,82229,7774.94,86150,8130.52,9595,906.87,37254,3522.13,-38342,-3593.67
002761.SZ,20250214,214961,20423.93,194510,18490.94,237325,22551.12,235221,22364.88,135856,12901.46,144378,13724.0,46133,4406.61,60166,5703.3,-118845,-11190.47
002761.SZ,20250213,205884,19103.39,287466,27025.39,235364,21945.85,289809,27212.8,169124,15854.22,171168,16030.07,164028,15776.27,25957,2411.48,52531,4939.78
002761.SZ,20250212,111267,9901.44,123313,10987.3,137335,12230.57,102764,9150.21,72329,6445.44,82301,7323.47,12605,1125.35,25158,2241.83,-1409,-92.91
002761.SZ,20250211,119283,10438.11,161651,14194.85,139408,12219.1,122545,10737.87,79051,6933.7,70039,6124.27,24057,2118.05,7564,651.98,-39634,-3422.46
002761.SZ,20250210,79047,6872.02,69066,6005.67,76808,6677.35,66705,5798.7,33855,2944.71,47579,4135.61,2400,208.97,8760,763.09,10072,881.82
002761.SZ,20250207,97720,8386.52,87617,7520.8,90073,7727.07,98025,8411.09,47106,4039.4,65330,5604.76,34968,3006.3,18895,1622.65,1520,133.08
002761.SZ,20250206,60357,5053.62,60351,5054.07,64490,5400.0,66500,5565.9,36134,3025.01,34708,2907.2,6919,580.68,6341,532.12,7689,670.65
002761.SZ,20250205,67849,5642.71,62521,5203.24,54631,4546.91,60797,5060.27,30345,2525.15,32599,2710.35,5877,490.52,2785,231.43,24038,2006.37
002761.SZ,20250127,52109,4317.52,56706,4696.01,57657,4776.75,57439,4760.49,28645,2374.58,28637,2372.73,5830,481.63,1459,121.24,-19478,-1592.62
002761.SZ,20250124,58515,4792.69,47770,3913.81,45448,3722.32,49191,4030.37,23234,1904.3,30894,2528.78,4009,328.65,3351,274.99,-4246,-340.73
002761.SZ,20250123,70128,5826.46,69370,5764.5,65403,5434.06,79183,6583.78,42877,3565.38,39205,3255.42,16664,1388.85,7314,611.06,-12604,-1025.21
002761.SZ,20250122,54675,4456.93,36651,2989.72,43783,3570.42,48054,3919.12,16768,1368.6,26595,2169.14,1533,124.92,5459,442.9,-6407,-517.77
002761.SZ,20250121,71780,5963.34,84071,6992.99,79913,6649.33,72739,6056.68,46519,3882.77,41166,3427.7,1499,125.17,1734,143.23,-38251,-3157.06
002761.SZ,20250120,44664,3713.66,38551,3205.14,39429,3276.92,42118,3502.48,20075,1670.49,18802,1563.47,0,0.0,4697,389.96,3138,267.59
002761.SZ,20250117,48326,3986.39,41085,3390.28,44417,3664.25,50805,4192.49,18425,1522.58,21949,1810.8,2671,220.35,0,0.0,5727,480.67
002761.SZ,20250116,66135,5489.82,56578,4697.32,55951,4645.09,56055,4656.7,22376,1856.49,32800,2719.47,4680,391.05,3709,308.96,-417,-23.7
002761.SZ,20250115,52529,4313.25,55039,4518.41,52365,4297.64,50934,4184.36,23051,1894.91,22146,1818.31,6008,493.82,5834,478.53,-15449,-1261.44
002761.SZ,20250114,64907,5305.41,65725,5371.26,62568,5107.36,66166,5408.83,36584,2992.35,37031,3026.46,7775,637.75,2912,236.31,43525,3562.93
002761.SZ,20250113,60847,4823.29,51344,4072.05,40895,3244.18,49564,3930.89,23890,1897.85,32886,2605.21,11487,907.3,3326,264.47,13348,1070.15
002761.SZ,20250110,59921,4847.4,49576,4017.27,54598,4427.58,54351,4407.64,25681,2082.44,36836,2981.52,7074,571.07,6511,522.04,-44902,-3622.91
002761.SZ,20250109,45481,3731.3,39989,3281.19,48997,4019.63,48978,4018.09,22076,1812.32,24175,1983.21,1500,122.7,4912,403.47,-3392,-272.96
002761.SZ,20250108,69049,5628.31,59758,4875.25,64181,5235.27,69425,5661.8,26543,2165.16,31510,2566.44,3524,287.36,2604,212.62,-30814,-2496.97
002761.SZ,20250107,45736,3764.51,52204,4300.66,48449,3988.7,49650,4089.39,30082,2481.6,23905,1967.99,1492,123.24,0,0.0,11710,975.02
002761.SZ,20250106,69887,5725.52,61418,5031.44,61682,5059.1,64497,5286.73,18965,1555.33,24183,1983.96,3389,276.91,3825,314.73,5778,486.0
002761.SZ,20250103,107569,9011.88,80741,6767.43,85479,7147.47,82063,6879.41,36594,3045.02,54991,4586.9,4511,380.71,16358,1351.34,-27584,-2303.95
002761.SZ,20250102,84922,7415.19,74256,6489.9,81736,7139.1,75037,6554.06,28209,2464.73,44087,3850.07,2519,218.81,4007,343.8,-15218,-1314.66
002761.SZ,20241231,71485,6368.77,50538,4502.56,59917,5344.92,66259,5906.69,30076,2674.24,41185,3669.47,5888,521.57,9385,830.78,-36505,-3237.82
002761.SZ,20241230,74065,6704.29,46041,4170.76,63085,5712.0,59319,5373.53,28928,2618.29,47112,4262.57,2629,237.46,16234,1465.19,-43348,-3913.87
002761.SZ,20241227,56302,5192.14,58326,5378.41,66257,6110.4,60850,5609.75,37887,3492.88,33951,3129.45,6908,636.45,14227,1314.25,-4252,-384.93
002761.SZ,20241226,53773,4920.59,54497,4988.35,55107,5044.52,52257,4782.53,39432,3609.72,34717,3176.78,2549,233.34,9391,860.51,-4625,-414.85
002761.SZ,20241225,97589,8934.27,57542,5278.45,76234,6982.02,79617,7299.09,40589,3720.83,59769,5470.72,20170,1842.66,37654,3431.5,-34095,-3144.75
002761.SZ,20241224,58964,5525.83,55663,5218.71,56379,5287.08,57386,5379.34,29610,2776.74,29208,2738.2,1760,165.44,4456,418.85,8308,787.26
002761.SZ,20241223,102101,9616.2,60646,5717.21,79880,7525.48,92731,8736.91,39216,3691.5,57050,5362.66,6782,634.73,17552,1651.14,-36968,-3490.39
002761.SZ,20241220,63825,6175.73,65867,6374.9,73851,7149.44,64045,6198.82,43425,4202.25,48762,4718.22,7045,682.07,9472,917.56,-38933,-3757.4
002761.SZ,20241219,70005,6730.4,70970,6827.87,66652,6412.02,71079,6835.76,43113,4145.36,38710,3721.17,4876,468.97,3887,371.96,-11398,-1085.18
002761.SZ,20241218,70507,6863.42,61493,5986.02,73799,7181.89,68846,6700.84,34783,3386.29,45739,4451.68,2619,255.09,5630,548.16,-18428,-1782.49
002761.SZ,20241217,142568,14025.94,86206,8486.07,103856,10223.07,121999,12003.72,62974,6197.47,81040,7971.77,100,9.69,20253,1994.61,-59779,-5870.82
002761.SZ,20241216,114910,11627.97,81098,8210.1,88457,8953.97,99512,10071.77,55786,5644.98,71343,7218.86,6166,626.55,13366,1352.74,-56756,-5726.7
002761.SZ,20241213,183004,18882.73,98692,10190.1,133215,13763.72,146007,15068.76,73196,7564.11,124916,12900.7,15036,1548.89,34836,3599.89,-108257,-11175.92
002761.SZ,20241212,131215,13852.14,101298,10707.59,127680,13483.56,131740,13919.08,89381,9448.06,103331,10908.76,22581,2388.42,34487,3636.75,-64339,-6760.75
002761.SZ,20241211,132083,14036.58,103970,11057.08,146714,15596.14,137172,14583.79,95940,10204.35,118448,12591.02,15261,1624.85,30408,3230.02,-28403,-2995.24
002761.SZ,20241210,258464,28050.84,191521,20832.82,266063,28909.97,269235,29248.61,172588,18786.44,198430,21568.41,44629,4864.7,82558,8962.13,-88762,-9460.33
002761.SZ,20241209,248545,26736.38,263607,28376.75,305901,32953.8,295218,31762.34,204688,22055.07,200293,21554.05,50598,5418.07,50612,5470.17,14982,1709.54
002761.SZ,20241206,327728,35045.24,300071,32095.43,344639,36872.39,325438,34796.02,231546,24743.84,259089,27712.45,64065,6819.14,83380,8876.71,66096,7131.19
002761.SZ,20241205,115956,11609.33,82874,8301.7,108900,10905.2,119141,11931.68,68796,6891.22,86759,8683.94,13551,1358.22,18428,1846.65,-21297,-2115.32
002761.SZ,20241204,177050,17975.82,110278,11198.29,172913,17560.84,165034,16755.08,104072,10565.5,126041,12797.29,25545,2590.53,78227,7942.02,-128623,-13047.86
002761.SZ,20241203,157835,16253.01,168973,17423.68,199812,20591.25,206252,21254.63,145094,14955.68,143494,14782.47,58654,6056.79,42675,4395.95,16550,1762.59
002761.SZ,20241202,151092,15327.3,151763,15413.51,192917,19574.18,189988,19282.86,123212,12510.11,125626,12743.73,48040,4883.24,47884,4854.72,-3893,-348.38
002761.SZ,20241129,181530,18144.67,172294,17251.45,226961,22703.03,232820,23286.85,142717,14293.57,143728,14361.04,22834,2279.65,25200,2521.58,-28135,-2736.86
002761.SZ,20241128,218827,21986.1,159316,16004.12,237831,23905.75,233695,23483.04,126940,12765.62,179563,18049.15,20488,2047.67,31513,3168.83,-131456,-13145.16
002761.SZ,20241127,288213,28946.68,265356,26674.51,344783,34631.46,336591,33807.29,215989,21703.35,224409,22524.62,48387,4842.66,71016,7117.74,-77748,-7739.54
002761.SZ,20241126,366434,40122.1,308403,33870.61,372666,40853.02,370028,40637.67,238576,26214.3,254992,27952.16,96385,10664.22,140638,15393.21,-259794,-28367.12
002761.SZ,20241125,649889,82359.07,408472,51773.64,684668,87253.11,615328,78107.39,445373,56918.69,625577,79732.79,178793,22946.82,309346,39863.88,-21052,-3693.49
002761.SZ,20241122,8321,1050.09,25822,3258.71,16827,2123.57,23674,2987.65,11268,1422.02,23996,3028.3,47535,5998.91,10459,1319.93,-82751,-10443.14
002761.SZ,20241121,641,73.52,14299,1640.1,1790,205.31,8093,928.27,2151,246.72,7490,859.07,30463,3494.08,5163,592.2,-35045,-4019.64
002761.SZ,20241120,7105,741.04,24970,2604.35,13585,1416.92,17450,1820.05,15542,1621.03,11244,1172.75,24035,2506.85,6603,688.69,-60267,-6285.84
002761.SZ,20241105,188729,17924.36,197034,18737.98,213445,20295.91,218157,20750.41,170786,16286.23,158381,15071.94,39807,3780.74,39195,3726.91,13470,1321.05
002761.SZ,20241104,67859,6099.52,76347,6859.8,80727,7254.99,84185,7569.81,56699,5096.97,46762,4202.25,6915,623.65,4906,443.26,22860,2081.76
002761.SZ,20241101,119986,10754.46,119563,10722.06,129676,11634.41,110043,9883.37,66524,5980.58,84484,7582.8,9357,841.05,11453,1022.26,-47377,-4227.95
002761.SZ,20241031,150904,13746.25,145220,13224.55,155118,14121.71,168613,15352.66,114685,10433.43,114279,10406.1,34671,3164.26,27266,2482.34,80539,7348.49
002761.SZ,20241030,93413,8258.46,83908,7420.89,90019,7957.45,98126,8676.86,60992,5397.37,62151,5499.05,13634,1204.72,13873,1221.21,5928,544.69
002761.SZ,20241029,114110,10116.36,96303,8523.53,123986,10988.76,105044,9315.82,61275,5427.51,71193,6309.44,11906,1053.91,38737,3437.73,-86287,-7621.05
002761.SZ,20241028,92344,8317.53,85711,7722.03,99666,8974.14,105275,9479.95,74288,6688.77,74330,6688.82,23971,2161.89,24953,2251.52,50683,4576.14
002761.SZ,20241025,98973,8736.75,84901,7497.08,100579,8878.64,121292,10707.22,72474,6399.18,66665,5883.9,6875,607.94,6043,534.31,77271,6834.57
002761.SZ,20241024,69131,6010.11,55174,4797.89,78037,6784.88,76119,6620.0,44265,3848.62,56038,4869.34,6349,550.06,10451,906.44,-40616,-3530.97
002761.SZ,20241023,92398,8182.27,77070,6832.42,112165,9933.62,110717,9806.68,66976,5932.85,84601,7485.5,11921,1052.3,11072,976.44,-4740,-400.15
002761.SZ,20241022,85240,7432.76,77360,6752.44,94430,8239.09,91502,7988.26,81557,7123.88,67722,5911.82,10441,911.98,35084,3055.19,5832,527.14
002761.SZ,20241021,118611,10389.64,81647,7153.98,124674,10926.71,119400,10464.42,79521,6970.54,106910,9366.48,9440,825.68,24290,2127.69,-58438,-5089.11
002761.SZ,20241018,144002,12570.83,105097,9185.93,143064,12476.31,150407,13137.72,78140,6835.08,97639,8511.16,12404,1074.76,24467,2122.17,11906,1090.19
002761.SZ,20241017,156249,13937.42,115132,10261.11,169410,15114.97,144339,12873.36,86938,7748.96,134739,12035.9,13494,1205.17,31881,2836.16,-120149,-10663.54
002761.SZ,20241016,138818,12603.75,165498,15053.66,197016,17895.72,210278,19108.21,172088,15655.28,147717,13420.65,42752,3895.63,27181,2467.85,64761,5944.25
002761.SZ,20241015,135121,12099.61,111501,9985.22,164978,14781.17,153399,13741.39,86143,7717.45,107411,9629.66,15030,1347.05,28961,2589.01,-86552,-7717.0
002761.SZ,20241014,159342,14341.81,180054,16214.15,209464,18856.83,185457,16706.86,123594,11138.78,130846,11788.86,37637,3394.11,33680,3021.67,66762,6061.4
002761.SZ,20241011,108279,9524.2,116297,10255.49,123021,10824.32,117511,10353.26,71173,6269.77,58776,5164.11,22878,2020.79,32767,2866.22,-43375,-3805.87
002761.SZ,20241010,153700,13639.58,173518,15475.75,192012,17077.96,203466,18105.76,134075,11986.99,116163,10337.05,49084,4418.71,35724,3204.69,7578,716.73
002761.SZ,20241009,185644,16557.08,135867,12130.9,205523,18348.13,192653,17229.5,98358,8796.72,140198,12493.69,16054,1428.21,36861,3276.06,-100011,-8926.2
002761.SZ,20241008,255092,24722.14,203104,19686.55,331472,32162.36,292530,28422.27,194102,18867.63,262562,25452.55,46172,4480.67,68643,6671.43,-81078,-7791.57
002761.SZ,20240930,272327,24669.79,196256,17821.17,269369,24406.14,285182,25835.73,175663,15950.34,214353,19408.13,62638,5644.34,84206,7605.58,145257,13174.56
002761.SZ,20240927,181535,15333.51,155641,13165.35,181904,15368.36,194612,16438.81,121012,10224.69,139070,11733.01,35338,2984.42,30466,2573.81,37396,3193.09
002761.SZ,20240926,135807,10870.32,133154,10665.55,122902,9840.8,160372,12842.74,92366,7398.66,83232,6665.6,41857,3364.36,16174,1300.24,112870,9081.34
002761.SZ,20240925,117111,9299.88,112346,8932.11,126809,10080.45,128262,10189.31,72776,5789.24,71528,5685.37,15543,1231.34,20103,1594.13,-26025,-2032.9
002761.SZ,20240924,110048,8479.25,92214,7123.55,97647,7526.28,88706,6847.55,60706,4689.34,62316,4808.04,15109,1162.46,40273,3078.2,-10706,-814.04
002761.SZ,20240923,75523,5776.11,81220,6231.43,80154,6141.72,75483,5780.9,55439,4254.15,48557,3720.89,7553,582.12,13408,1020.9,32031,2477.55
002761.SZ,20240920,83520,6344.49,98375,7483.79,84499,6425.73,93292,7106.6,61600,4688.76,46448,3523.68,18536,1420.05,10040,764.97,26484,2040.49
002761.SZ,20240919,58085,4326.62,56862,4236.57,56521,4208.5,52347,3897.32,20049,1494.78,29118,2170.7,3672,274.69,0,0.0,23193,1732.92
002761.SZ,20240918,37609,2723.58,40535,2943.74,40196,2918.98,42934,3111.71,18214,1323.23,13827,999.9,6075,438.81,4798,349.23,-4634,-317.85
002761.SZ,20240913,37407,2740.43,29793,2184.93,31334,2298.11,34782,2547.37,13642,997.8,17808,1304.05,0,0.0,0,0.0,-12051,-876.36
002761.SZ,20240912,24998,1847.76,29858,2207.11,28171,2082.1,26200,1935.24,10253,756.87,9807,723.35,6772,498.6,4329,319.62,-2634,-186.7
002761.SZ,20240911,26405,1939.61,27989,2058.21,23909,1758.15,23795,1749.79,10804,794.32,11300,829.01,2103,154.99,137,10.07,-55,-1.07
002761.SZ,20240910,30701,2232.65,30567,2225.7,26822,1951.93,28085,2043.78,10745,780.78,10495,760.96,2808,205.24,1929,140.16,-11426,-820.52
002761.SZ,20240909,28517,2075.56,22746,1656.93,31827,2318.58,26506,1930.8,7081,516.33,15246,1109.14,3695,269.72,6622,483.32,1051,80.4
002761.SZ,20240906,42113,3097.63,31782,2339.51,34977,2573.44,36318,2670.11,12129,892.01,23453,1724.36,2982,218.4,648,47.5,-31897,-2343.72
002761.SZ,20240905,33038,2459.91,30583,2278.65,34477,2567.85,33105,2464.43,15029,1119.56,18263,1359.94,0,0.0,593,44.3,4268,323.31
002761.SZ,20240904,35479,2633.16,29750,2209.42,32518,2413.35,34355,2550.38,11512,855.55,12490,926.53,0,0.0,2914,215.73,-19443,-1435.77
002761.SZ,20240903,37351,2775.72,37726,2805.62,35108,2609.74,36079,2681.21,16967,1262.6,15621,1161.23,0,0.0,0,0.0,-784,-50.95
002761.SZ,20240902,66765,4992.0,44975,3363.25,50807,3799.28,54160,4046.9,17627,1313.01,34664,2588.85,0,0.0,1400,105.28,-49743,-3708.55
002761.SZ,20240830,81978,6246.24,87448,6683.2,84873,6478.49,87060,6647.02,49301,3770.11,40703,3099.31,3723,284.94,4664,350.26,3705,297.79
002761.SZ,20240829,58982,4429.08,45687,3433.49,52406,3937.72,51981,3903.47,18807,1412.84,29118,2185.46,0,0.0,3409,257.21,-19327,-1440.21
002761.SZ,20240828,71569,5395.64,55247,4170.13,57315,4324.72,56819,4286.84,21830,1647.4,30838,2324.47,0,0.0,7810,586.32,-26929,-2019.12
002761.SZ,20240827,108375,8228.79,114205,8716.55,111897,8518.29,111465,8462.79,56038,4289.37,54956,4192.5,4805,373.28,489,37.9,24068,1890.81
002761.SZ,20240826,54295,4042.3,47240,3518.58,53899,4013.73,53084,3953.52,17842,1328.94,22278,1657.54,4000,297.6,7434,552.93,-22193,-1643.92
002761.SZ,20240823,81626,6042.62,88900,6611.62,83550,6206.63,78919,5849.97,34074,2537.95,28028,2080.31,0,0.0,3404,245.29,11304,862.22
002761.SZ,20240822,56426,4126.86,53582,3922.9,48223,3527.68,54317,3973.91,23478,1718.93,26434,1932.69,6206,456.03,0,0.0,-17083,-1237.76
002761.SZ,20240821,41448,3017.18,31747,2312.07,33118,2410.71,33019,2403.65,10803,785.28,20204,1468.46,2869,208.53,3268,237.52,-18442,-1339.21
002761.SZ,20240820,64092,4731.17,46945,3464.28,51517,3805.63,48979,3618.04,18558,1366.97,27422,2023.26,0,0.0,10821,798.19,-18207,-1336.73
002761.SZ,20240819,62575,4750.08,40575,3080.46,47044,3571.77,50680,3847.78,12850,975.27,29860,2266.65,0,0.0,1354,102.23,-22323,-1688.12
002761.SZ,20240816,88216,6844.45,67352,5224.32,63018,4889.62,59319,4600.58,23628,1829.55,42500,3296.66,3637,281.68,9328,723.75,-66789,-5168.39
002761.SZ,20240815,102557,8022.3,94080,7376.33,86810,6803.39,88454,6924.68,42074,3295.58,47624,3723.58,5987,470.75,7270,567.44,-12396,-940.35
002761.SZ,20240814,129466,10404.92,133602,10739.35,132329,10641.26,126789,10202.07,56888,4581.95,70424,5658.19,19129,1532.88,6997,561.4,-3233,-251.51
002761.SZ,20240813,72816,5549.61,64471,4922.71,63951,4876.78,69318,5287.79,28977,2214.96,30003,2283.54,0,0.0,1951,147.31,-9436,-700.22
002761.SZ,20240812,107202,8353.42,68525,5342.51,79137,6173.64,91582,7147.32,29730,2316.27,49502,3856.37,4245,333.72,10705,830.83,-60023,-4665.78
002761.SZ,20240809,96244,7721.23,98577,7913.51,112666,9046.46,104599,8396.85,53623,4302.12,55637,4462.81,3946,317.26,7666,613.9,14521,1181.62
002761.SZ,20240808,74109,5875.42,60680,4817.47,74029,5875.83,73215,5810.97,29476,2342.72,38658,3064.74,2732,217.06,7793,617.84,12491,1003.25
002761.SZ,20240807,97016,7723.55,72052,5736.86,84553,6730.03,86642,6898.35,29045,2310.89,43854,3489.24,0,0.0,8067,640.02,-66136,-5255.17
002761.SZ,20240806,130736,10524.4,143300,11556.54,145752,11752.42,139092,11213.57,72200,5831.38,63217,5091.49,1956,157.97,5034,404.57,-687,-16.13
002761.SZ,20240805,138979,11220.01,116163,9394.8,136544,11044.62,136110,11001.83,77794,6289.37,93596,7546.74,13263,1063.76,20711,1674.39,-32527,-2602.86
002761.SZ,20240802,226646,18615.43,172741,14208.63,222344,18282.6,191662,15763.23,97776,8044.22,148524,12188.27,24546,2009.26,58385,4791.38,-66295,-5411.93
002761.SZ,20240801,130833,10526.05,216916,17692.6,145155,11698.35,219062,17921.87,148427,12122.82,110960,9075.21,151780,12749.74,29257,2407.28,-16585,-1468.64
002761.SZ,20240731,75429,5731.63,70124,5328.67,54382,4132.11,55436,4211.69,34916,2658.1,38946,2963.59,7398,562.38,7619,580.27,35588,2704.49
002761.SZ,20240730,37927,2807.14,42908,3177.18,36053,2668.6,34781,2575.62,15878,1178.55,16226,1201.16,4057,299.67,0,0.0,16731,1244.61
002761.SZ,20240729,39750,2901.28,34903,2550.38,31773,2321.22,31061,2268.19,10707,782.92,17258,1259.84,1500,110.22,508,37.24,-1300,-89.02
002761.SZ,20240726,43210,3166.72,38816,2846.47,34233,2509.62,39948,2928.68,15666,1149.14,14964,1096.16,3414,250.19,2795,204.36,10281,757.98
002761.SZ,20240725,44406,3212.3,33875,2451.63,34645,2505.94,29872,2161.12,16858,1222.31,25891,1873.46,3566,258.54,9837,712.88,19469,1412.36
002761.SZ,20240724,87958,6416.74,48784,3563.28,60048,4377.06,66896,4884.37,21808,1593.82,43933,3197.64,4103,298.36,14304,1040.67,-43789,-3194.18
002761.SZ,20240723,56571,4302.26,53175,4050.35,54306,4139.28,53665,4087.06,32906,2500.56,37302,2833.82,1859,143.14,1500,114.0,-17556,-1317.01
002761.SZ,20240722,33931,2566.62,31598,2390.99,30050,2272.97,32563,2462.62,17477,1323.36,17297,1309.34,0,0.0,0,0.0,822,67.87
002761.SZ,20240719,44188,3326.8,37160,2798.21,42143,3173.45,40040,3015.01,13636,1026.01,17811,1340.58,0,0.0,4956,372.47,-14503,-1080.69
002761.SZ,20240718,49020,3681.68,40839,3069.46,36136,2714.58,39812,2991.61,12282,925.08,20063,1505.75,6246,469.2,2970,223.72,-1764,-121.7
002761.SZ,20240717,53578,4087.81,53806,4107.73,50458,3849.83,46149,3520.74,25973,1981.88,23959,1826.0,46,3.5,6141,468.55,9937,763.71
002761.SZ,20240716,34295,2588.13,31214,2356.17,30690,2316.77,33502,2529.05,16912,1277.82,18794,1420.08,1613,122.57,0,0.0,-214,-7.93
002761.SZ,20240715,45568,3445.72,35009,2647.62,37708,2850.8,39454,2982.87,18406,1391.74,25067,1894.71,3383,256.09,5535,419.17,-23859,-1800.59
002761.SZ,20240712,64627,5004.9,70539,5466.08,67978,5268.39,59424,4601.94,33983,2633.59,34623,2685.11,6011,464.42,8013,618.18,-2737,-204.67
002761.SZ,20240711,58266,4438.1,55682,4244.85,48054,3663.6,51282,3906.67,26786,2039.77,25086,1909.33,4875,372.31,5931,452.94,9977,769.39
002761.SZ,20240710,56216,4216.27,44483,3340.01,46779,3509.49,45834,3438.68,24329,1827.83,36579,2746.23,4974,374.66,5402,403.33,-28169,-2107.6
002761.SZ,20240709,67367,5079.68,53058,4011.18,54674,4132.89,58103,4385.13,21759,1646.56,28399,2141.42,1641,124.17,5881,445.57,-359,-11.87
002761.SZ,20240708,80499,6178.18,53999,4146.24,56902,4368.36,55961,4297.94,30846,2363.6,46326,3554.93,313,23.82,12273,934.85,-43690,-3358.66
002761.SZ,20240705,38066,2997.92,42422,3341.66,38973,3070.82,41615,3278.12,21036,1656.95,17227,1357.53,3992,315.13,803,63.52,-4737,-367.41
002761.SZ,20240704,71666,5675.4,47364,3749.76,47050,3729.13,59759,4734.85,32793,2598.45,38438,3047.12,0,0.0,5948,471.26,-47104,-3728.04
002761.SZ,20240703,43589,3521.47,47017,3799.88,56747,4585.56,53650,4336.03,24987,2021.17,26172,2114.42,1517,122.12,0,0.0,-7619,-607.56
002761.SZ,20240702,83288,6761.96,67447,5480.65,87156,7076.26,77871,6324.21,31371,2551.92,57015,4631.49,4548,372.2,4030,325.99,-30931,-2492.04
002761.SZ,20240701,120531,9823.67,146774,11971.7,133173,10876.3,120155,9800.26,72541,5910.78,47567,3886.98,11096,917.45,22846,1869.26,17043,1370.6
002761.SZ,20240628,70318,5550.79,52783,4171.89,48722,3846.43,53611,4231.88,27846,2200.29,29689,2346.65,0,0.0,10803,847.1,-15703,-1220.1
002761.SZ,20240627,57206,4557.28,48273,3847.29,45178,3599.15,43149,3437.95,17650,1404.82,29024,2309.45,3724,296.06,3312,262.62,-40204,-3194.92
002761.SZ,20240626,61660,4894.02,54068,4297.2,50260,3993.42,57852,4597.26,27704,2206.13,25815,2051.03,0,0.0,1889,148.1,16293,1314.55
002761.SZ,20240625,63803,5054.31,61588,4883.05,54286,4301.9,60602,4804.53,28053,2225.08,29229,2315.19,7420,590.99,2143,169.51,-12987,-1020.33
002761.SZ,20240624,96513,7715.98,71031,5684.74,81029,6482.66,79593,6374.35,33498,2680.46,50997,4072.18,4157,331.21,13576,1079.03,-54049,-4301.54
002761.SZ,20240621,64026,5251.01,79051,6482.7,77498,6357.42,73058,5995.4,43720,3586.39,33135,2716.73,0,0.0,0,0.0,13700,1131.56
002761.SZ,20240620,121060,9848.78,76894,6256.42,99766,8129.93,97059,7901.49,47576,3865.58,73118,5947.53,7533,609.42,28863,2348.27,-81721,-6640.72
002761.SZ,20240619,65119,5470.29,71235,5985.15,68854,5785.89,66691,5604.6,33845,2845.94,38736,3253.93,10044,842.97,1200,101.4,-39180,-3273.53
002761.SZ,20240618,63387,5346.49,49823,4201.07,48288,4070.95,53525,4513.38,31839,2683.97,38743,3267.49,1600,134.88,3023,254.35,-2442,-197.61
002761.SZ,20240617,70495,5926.83,61759,5193.37,68963,5798.08,57013,4792.95,34884,2931.68,45781,3845.27,3537,295.79,13326,1120.78,-47653,-3994.52
002761.SZ,20240614,104693,8880.93,106678,9046.26,112438,9542.03,106411,9019.85,59470,5038.89,50802,4307.66,10014,848.51,22724,1936.6,6747,596.81
002761.SZ,20240613,116440,9843.51,72756,6157.84,100317,8483.85,95032,8038.91,46386,3922.31,79896,6755.69,6279,529.31,21737,1826.53,-86010,-7274.28
002761.SZ,20240612,71128,6119.09,80195,6902.35,84297,7254.86,79720,6860.43,60513,5211.14,51995,4474.47,5643,486.49,9672,834.34,13467,1165.79
002761.SZ,20240611,75932,6437.4,81474,6915.31,84697,7187.25,72217,6126.13,41935,3560.08,44362,3761.0,0,0.0,4511,382.29,-15028,-1259.51
002761.SZ,20240607,90430,7640.93,97164,8217.23,94987,8027.71,94867,8021.64,54254,4591.38,51377,4342.12,8057,684.46,4320,363.48,-1950,-146.48
002761.SZ,20240606,134956,11329.29,97035,8147.2,113237,9506.27,133566,11220.28,65469,5498.56,77984,6547.45,10598,892.63,15675,1311.81,-68671,-5753.67
002761.SZ,20240605,188203,16333.05,130445,11316.99,163536,14202.45,181011,15705.87,76926,6666.95,113386,9841.06,19906,1721.32,23729,2059.86,-136479,-11850.79
002761.SZ,20240604,133890,11975.74,140039,12548.71,151640,13575.07,145997,13058.33,78518,7048.28,79570,7129.97,6095,545.38,4537,407.46,-5251,-419.71
002761.SZ,20240603,194601,17509.28,138181,12470.75,165329,14901.02,161809,14567.84,74541,6704.97,104602,9392.66,12203,1103.97,42083,3787.99,-98511,-8867.26
002761.SZ,20240531,163340,15010.6,136899,12597.41,161114,14810.91,153753,14133.62,81732,7518.95,103638,9517.2,10248,942.87,22144,2035.1,-44743,-4075.16
002761.SZ,20240530,238806,22470.25,199529,18819.39,221008,20810.99,211186,19869.42,105864,9942.98,145125,13644.74,18323,1739.88,28161,2630.55,-127717,-11952.05
002761.SZ,20240529,253658,24657.13,225300,21935.81,260519,25333.16,259025,25166.11,129710,12624.51,140096,13623.97,14595,1415.35,34061,3304.27,-93735,-9012.1
002761.SZ,20240528,363881,36021.31,235700,23337.37,292510,28955.54,293015,29017.98,145096,14360.99,234390,23197.19,24060,2393.77,62442,6179.08,-177843,-17510.87
002761.SZ,20240527,402700,41331.06,336023,34590.12,397439,40885.03,430500,44298.05,272722,28099.3,263896,27133.71,64127,6637.55,106569,10931.06,-140326,-14222.59
002761.SZ,20240524,625401,68269.12,458174,50117.8,666168,72764.31,587566,64171.62,459007,50117.9,530357,57902.85,197248,21518.28,371729,40477.34,68422,7603.32
002761.SZ,20240523,421964,42812.19,540902,55213.85,508775,51657.6,606316,61787.49,367814,37462.12,394845,40301.92,453018,46635.1,209509,21263.74,280279,29473.15
002761.SZ,20240522,246753,23658.47,339760,32811.05,307376,29525.74,396218,38283.41,253923,24556.42,277278,26889.11,323147,31747.74,117943,11504.81,-133260,-13685.54
002761.SZ,20240521,105182,9555.6,92323,8394.97,101880,9256.78,90190,8195.33,45579,4137.26,56809,5155.6,1580,142.67,14899,1346.42,-60860,-5508.99
002761.SZ,20240520,195141,18098.36,181884,16869.04,186019,17249.93,158167,14685.42,101679,9437.5,105431,9790.25,11724,1093.77,49081,4534.85,-116503,-10773.26
002761.SZ,20240517,230884,21470.55,223481,20876.7,243462,22689.59,222969,20807.3,134209,12531.07,161667,15021.32,40334,3802.25,40772,3788.13,41027,3986.27
002761.SZ,20240516,156918,14457.92,194979,17989.57,170910,15765.75,174390,16093.09,150044,13859.18,138233,12763.94,48062,4455.01,18332,1691.26,55307,5108.63
002761.SZ,20240515,69526,6199.46,70295,6277.12,71453,6381.59,68775,6139.39,36534,3264.81,35199,3141.31,978,86.94,4222,374.97,8116,725.53
002761.SZ,20240514,68736,6068.92,45450,4013.32,49600,4379.58,53466,4720.93,21743,1922.57,44568,3937.86,6752,596.94,3347,295.9,-5849,-502.84
002761.SZ,20240513,84648,7480.9,61169,5404.03,71271,6297.69,75455,6667.34,35992,3177.14,50319,4445.74,4975,438.3,9943,876.92,-42993,-3788.33
002761.SZ,20240510,103249,9315.95,119390,10781.72,115395,10419.07,115262,10406.65,101313,9150.93,79105,7139.38,4808,433.91,11008,992.12,-7275,-630.01
002761.SZ,20240509,81242,7202.39,93993,8344.09,87990,7812.37,100519,8925.21,69966,6216.35,62865,5578.43,24627,2189.42,6448,572.8,52585,4671.83
002761.SZ,20240508,65007,5667.14,57211,4994.23,53550,4671.07,51274,4473.16,32091,2806.14,39016,3402.96,1365,117.8,4512,391.8,-34303,-2983.11
002761.SZ,20240507,65793,5794.53,59277,5221.74,54436,4793.37,60963,5369.45,36634,3229.25,33424,2944.18,1199,105.03,4398,386.81,11310,1004.03
002761.SZ,20240506,78732,6918.91,71881,6318.62,62480,5490.43,76399,6715.43,52233,4592.5,39656,3484.3,805,70.84,6314,554.34,-1590,-131.03
002761.SZ,20240430,112750,9717.57,84675,7294.17,98590,8489.21,93147,8028.65,44703,3849.04,67779,5838.96,8488,732.08,18930,1626.13,-44697,-3835.79
002761.SZ,20240429,160972,13888.62,146843,12676.44,127075,10952.15,151343,13051.41,86169,7427.06,86736,7473.32,24646,2127.33,13941,1193.99,72878,6256.58
002761.SZ,20240426,104408,8561.68,96285,7905.04,95804,7852.11,101928,8359.08,54995,4506.03,54476,4449.29,7557,618.88,10076,825.29,42768,3540.16
002761.SZ,20240425,71261,5763.91,70029,5663.47,70836,5728.31,79881,6460.25,49492,4004.0,33627,2720.49,709,57.36,8761,709.38,15277,1245.17
002761.SZ,20240424,69809,5557.55,59997,4780.02,62129,4948.73,65509,5217.33,33572,2676.27,37400,2979.15,7388,587.94,9992,793.99,-17147,-1352.48
002761.SZ,20240423,74885,6004.25,95894,7695.0,74536,5984.65,82440,6619.15,43221,3471.69,25729,2066.48,11421,920.04,0,0.0,-132,7.29
002761.SZ,20240422,79789,6316.32,76890,6088.7,63534,5032.12,63242,5005.49,20982,1659.01,24173,1913.26,0,0.0,0,0.0,-22504,-1771.92
002761.SZ,20240419,113288,9148.47,109171,8813.9,107932,8717.27,103693,8374.0,47701,3842.21,52951,4270.78,2993,239.9,6099,489.18,-65054,-5230.18
002761.SZ,20240418,163937,13763.19,122050,10249.7,138371,11614.11,133466,11214.98,70751,5937.44,89142,7485.29,5485,458.2,33886,2822.96,-104177,-8705.44
002761.SZ,20240417,183996,15587.46,168894,14309.27,164615,13939.69,175993,14899.89,93924,7958.46,95011,8066.64,10145,864.56,12782,1074.38,66388,5675.57
002761.SZ,20240416,221339,18582.27,159941,13418.73,187781,15765.97,203378,17072.05,84716,7100.14,123758,10389.55,23673,1974.28,30433,2542.34,-97858,-8230.64
002761.SZ,20240415,235371,21455.41,181381,16565.31,237948,21708.8,214244,19537.54,98805,9014.18,145250,13240.26,24766,2263.1,56015,5098.38,-130925,-11892.18
002761.SZ,20240412,328603,31179.46,310013,29431.84,388548,36894.63,409024,38907.79,224065,21291.52,239861,22768.75,75659,7220.92,57977,5478.15,23436,2329.76
002761.SZ,20240411,77890,6823.57,173468,15515.76,94369,8304.35,189662,17012.67,112964,10156.21,97231,8791.51,281184,25727.65,106045,9691.84,22475,1834.41
002761.SZ,20240410,52484,4419.2,48743,4102.18,46488,3914.67,48432,4080.34,22491,1892.89,24188,2035.81,0,0.0,100,8.42,-42649,-3591.08
002761.SZ,20240409,44092,3782.66,45750,3925.03,40874,3505.93,43753,3752.96,22065,1895.1,19441,1670.64,5682,489.07,3769,324.14,14744,1276.06
002761.SZ,20240408,66440,5660.09,55083,4692.14,46931,3996.53,51456,4384.13,22167,1884.08,25027,2128.85,2336,199.96,6308,535.54,-28706,-2432.8
002761.SZ,20240403,68848,5991.73,58457,5089.17,54333,4728.11,48407,4213.12,32318,2809.36,36897,3208.44,5915,513.0,17653,1531.47,-52608,-4571.48
002761.SZ,20240402,101581,9103.27,82173,7380.23,103481,9287.13,85717,7707.39,53618,4820.82,101209,9082.31,57243,5191.4,46824,4232.69,-29064,-2569.26
002761.SZ,20240401,98802,8869.59,95476,8570.32,80331,7209.44,95143,8535.83,48152,4319.43,43790,3927.74,17338,1551.57,10214,916.13,66626,5982.06
002761.SZ,20240329,56947,4958.78,52268,4553.95,56037,4880.84,54625,4759.36,26506,2307.8,36568,3184.07,8762,764.43,4791,414.47,-22862,-1979.73
002761.SZ,20240328,89623,7746.43,116158,10074.13,118434,10262.86,114955,9962.55,62052,5390.01,47146,4076.6,19116,1664.22,10966,950.23,38835,3392.86
002761.SZ,20240327,144647,12797.18,204396,18023.22,164435,14565.49,119852,10657.25,78736,6957.17,60130,5334.84,3336,291.91,6776,596.45,-27000,-2292.06
002761.SZ,20240326,72959,6262.16,62527,5372.27,48066,4125.87,52996,4549.51,21952,1885.0,31024,2657.65,6201,532.61,2631,226.21,-17928,-1531.67
002761.SZ,20240325,87041,7619.2,73522,6445.04,72594,6355.97,80732,7067.09,30807,2696.82,43124,3766.19,8103,707.86,1167,101.53,-4349,-373.47
002761.SZ,20240322,79760,7266.13,66370,6043.72,70751,6449.58,69154,6303.75,27522,2501.02,39735,3618.2,3000,275.7,5774,526.76,-49736,-4531.57
002761.SZ,20240321,50712,4737.37,52506,4907.03,54991,5139.67,51394,4804.41,29311,2743.26,33114,3095.46,2000,186.6,0,0.0,-29331,-2724.57
002761.SZ,20240320,51966,4846.49,38501,3592.07,38248,3567.13,40931,3818.74,22620,2110.62,30442,2839.02,1337,125.28,4297,399.7,2726,260.18
002761.SZ,20240319,52199,4907.4,45799,4306.69,50235,4722.93,47414,4457.79,21457,2017.97,29223,2746.47,2000,187.2,3455,324.55,-25488,-2384.99
002761.SZ,20240318,55312,5197.65,43841,4120.66,54760,5146.57,53221,5002.2,27639,2598.66,32241,3029.56,1277,120.29,9685,910.76,2980,288.65
002761.SZ,20240315,63343,5890.02,50698,4718.65,56776,5284.0,52147,4852.08,25638,2388.17,36429,3393.0,2768,259.36,9252,857.83,-9227,-850.62
002761.SZ,20240314,60692,5711.03,80540,7586.99,70132,6604.93,63564,5988.04,39538,3725.69,31067,2922.82,5990,566.97,1181,110.78,-3991,-361.37
002761.SZ,20240313,72136,6784.49,66754,6276.59,71078,6683.93,67231,6325.79,33084,3111.21,41476,3898.58,5637,529.9,6474,608.57,-46912,-4402.76
002761.SZ,20240312,98105,9308.16,84542,8033.73,94533,8978.13,96440,9159.51,53822,5122.07,65146,6185.65,10489,995.32,10821,1024.78,40904,3905.93
002761.SZ,20240311,87606,8166.15,85888,8007.16,73448,6849.01,75386,7030.13,52858,4932.43,48179,4495.22,2000,186.68,6459,601.75,49339,4623.57
002761.SZ,20240308,62689,5689.01,55564,5044.73,52695,4783.86,50360,4571.91,22474,2043.41,32308,2934.84,3000,273.73,2626,238.52,11102,1021.48
002761.SZ,20240307,62976,5778.98,58931,5418.0,61895,5683.07,53901,4948.77,28907,2657.19,33863,3104.23,3776,344.23,10860,992.47,-43268,-3954.53
002761.SZ,20240306,67848,6268.27,63017,5824.1,54016,4988.71,59835,5529.99,31541,2917.42,30596,2823.91,1199,110.07,1156,106.47,1318,139.27
002761.SZ,20240305,76145,7057.97,56011,5195.57,66426,6158.28,61026,5658.34,28431,2632.35,44617,4131.71,4404,406.85,13752,1269.83,-26842,-2478.67
002761.SZ,20240304,83292,7795.87,89962,8420.18,90078,8431.12,74431,6968.37,37919,3547.88,43877,4106.19,3335,312.26,6354,592.39,-38028,-3544.99
002761.SZ,20240301,102577,9737.87,107234,10182.35,122464,11651.22,116007,11044.06,67023,6387.13,61052,5810.4,3374,318.98,11145,1058.39,663,89.09
002761.SZ,20240229,93656,8718.48,100543,9362.96,82832,7706.82,94593,8804.4,53650,4999.39,31787,2955.19,5247,489.21,8462,791.36,34494,3248.37
002761.SZ,20240228,161583,15396.52,116758,11143.52,143350,13668.32,143324,13685.81,64354,6145.86,97872,9334.28,3346,321.46,14679,1368.56,-30596,-2853.93
002761.SZ,20240227,75255,7091.59,75347,7102.94,81160,7645.37,85977,8106.34,62658,5905.63,34574,3260.42,20961,1967.35,44136,4140.25,38997,3685.83
002761.SZ,20240226,93143,8662.9,80799,7522.63,85857,7986.09,89398,8318.72,41415,3855.9,53659,4991.38,8745,818.45,5305,490.6,-5570,-487.06
002761.SZ,20240223,97076,9014.81,73697,6847.33,82810,7694.77,87014,8088.66,41474,3852.18,46905,4355.26,9217,852.41,22962,2122.91,-16722,-1534.73
002761.SZ,20240222,92143,8594.35,84109,7850.0,103236,9634.79,105065,9805.46,46533,4344.56,52160,4866.35,8072,754.32,8649,806.21,4997,481.2
002761.SZ,20240221,135284,12533.34,134648,12478.86,128486,11899.41,137234,12707.76,61909,5763.07,61977,5755.6,33136,3073.67,24956,2327.27,29061,2687.43
002761.SZ,20240220,78899,7047.72,77601,6935.29,78002,6974.46,75881,6779.78,30527,2728.21,39479,3526.29,8341,741.61,2808,250.63,-6328,-542.7
002761.SZ,20240219,120608,10799.38,107815,9657.82,92046,8241.05,91350,8181.33,39510,3539.2,45873,4108.51,5099,457.61,12225,1089.59,-28102,-2493.67
002761.SZ,20240208,143840,12599.32,152870,13446.22,124404,10920.81,140680,12368.14,49563,4364.89,70885,6230.79,61632,5490.17,15005,1330.05,23187,2045.5
002761.SZ,20240207,174247,14750.47,146951,12435.55,134687,11387.39,154158,13040.76,72797,6159.11,75557,6394.34,11837,1001.25,16902,1427.57,65202,5536.07
002761.SZ,20240206,133595,10405.6,132170,10300.1,106225,8269.53,127174,9911.49,67179,5236.39,52318,4073.65,12451,972.75,7789,599.03,34984,2814.98
002761.SZ,20240205,172783,13686.17,142286,11276.62,134057,10645.01,146570,11644.94,64270,5101.48,83963,6669.42,16082,1283.85,14373,1125.52,-63884,-5036.63
002761.SZ,20240202,151023,13203.74,163899,14382.09,180884,15885.82,160968,14090.64,89707,7875.11,88568,7762.27,9258,812.85,17438,1542.51,-15799,-1340.29
002761.SZ,20240201,101907,8727.89,91161,7818.06,90131,7724.03,100921,8645.55,51050,4360.23,52434,4474.56,12226,1046.11,10798,920.09,-22122,-1876.46
002761.SZ,20240131,130615,11745.83,95436,8595.36,110836,9980.32,112078,10096.67,58651,5262.99,81199,7283.27,1003,88.26,12392,1102.11,-48944,-4376.04
002761.SZ,20240130,133497,12626.63,111852,10605.55,125622,11889.27,123596,11704.95,68705,6511.95,88341,8334.0,10146,957.48,14181,1340.83,-49233,-4609.9
002761.SZ,20240129,222640,21975.19,205931,20340.23,230717,22784.04,174267,17204.95,134083,13273.73,163058,16112.49,25090,2487.17,69273,6862.47,-100894,-9866.66
002761.SZ,20240126,227604,23137.7,237417,24250.2,257130,26158.01,281953,28822.09,185119,18909.29,185897,19089.56,171034,17940.32,135620,13983.46,-184484,-19499.46
002761.SZ,20240125,78302,7444.89,96859,9206.29,95775,9099.94,90059,8554.07,62669,5955.37,52218,4964.47,6494,611.79,4104,387.15,51355,4900.45
002761.SZ,20240124,80255,7288.87,85264,7767.45,75383,6861.79,76086,6930.22,34629,3163.76,30000,2718.22,6326,582.0,5243,480.53,23471,2181.54
002761.SZ,20240123,79247,7063.34,71128,6346.89,54859,4886.64,69480,6188.82,33655,2998.33,30981,2765.37,8665,778.41,4837,425.65,32261,2882.37
002761.SZ,20240122,78715,7110.6,55808,5045.18,63703,5749.07,69575,6282.07,33944,3070.3,47364,4269.51,0,0.0,3615,333.23,-21148,-1912.34
002761.SZ,20240119,45071,4241.21,41094,3870.0,35600,3351.97,37572,3535.91,17877,1682.77,20953,1972.28,4125,387.64,3054,285.4,-9203,-857.13
002761.SZ,20240118,72715,6769.54,63333,5908.6,63283,5900.88,71048,6627.2,41426,3877.41,42597,3967.17,3368,316.47,3814,361.32,-14266,-1313.82
002761.SZ,20240117,50240,4814.34,39789,3816.04,48768,4674.39,45282,4340.32,22441,2149.78,35521,3396.73,6784,650.15,7641,735.58,-37003,-3539.43
002761.SZ,20240116,52554,5110.51,50697,4930.71,54613,5315.55,49768,4843.3,26906,2615.48,34591,3363.42,5360,520.31,4377,424.42,-25743,-2491.61
002761.SZ,20240115,44574,4350.08,45588,4449.33,40492,3950.68,42791,4176.09,21806,2125.01,17118,1667.24,0,0.0,1375,133.1,-7352,-704.58
002761.SZ,20240112,63027,6260.33,60623,6024.55,65057,6460.8,66012,6559.29,35457,3523.32,41886,4157.37,7836,779.45,2856,282.68,-2967,-275.82
002761.SZ,20240111,60783,5935.24,53350,5209.37,46751,4561.43,55709,5439.25,36077,3521.2,30404,2964.28,0,0.0,4147,404.97,33058,3241.6
002761.SZ,20240110,50054,4838.6,32845,3172.85,38522,3718.09,57992,5603.77,30333,2932.72,26645,2574.46,5965,574.57,7391,712.92,7519,741.09
002761.SZ,20240109,57353,5562.47,47084,4567.32,51038,4947.14,65197,6322.34,30367,2950.53,29588,2870.22,5874,568.4,2764,268.66,12565,1240.29
002761.SZ,20240108,58689,5760.01,40200,3951.45,53897,5298.95,53130,5225.75,26192,2573.11,39134,3838.39,3323,326.63,9638,943.1,-26662,-2599.53
002761.SZ,20240105,54877,5507.7,36156,3633.16,44017,4420.98,55757,5600.4,38536,3865.91,44738,4486.74,3763,377.58,4541,451.86,-19782,-1966.21
002761.SZ,20240104,47084,4739.63,37412,3767.06,43312,4359.31,44984,4529.08,26033,2620.53,33688,3389.22,4053,408.31,4398,442.42,-16099,-1617.92
002761.SZ,20240103,49535,5056.61,35472,3625.58,50596,5166.51,58152,5939.54,26544,2715.05,31878,3255.33,1000,102.66,2173,220.39,14824,1528.91
002761.SZ,20240102,43897,4495.41,38085,3899.83,41369,4235.19,50483,5171.39,31568,3231.41,34046,3480.36,9977,1018.3,4197,428.72,-19815,-2018.17
002761.SZ,20231229,45796,4698.6,39405,4043.39,41732,4282.21,44194,4535.66,26871,2758.84,23759,2437.56,7400,760.03,14441,1483.07,-10955,-1119.76
002761.SZ,20231228,86232,8753.56,83339,8462.96,77244,7832.83,87835,8911.51,61654,6261.99,60830,6187.97,13751,1409.44,6877,695.39,56734,5757.77
002761.SZ,20231227,56223,5544.39,54315,5358.89,49142,4849.19,54963,5421.93,27719,2736.4,25667,2532.32,6926,683.38,5064,500.2,-352,-19.46
002761.SZ,20231226,43283,4265.68,50875,5015.87,53163,5241.73,48392,4772.38,34934,3445.21,28420,2800.21,2792,274.82,6484,638.98,-489,-38.5
002761.SZ,20231225,78510,7746.58,52982,5231.15,57246,5648.66,69445,6853.56,36553,3606.76,48858,4820.84,14144,1398.53,15168,1494.98,-7634,-747.55
002761.SZ,20231222,81284,8170.43,67200,6753.85,74476,7480.38,95703,9619.04,59935,6027.96,52753,5303.55,2507,252.42,2547,254.75,12080,1237.47
002761.SZ,20231221,76046,7660.55,66376,6687.88,65393,6587.53,73139,7367.25,45355,4572.6,48905,4927.97,9664,972.04,8038,809.62,24887,2522.19
002761.SZ,20231220,68266,6847.34,34226,3436.57,53983,5417.76,58196,5842.03,31450,3155.86,48703,4886.2,4118,410.9,16692,1667.06,-16697,-1668.74
002761.SZ,20231219,68841,7000.86,35172,3582.35,52415,5331.58,61188,6232.53,37527,3819.43,62900,6388.49,13002,1319.94,12525,1268.44,-1700,-157.62
002761.SZ,20231218,65598,6796.75,34305,3559.62,62536,6485.46,56759,5885.35,25514,2642.09,62769,6495.5,6739,696.87,6554,680.69,-11968,-1229.5
002761.SZ,20231215,60652,6430.74,32162,3412.81,62717,6649.67,54278,5757.88,34733,3686.65,68622,7278.18,3727,394.78,6768,712.97,-5031,-506.78
002761.SZ,20231214,53558,5732.5,35829,3839.62,64385,6891.0,52298,5603.4,35563,3812.99,61085,6539.18,4904,524.9,9198,979.19,-8849,-918.43
002761.SZ,20231213,60033,6469.08,40575,4379.08,62966,6789.84,53328,5755.9,34847,3763.76,59570,6417.96,6611,712.1,10984,1181.84,-13344,-1412.93
002761.SZ,20231212,50886,5485.43,51727,5580.55,69423,7489.34,66233,7145.65,55001,5935.99,64637,6972.72,10994,1188.35,3706,400.18,12118,1319.65
002761.SZ,20231211,62218,6611.41,32176,3421.43,52028,5531.2,56757,6034.15,28534,3033.3,50640,5379.52,5720,605.4,8928,946.21,10943,1173.61
002761.SZ,20231208,68333,7386.1,35176,3801.72,60109,6495.2,56536,6113.48,27573,2978.38,51758,5590.77,9997,1077.18,22543,2430.88,-22377,-2408.93
002761.SZ,20231207,46883,5151.26,24690,2713.32,38004,4174.98,40567,4457.49,22175,2437.49,44078,4843.17,6974,766.62,4701,516.37,-19320,-2117.47
002761.SZ,20231206,43522,4840.94,36455,4056.72,38197,4247.25,38468,4276.68,27843,3101.44,31523,3507.78,2885,319.77,6001,668.22,20179,2251.99
002761.SZ,20231205,58671,6513.25,31411,3487.31,43682,4848.56,47178,5235.64,23023,2555.83,41456,4601.91,2492,277.26,7823,870.04,-29541,-3278.88
002761.SZ,20231204,41252,4665.77,30237,3423.74,38694,4380.1,37566,4252.55,31688,3586.98,41471,4690.12,5930,670.76,8290,937.2,-5199,-578.31
002761.SZ,20231201,35591,4000.11,30994,3488.4,36505,4106.89,34848,3919.02,29513,3321.1,40016,4500.32,10119,1140.8,5870,661.17,258,34.03
002761.SZ,20231130,43093,4861.86,31014,3501.8,38498,4343.21,36388,4105.24,25910,2923.65,40971,4618.92,1772,199.85,900,102.6,-21767,-2448.87
002761.SZ,20231129,58893,6725.15,38679,4419.59,47553,5429.72,49348,5636.49,28249,3225.29,31497,3595.6,2813,321.21,17984,2049.68,-45132,-5154.05
002761.SZ,20231128,33644,3896.7,27592,3197.86,33377,3867.4,34321,3975.55,23343,2708.12,30746,3567.4,4177,485.85,1882,217.26,-3011,-342.42
002761.SZ,20231127,60477,7042.96,37198,4331.26,51903,6044.08,52042,6061.03,24933,2904.28,43987,5122.3,2556,297.02,6642,773.75,-33250,-3869.84
002761.SZ,20231124,59661,7128.25,43135,5153.09,56647,6770.19,54562,6518.18,35123,4195.62,43435,5189.91,5707,681.27,16006,1914.15,-47421,-5648.67
002761.SZ,20231123,80075,9567.21,68323,8174.64,84922,10157.01,83151,9934.95,45812,5476.51,65095,7787.89,9169,1100.29,3408,403.54,6543,820.45
002761.SZ,20231122,110104,13528.11,103173,12686.28,129453,15912.07,108707,13354.39,74575,9175.26,101607,12497.09,8913,1094.23,9558,1171.91,-33797,-4110.84
002761.SZ,20231121,73092,8903.56,68215,8320.41,80071,9763.21,63353,7725.47,52369,6385.99,62204,7577.28,3267,399.51,15028,1829.1,-14096,-1688.55
002761.SZ,20231120,36943,4453.77,33837,4079.79,36931,4453.26,36597,4412.19,30257,3650.05,34627,4177.52,5717,688.39,4787,575.96,-3248,-378.42
002761.SZ,20231117,36852,4415.74,25499,3055.91,31663,3794.38,32449,3888.26,19248,2307.49,30407,3644.36,5151,617.25,4559,546.34,-12636,-1508.84
002761.SZ,20231116,40597,4913.48,35040,4243.93,40955,4960.09,42460,5141.58,30981,3751.94,31473,3809.61,10016,1211.79,13576,1642.17,-4610,-549.66
002761.SZ,20231115,58028,7098.66,41996,5143.58,51960,6359.2,50772,6216.69,34802,4262.17,52774,6452.84,14567,1783.15,13815,1690.07,-18826,-2292.9
002761.SZ,20231114,53310,6496.69,46136,5626.11,56176,6848.02,48476,5909.87,31180,3799.79,50359,6135.32,7107,867.56,2802,340.76,2442,308.37
002761.SZ,20231113,43334,5219.43,38332,4622.88,38815,4677.95,41739,5031.52,31322,3778.15,31818,3834.45,5653,683.09,7235,869.77,9264,1134.04
002761.SZ,20231110,49185,5893.54,34409,4124.83,39283,4707.26,41211,4939.91,19627,2353.43,28773,3447.27,886,106.05,4587,548.29,-8952,-1068.82
002761.SZ,20231109,45463,5548.49,43390,5298.94,50404,6151.13,50660,6183.24,39418,4815.33,31867,3889.06,1068,129.66,10436,1273.36,-2197,-249.18
002761.SZ,20231108,59209,7220.86,53490,6529.78,65905,8039.99,64389,7856.1,38108,4651.74,43393,5290.61,3881,472.13,5831,708.23,-7938,-952.89
002761.SZ,20231107,63796,7699.5,81012,9798.54,82123,9925.98,83869,10138.45,65684,7955.19,48731,5889.59,4118,503.08,2109,257.18,6669,846.32
002761.SZ,20231106,68966,8268.16,65628,7878.22,74762,8966.58,71539,8581.13,59697,7166.39,67238,8064.62,10847,1303.77,9867,1180.93,21564,2599.89
002761.SZ,20231103,45115,5371.4,40829,4863.31,46386,5523.53,43608,5192.32,41821,4978.77,41081,4892.67,4391,523.34,12195,1448.72,11009,1320.56
002761.SZ,20231102,45820,5427.14,44868,5319.33,48491,5747.22,48321,5726.61,29066,3444.77,36288,4298.68,7368,875.87,1269,150.38,-6252,-731.6
002761.SZ,20231101,45954,5458.49,37062,4403.98,49797,5916.42,49395,5869.75,32279,3835.9,39674,4712.25,845,100.39,2744,325.21,-19657,-2325.01
002761.SZ,20231031,50600,6047.28,42882,5129.09,50715,6065.23,52409,6266.08,38896,4653.22,44083,5272.28,5190,621.14,6027,719.42,-33590,-4007.91
002761.SZ,20231030,57842,6934.49,54001,6476.82,60237,7225.4,59745,7167.0,44063,5289.57,44477,5338.92,5493,660.32,9411,1127.04,-14148,-1687.89
002761.SZ,20231027,85475,10234.48,65010,7788.75,88146,10556.09,88877,10645.57,47557,5700.11,68308,8182.56,9650,1160.37,8634,1034.17,-16975,-2018.61
002761.SZ,20231026,129425,15704.03,98309,11945.76,115626,14039.51,117122,14239.29,74336,9040.43,98375,11943.4,18635,2273.73,24215,2929.25,-44715,-5371.96
002761.SZ,20231025,159278,20068.0,171090,21546.86,192052,24201.99,174978,22042.8,141179,17798.88,151318,19079.33,45833,5791.04,40956,5190.91,6041,799.28
002761.SZ,20231024,70814,8271.06,77707,9088.6,75331,8809.7,79869,9339.49,54407,6376.91,56140,6569.11,15709,1839.63,2544,300.11,40875,4793.43
002761.SZ,20231023,75018,8612.63,49535,5687.98,63894,7330.01,65609,7530.19,31041,3562.21,51630,5924.19,4700,540.25,7879,902.74,-25199,-2889.15
002761.SZ,20231020,65572,7748.99,71925,8507.8,70446,8327.64,68451,8095.2,52841,6257.6,43298,5120.65,4354,514.22,9539,1124.79,-1626,-171.09
002761.SZ,20231019,52819,6201.42,41226,4845.32,46696,5486.47,53329,6263.82,21415,2513.76,27546,3228.63,5111,598.48,3940,462.36,-11274,-1319.21
002761.SZ,20231018,77529,9219.84,39016,4641.2,55186,6560.31,60100,7147.18,29376,3490.03,50683,6028.79,1500,179.25,13791,1632.25,-14702,-1741.85
002761.SZ,20231017,58126,7040.19,37225,4514.75,45704,5535.9,49636,6012.95,24168,2928.18,35729,4323.11,3822,461.52,9230,1114.98,-18231,-2202.03
002761.SZ,20231016,68140,8352.1,42800,5249.14,54091,6629.9,64666,7927.81,30991,3797.67,44225,5419.87,5081,623.17,6612,806.03,-20916,-2565.09
002761.SZ,20231013,87215,10882.42,47540,5932.84,77169,9621.43,80152,10002.87,37648,4694.01,57318,7138.19,9020,1126.77,26043,3250.73,-50649,-6324.14
002761.SZ,20231012,42748,5435.38,46474,5912.45,55295,7032.44,55865,7104.3,32234,4102.98,26682,3394.36,3531,449.56,4787,609.25,5774,741.81
002761.SZ,20231011,72158,9138.72,56942,7220.6,72821,9223.81,69454,8801.2,39868,5055.34,44496,5636.25,2453,311.36,16408,2071.17,-21790,-2730.16
002761.SZ,20231010,136327,17389.52,82196,10469.2,125461,15974.61,139774,17809.35,72551,9233.24,99463,12670.82,19668,2492.01,32574,4140.01,-53995,-6880.43
002761.SZ,20231009,67774,9130.43,47932,6459.69,67325,9071.54,65378,8811.38,30787,4144.74,44554,6001.81,4517,610.86,12539,1684.69,-61062,-8216.29
002761.SZ,20230928,48972,6714.06,40459,5549.86,60829,8343.15,61849,8482.29,34860,4781.53,37432,5132.97,5295,726.29,10216,1399.91,-1153,-144.5
002761.SZ,20230927,59303,8127.81,63176,8660.82,82911,11364.13,81133,11119.21,54146,7427.45,48259,6619.82,6604,903.9,10396,1423.46,3671,527.8
002761.SZ,20230926,74222,10146.8,46714,6394.18,75484,10324.44,68397,9353.8,29545,4037.46,49462,6759.38,3429,467.92,18107,2469.25,-46970,-6399.52
002761.SZ,20230925,82546,11416.5,58175,8049.93,76760,10621.14,86938,12029.44,48161,6664.53,52466,7258.03,5091,707.63,14979,2072.41,-49616,-6866.33
002761.SZ,20230922,78043,10852.92,81251,11318.87,93705,13042.46,92924,12936.25,62591,8729.03,60600,8435.74,6533,915.1,6097,848.64,27740,3906.85
002761.SZ,20230921,127659,18041.64,84717,11980.41,109695,15509.45,124443,17583.42,65307,9206.29,79902,11280.8,8170,1153.0,21769,3065.74,-92607,-13057.9
002761.SZ,20230920,102246,14806.23,100417,14555.89,124672,18074.94,124168,17999.54,74068,10758.92,78037,11324.1,19551,2846.48,17915,2607.03,-13394,-1906.85
002761.SZ,20230919,122512,17810.09,91456,13306.57,124052,18054.8,121164,17622.47,54572,7938.58,72725,10575.32,2946,427.16,18737,2726.27,-49429,-7146.99
002761.SZ,20230918,168489,24643.75,172517,25267.17,203010,29754.61,204577,29974.99,129769,19053.31,126096,18507.64,24512,3618.32,22591,3320.18,5241,799.57
002761.SZ,20230915,153584,22178.38,119293,17241.15,166016,23992.34,170760,24670.63,87854,12697.87,108454,15675.16,30266,4385.28,39213,5666.93,-31990,-4542.47
002761.SZ,20230914,298837,44711.69,167900,25159.62,322135,48207.54,253358,37890.97,190112,28486.4,250642,37510.56,57971,8739.98,197153,29584.45,-36174,-5340.49
002761.SZ,20230913,57138,8144.54,165349,24146.89,87748,12547.81,208871,30504.28,93463,13527.3,130356,19165.02,294910,43854.13,28682,4257.59,-135356,-20586.24
002761.SZ,20230912,42468,5787.52,38572,5262.81,56848,7751.22,56726,7735.82,28127,3840.84,31822,4337.63,8042,1093.78,8365,1137.11,-24004,-3256.07
002761.SZ,20230911,47939,6475.25,45004,6087.6,59806,8085.79,62866,8498.77,34431,4658.51,39869,5387.42,12281,1668.01,6718,913.77,1142,168.2
002761.SZ,20230908,108425,14736.65,64375,8751.45,103255,14028.92,98697,13418.32,56533,7672.77,91040,12356.39,8338,1130.05,22439,3042.23,-59723,-8113.33
002761.SZ,20230907,88358,12454.83,108498,15295.16,119466,16842.61,112085,15808.0,72585,10243.09,67248,9483.95,14552,2050.94,7130,1004.37,-5179,-714.27
002761.SZ,20230906,73498,10251.07,52854,7375.7,77252,10777.31,84454,11782.2,40791,5690.53,45733,6377.86,4785,668.07,13284,1851.23,-31838,-4427.58
002761.SZ,20230905,104299,14757.81,70306,9954.93,101974,14431.93,92861,13145.17,53342,7547.56,75278,10650.66,8950,1266.15,30120,4252.69,-52875,-7473.62
002761.SZ,20230904,142699,20553.17,124363,17924.4,168700,24302.61,129361,18639.9,79771,11499.35,103257,14874.5,7015,1010.41,41204,5926.74,-63151,-9062.22
002761.SZ,20230901,182318,26319.8,241280,34884.42,224348,32379.55,217739,31379.39,169805,24541.91,140596,20339.93,46820,6803.35,23676,3440.86,76014,10932.65
002761.SZ,20230831,85558,11792.09,74530,10282.64,61941,8549.09,63464,8757.4,31693,4379.85,36686,5062.82,4044,556.97,8556,1175.15,-16359,-2236.27
002761.SZ,20230830,120764,16838.9,103252,14394.99,113413,15816.52,100882,14068.13,58156,8105.29,65723,9174.43,1751,245.45,24227,3368.62,-75877,-10572.43
002761.SZ,20230829,104251,14667.05,97424,13739.84,103389,14576.89,104935,14770.74,65968,9317.72,76816,10842.4,14863,2106.91,9297,1315.58,31819,4499.48
002761.SZ,20230828,133123,18820.92,122525,17336.42,131440,18574.3,138462,19565.89,71042,10041.56,74549,10531.63,9251,1315.64,9320,1318.48,39921,5693.17
002761.SZ,20230825,81241,11013.63,68385,9288.99,64567,8752.99,69032,9368.75,33281,4516.57,32840,4442.1,900,121.86,9732,1305.21,-19645,-2644.69
002761.SZ,20230824,111093,15363.73,60782,8404.69,74190,10251.91,93011,12860.21,33234,4587.67,61901,8549.13,10400,1432.93,13223,1822.2,-36126,-4967.1
002761.SZ,20230823,117552,16743.81,66091,9425.0,85860,12246.27,87664,12493.57,38443,5472.68,70845,10088.67,6866,970.6,24121,3426.13,-56898,-8113.3
002761.SZ,20230822,81813,11965.33,59859,8764.02,73752,10792.64,71181,10419.82,36972,5409.48,49590,7258.77,6444,943.84,18351,2668.68,-36373,-5315.05
002761.SZ,20230821,66746,9896.83,69590,10329.95,71319,10576.1,73160,10853.27,43024,6387.09,43003,6372.62,8729,1297.77,4065,601.95,8136,1220.76
002761.SZ,20230818,105502,15770.65,85091,12761.23,96184,14403.0,86205,12908.98,46094,6899.62,63136,9418.33,1482,223.21,14830,2207.94,-71589,-10673.62
002761.SZ,20230817,77376,11616.02,72718,10929.29,78447,11784.83,72671,10916.65,36436,5473.96,39216,5887.7,2724,408.82,10378,1549.98,-22574,-3365.9
002761.SZ,20230816,80306,12132.55,85034,12875.64,87877,13292.29,93049,14082.3,58019,8805.38,47703,7211.86,5135,779.73,5551,840.15,-4855,-713.15
002761.SZ,20230815,70007,10561.49,47871,7226.81,55274,8340.61,60362,9109.15,24868,3752.64,36889,5564.01,1707,258.88,6735,1013.65,-27134,-4081.71
002761.SZ,20230814,93596,14165.35,63868,9681.42,75612,11448.59,89633,13575.4,41790,6337.71,52070,7886.07,5941,903.19,11369,1711.94,-7658,-1138.04
002761.SZ,20230811,130220,20300.21,69558,10863.47,103926,16225.47,104844,16370.93,47981,7487.42,89447,13937.86,4800,754.34,23078,3595.18,-44793,-6971.34
002761.SZ,20230810,115574,18352.87,54975,8742.04,85658,13600.51,93769,14903.21,41767,6637.66,77075,12225.92,4551,721.46,21731,3441.32,-21395,-3363.39
002761.SZ,20230809,118048,19044.86,78180,12637.07,112784,18213.3,113534,18336.64,55049,8900.89,82101,13257.35,11723,1893.6,23789,3821.57,-30034,-4791.85
002761.SZ,20230808,94528,15464.3,74877,12278.45,90480,14824.33,93874,15389.34,60759,9969.47,71312,11667.93,9601,1576.51,15305,2498.89,-29510,-4798.14
002761.SZ,20230807,148008,24291.71,86577,14222.22,130237,21399.43,129236,21229.34,61974,10187.63,100509,16504.41,11069,1815.69,34965,5738.5,-10572,-1696.6
002761.SZ,20230804,160593,27124.43,121247,20531.53,158110,26744.25,153286,25923.31,88838,15043.68,123608,20893.05,31091,5260.23,40491,6824.7,-76352,-12840.07
002761.SZ,20230803,131360,22195.92,131739,22323.31,147498,24966.34,159866,27055.15,94580,16022.89,89636,15166.54,25357,4314.15,17553,2954.3,19108,3290.54
002761.SZ,20230802,152718,26188.9,128146,22021.84,164851,28308.85,161216,27667.79,82127,14137.34,100150,17200.03,19875,3421.11,30057,5166.54,-28236,-4739.45
002761.SZ,20230801,199844,34285.17,137234,23557.42,195261,33522.49,203357,34913.99,108537,18647.64,130240,22363.76,15360,2629.67,48171,8249.79,-96193,-16445.22
002761.SZ,20230731,237144,41136.41,283487,49242.34,342236,59348.64,332489,57724.92,229534,39838.96,198210,34363.96,47727,8311.64,42455,7304.43,67405,11823.0
002761.SZ,20230728,250565,41626.26,182955,30451.94,263714,43834.17,262066,43570.82,125694,20917.14,163719,27195.09,27052,4507.83,58284,9667.54,-38182,-6268.38
002761.SZ,20230727,303995,52009.38,237717,40723.52,328242,56194.38,324054,55454.59,205364,35176.63,234635,40130.25,60080,10254.31,101274,17326.34,-93349,-15843.17
002761.SZ,20230726,376684,68519.1,344536,62635.48,414928,75451.11,417037,75818.43,278499,50570.34,342871,62427.32,130008,23633.27,95675,17292.59,36862,6805.81
002761.SZ,20230725,296652,51489.69,296759,51474.94,375610,65195.1,381785,66144.85,262728,45431.78,265244,45927.48,94678,16221.66,85880,14790.95,34329,6050.99
002761.SZ,20230724,451974,78856.58,291872,50977.99,487769,85226.95,438622,76535.28,308301,53870.81,373061,65191.32,106862,18652.34,251352,43902.1,-50802,-8654.63
002761.SZ,20230721,125204,19522.86,201476,32064.99,196181,30600.73,250101,39672.95,156498,24766.99,183373,28990.42,245631,40258.25,88563,14420.47,-45763,-8128.8
002761.SZ,20230720,81443,12258.68,95577,14422.03,116616,17575.38,113457,17101.78,82577,12438.92,81571,12273.21,24980,3765.37,15010,2241.32,53037,7981.31
002761.SZ,20230719,28809,4256.21,29210,4320.58,37265,5510.41,40772,6026.59,25693,3802.27,22404,3311.13,4018,591.9,3399,502.5,9375,1404.16
002761.SZ,20230718,33323,4914.61,22910,3381.26,33870,4997.5,35699,5267.06,17322,2555.98,26344,3884.26,1248,183.56,810,119.07,-28410,-4186.92
002761.SZ,20230717,31380,4629.49,28355,4186.54,33684,4975.13,33976,5015.0,13489,1992.68,16529,2441.22,1004,148.96,697,103.5,-725,-93.27
002761.SZ,20230714,41237,6122.89,26643,3957.0,50311,7473.26,55467,8239.46,27240,4047.02,29439,4371.18,2088,309.54,9327,1385.07,-16795,-2484.19
002761.SZ,20230713,39049,5831.69,38411,5744.16,47826,7146.32,48103,7188.78,27645,4135.33,27543,4113.34,3550,530.71,4013,597.76,6682,1012.76
002761.SZ,20230712,60108,8926.2,36861,5474.5,47585,7065.5,54355,8073.33,27364,4064.75,40808,6058.55,3700,548.86,6733,998.92,-49930,-7410.94
002761.SZ,20230711,56698,8558.06,42496,6415.27,61236,9245.41,51333,7753.79,32999,4984.2,46434,7005.05,1504,228.6,12174,1842.17,-32056,-4833.41
002761.SZ,20230710,43343,6551.99,55719,8430.02,54353,8218.25,60375,9129.69,40652,6151.02,27379,4141.65,9785,1483.99,4659,703.87,29419,4458.67
002761.SZ,20230707,47397,7090.56,36033,5397.5,46921,7028.07,49034,7342.29,25841,3872.05,32331,4839.9,2535,379.57,5296,790.57,-31174,-4647.39
002761.SZ,20230706,59773,8938.55,47403,7095.93,62033,9278.57,64428,9637.12,35909,5376.8,44217,6612.91,6089,908.68,7755,1156.64,-6076,-894.05
002761.SZ,20230705,46302,7055.01,43571,6649.0,57648,8793.05,58359,8903.64,32084,4897.22,35861,5466.42,10027,1533.83,8271,1260.06,-13388,-2016.66
002761.SZ,20230704,61458,9346.75,41157,6262.37,59132,8994.92,54229,8249.45,25569,3889.52,40615,6177.77,5288,804.31,15446,2345.91,-37750,-5733.09
002761.SZ,20230703,50526,7753.17,54965,8439.04,63981,9820.12,71293,10943.31,54487,8365.21,44324,6803.52,10234,1572.29,8645,1324.92,18528,2856.85
002761.SZ,20230630,65660,10016.01,54510,8321.68,72395,11045.42,64201,9794.78,36934,5639.58,47130,7190.44,4785,727.74,13932,2121.85,-10118,-1525.78
002761.SZ,20230629,53218,8029.1,60281,9106.8,68020,10262.99,74231,11209.69,50146,7586.94,37113,5600.69,13702,2070.91,13461,2032.75,18437,2800.03
002761.SZ,20230628,54755,8194.39,43461,6509.19,57214,8564.22,57184,8564.98,33932,5084.32,38714,5792.0,6088,910.27,12630,1887.05,-31482,-4696.37
002761.SZ,20230627,72123,10894.47,63921,9669.95,87712,13265.44,82030,12408.96,57011,8631.24,69754,10542.45,3445,519.88,4587,689.67,-26267,-3952.5
002761.SZ,20230626,89471,13434.37,104619,15757.29,111330,16760.26,109776,16506.86,77438,11669.41,63987,9641.65,21492,3234.35,21350,3192.6,21955,3388.21
002761.SZ,20230621,89765,13431.76,48013,7192.49,73824,11064.63,88843,13299.48,34932,5228.2,52401,7840.66,10209,1515.61,19474,2907.57,-62313,-9297.76
002761.SZ,20230620,84228,12870.03,43842,6703.29,69584,10631.97,79533,12155.37,35657,5450.84,58214,8893.8,11445,1748.92,19324,2949.31,-55455,-8477.57
002761.SZ,20230619,68027,10592.74,48017,7483.9,72005,11217.28,74234,11569.65,44057,6868.62,46342,7218.85,2629,410.66,18123,2816.9,-20963,-3243.5
002761.SZ,20230616,78671,12286.17,79824,12479.68,94369,14744.73,90629,14160.54,62139,9713.98,57956,9054.26,13918,2179.17,20690,3229.57,19083,3013.36
002761.SZ,20230615,68400,10528.54,75649,11657.66,77601,11954.34,81908,12608.8,53368,8226.42,45153,6954.45,9927,1524.76,6586,1013.15,26591,4118.99
002761.SZ,20230614,96638,14863.76,74577,11486.87,86886,13374.25,93897,14443.5,48181,7415.22,61947,9522.29,25574,3928.59,26858,4129.15,-72811,-11172.17
002761.SZ,20230613,99330,15470.97,69771,10875.21,90229,14058.72,88421,13782.8,40304,6284.15,55848,8700.96,11948,1860.23,27771,4315.1,-49192,-7640.84
002761.SZ,20230612,113220,17720.94,87959,13780.61,103899,16273.49,97418,15261.58,49960,7825.51,68597,10736.32,10785,1688.32,23890,3729.76,-26282,-4071.3
002761.SZ,20230609,175973,27518.24,137284,21524.5,162975,25528.65,158150,24751.74,68720,10763.27,94927,14854.59,35732,5626.2,53040,8305.51,-19781,-2992.92
002761.SZ,20230608,147109,23850.17,153438,24942.9,167310,27185.56,181850,29531.09,114614,18685.98,114748,18676.59,44058,7215.86,23054,3786.99,23338,3886.89
002761.SZ,20230607,220299,35584.95,127261,20549.47,199981,32346.04,194486,31423.97,94303,15247.09,151814,24579.83,18863,3073.61,59884,9698.41,-98774,-15867.75
002761.SZ,20230606,232058,38213.94,263038,43574.09,275460,45590.86,279492,46118.01,181891,30092.05,169308,27954.11,45314,7525.47,22885,3776.1,20578,3334.95
002761.SZ,20230605,174227,28442.86,94001,15358.82,133255,21766.48,131854,21547.26,61829,10084.67,129034,21041.69,9767,1596.32,24189,3942.56,-93609,-15274.35
002761.SZ,20230602,124036,20667.24,95186,15874.06,120370,20068.93,129915,21667.74,74712,12470.11,84636,14102.67,10211,1700.69,19591,3262.5,-5936,-937.32
002761.SZ,20230601,126404,21229.81,100381,16875.99,126956,21326.62,136451,22923.51,74292,12494.29,77040,12945.48,8268,1388.19,22047,3693.93,-34580,-5763.38
002761.SZ,20230531,172546,29088.26,129680,21874.43,156499,26384.65,161634,27252.43,81224,13695.74,110723,18662.08,14631,2471.63,22862,3851.35,-41346,-6952.33
002761.SZ,20230530,251342,43792.54,214210,37355.47,251970,43938.28,244258,42614.6,159929,27917.8,169465,29585.81,33690,5888.71,68998,11981.45,-37905,-6549.84
002761.SZ,20230529,417600,77896.8,272756,50902.73,392243,73307.66,371096,69016.02,237607,44429.48,293832,54988.8,89668,16789.82,199434,37516.2,-21201,-3909.08
002761.SZ,20230526,117815,20780.76,125918,22352.08,131776,23252.66,136892,24260.06,96300,17017.19,146550,25908.77,151609,27057.19,88140,15586.89,-19787,-3379.15
002761.SZ,20230525,57990,9093.19,115802,18494.68,75351,11901.39,128316,20540.81,77584,12422.41,91106,14580.52,152360,24729.15,28060,4530.12,-82727,-13815.04
002761.SZ,20230524,43228,6455.95,34040,5085.19,33749,5039.81,30796,4599.67,13840,2066.27,23586,3520.06,2365,353.23,4760,710.34,-16556,-2464.36
002761.SZ,20230523,39862,6068.25,44269,6743.1,35513,5407.37,34545,5262.07,17501,2668.92,15844,2411.6,3472,530.11,1691,257.88,2640,408.04
002761.SZ,20230522,41001,6192.52,35810,5411.12,33928,5124.95,29506,4457.4,15182,2292.42,21766,3285.67,1715,259.21,4745,714.9,-9602,-1447.22
002761.SZ,20230519,39478,6041.08,24657,3774.01,23018,3523.16,26855,4110.02,14181,2170.1,27970,4279.88,5841,893.73,3036,464.15,-556,-80.4
002761.SZ,20230518,47905,7425.0,32047,4972.91,38700,5999.48,37294,5780.27,15380,2384.52,27043,4190.77,1584,245.43,7184,1110.49,-12134,-1880.57
002761.SZ,20230517,31567,4962.16,28224,4438.03,21385,3362.44,26545,4173.81,10672,1679.86,8855,1392.62,0,0.0,0,0.0,6903,1091.01
002761.SZ,20230516,51476,8107.02,33404,5265.13,35117,5529.68,35956,5661.35,12391,1949.07,25175,3962.2,1428,224.07,5877,921.16,-32420,-5102.51
002761.SZ,20230515,52753,8426.04,29708,4751.55,30018,4798.75,42241,6749.73,10892,1742.54,22450,3583.46,2886,459.48,2150,342.07,-3879,-617.06
002761.SZ,20230512,60414,9807.98,24162,3921.33,33909,5504.62,29725,4824.64,15027,2435.77,31372,5099.84,1520,245.66,25611,4148.21,-12050,-1953.88
002761.SZ,20230511,39694,6576.09,20449,3388.97,27611,4572.81,35136,5821.03,9200,1523.48,20262,3354.39,1608,266.66,2266,374.65,-9450,-1559.99
002761.SZ,20230510,44873,7470.43,27794,4630.28,30589,5097.03,41659,6941.66,8391,1400.28,14142,2354.34,671,112.32,929,153.77,6262,1049.79
002761.SZ,20230509,62621,10616.4,39907,6784.77,49815,8467.12,52746,8953.33,19647,3338.67,33886,5749.99,3070,513.33,8614,1447.43,-3830,-595.65
002761.SZ,20230508,49452,8400.77,30951,5261.54,39176,6661.38,39387,6693.66,13867,2359.07,23027,3915.5,5116,872.57,14246,2423.1,2147,378.35
002761.SZ,20230505,54315,9313.18,58599,10064.83,54609,9374.18,43999,7556.87,30825,5309.03,31052,5324.31,1486,256.74,7585,1307.12,1227,251.64
002761.SZ,20230504,37317,6327.57,26622,4514.6,27467,4659.31,25638,4347.67,10727,1820.02,20722,3515.88,0,0.0,2529,428.74,-3452,-580.36
002761.SZ,20230428,39019,6612.71,35660,6055.6,31273,5310.07,34233,5808.37,14982,2540.72,16043,2715.54,2366,405.74,1704,289.72,14763,2520.1
002761.SZ,20230427,39801,6671.32,39079,6550.89,32876,5510.0,34833,5837.95,14427,2418.94,16185,2713.8,7564,1269.38,4571,766.98,16342,2751.0
002761.SZ,20230426,32349,5304.96,27435,4502.78,21479,3525.22,24451,4009.8,11457,1884.61,11755,1933.49,1209,199.89,2853,468.62,13171,2171.87
002761.SZ,20230425,55746,9136.33,32552,5343.5,31028,5091.09,39806,6525.87,13548,2225.85,23597,3869.16,0,0.0,4367,714.74,-2441,-400.88
002761.SZ,20230424,45412,7635.82,43320,7295.58,38164,6423.61,42298,7113.55,17978,3030.08,17913,3014.37,2849,479.45,872,145.47,15628,2640.72
002761.SZ,20230421,68364,11542.51,39012,6588.4,47440,8020.24,57950,9784.51,19065,3215.59,36416,6151.14,3983,668.39,5473,922.67,-10595,-1812.6
002761.SZ,20230420,56869,9857.05,40736,7074.79,42583,7389.59,52324,9075.26,26857,4656.27,34347,5945.72,3117,540.52,2019,347.68,-12405,-2154.61
002761.SZ,20230419,44304,7948.82,24670,4426.8,31512,5652.6,34175,6129.94,13967,2506.52,21340,3827.72,1674,299.1,11272,2022.58,-19387,-3472.3
002761.SZ,20230418,46896,8576.3,25705,4700.93,36406,6657.76,40904,7480.0,18025,3295.01,24608,4500.61,2020,368.45,12130,2215.97,-35373,-6464.85
002761.SZ,20230417,51592,9586.35,40700,7583.74,48262,8981.51,49340,9187.93,24809,4623.15,29743,5520.19,3714,688.01,8594,1587.15,-7380,-1339.97
002761.SZ,20230414,56232,10533.39,39579,7419.51,48904,9166.32,48435,9077.13,16813,3150.02,33928,6353.19,4596,860.73,4603,860.62,-13342,-2490.18
002761.SZ,20230413,80640,15338.91,77465,14740.57,84173,16017.89,81182,15448.8,49307,9383.92,51064,9720.29,8139,1551.66,12548,2382.72,6796,1282.77
002761.SZ,20230412,31347,5770.01,33313,6134.93,34675,6383.93,36179,6662.04,21094,3886.74,19830,3652.65,3394,627.21,1188,218.27,7484,1388.07
002761.SZ,20230411,34709,6302.5,31091,5659.96,30519,5554.32,34710,6311.2,15810,2882.83,18933,3438.5,5186,942.37,1490,272.37,2894,558.24
002761.SZ,20230410,41835,7649.4,30035,5497.29,37349,6834.55,35392,6478.63,15047,2749.19,17384,3175.48,2210,405.7,13630,2487.45,-17009,-3094.01
002761.SZ,20230407,45879,8418.03,56846,10435.77,56930,10444.34,62782,11522.87,27500,5055.8,27100,4978.07,17880,3288.22,1461,269.68,34041,6251.11
002761.SZ,20230406,48309,8710.06,31442,5676.34,37978,6853.33,41236,7438.99,14738,2659.51,18777,3386.74,938,171.89,10508,1892.72,-25191,-4533.61
002761.SZ,20230404,48008,8795.58,37847,6944.98,49339,9049.86,46235,8479.48,19444,3569.32,23645,4330.64,2456,448.66,11521,2108.32,-15042,-2732.88
002761.SZ,20230403,32367,5921.47,28210,5162.11,32172,5886.31,28478,5210.13,16059,2938.07,21190,3876.61,978,178.74,3698,675.75,6154,1132.96
002761.SZ,20230331,26900,4904.35,19761,3605.07,25828,4709.81,30300,5525.75,10174,1855.45,16139,2942.78,4117,753.17,819,149.18,-8439,-1533.02
002761.SZ,20230330,33133,6006.56,31475,5708.87,36466,6610.83,36879,6685.38,18081,3277.9,19958,3616.14,1109,202.02,477,86.91,11858,2156.4
002761.SZ,20230329,70325,12821.93,37436,6822.84,52385,9546.08,65738,11983.48,23253,4234.18,38399,7000.91,8955,1635.86,13346,2430.81,-27527,-5032.53
002761.SZ,20230328,37541,7118.53,21598,4098.19,30807,5846.85,31752,6024.32,8761,1661.7,18976,3598.56,2140,406.5,6922,1312.51,-27958,-5297.96
002761.SZ,20230327,36646,6989.19,30498,5822.64,38431,7334.09,46178,8809.79,21778,4158.32,22915,4372.83,5406,1031.74,2670,508.08,8551,1649.39
002761.SZ,20230324,53802,10202.64,35779,6801.27,49955,9483.89,56739,10772.48,25239,4801.67,33706,6386.95,4375,830.5,7147,1358.0,-9253,-1733.43
002761.SZ,20230323,49437,9436.13,27981,5344.44,47642,9095.81,57516,10981.21,14966,2857.85,30909,5894.67,5004,953.55,644,123.0,-9024,-1716.31
002761.SZ,20230322,42429,8240.0,33683,6545.9,45920,8920.86,54742,10639.88,20296,3948.93,19908,3863.16,1396,270.82,1709,331.67,-13379,-2590.07
002761.SZ,20230321,71320,13616.74,43722,8371.95,60003,11467.64,74564,14243.09,32328,6186.39,41016,7821.26,7234,1373.84,11582,2208.31,-1803,-338.85
002761.SZ,20230320,61492,12022.41,34098,6673.01,45839,8964.85,64596,12637.03,19176,3754.89,30261,5916.1,8998,1763.26,6550,1279.27,-21809,-4254.57
002761.SZ,20230317,55355,11086.03,32921,6604.52,47512,9528.38,56958,11417.5,22869,4580.49,31360,6287.72,7929,1595.72,12426,2480.88,-8027,-1609.71
002761.SZ,20230316,60352,12314.9,34304,7010.6,46438,9480.41,60418,12323.86,25024,5108.45,34107,6955.91,4637,945.96,7622,1559.36,-42624,-8685.77
002761.SZ,20230315,33787,7053.49,35636,7450.35,43040,8996.09,38657,8080.97,27577,5771.48,26401,5513.62,3054,640.6,6763,1416.71,21835,4573.72
002761.SZ,20230314,34711,7159.31,23085,4762.5,32022,6609.08,34188,7051.52,17350,3577.29,24938,5142.14,5311,1089.71,7182,1479.23,-16945,-3484.01
002761.SZ,20230313,22172,4646.95,18012,3778.67,25169,5279.66,25630,5374.2,13016,2728.78,16248,3404.92,2445,512.23,2912,609.83,-6315,-1315.87
002761.SZ,20230310,54083,11373.19,29999,6310.86,44758,9411.53,50003,10520.96,23950,5026.72,41659,8744.66,4154,873.65,5285,1108.61,-42579,-8949.16
002761.SZ,20230309,26505,5700.53,27259,5867.65,31828,6850.37,30401,6543.93,15417,3319.42,16379,3522.62,2907,626.44,2618,562.56,-14629,-3135.05
002761.SZ,20230308,41557,8949.83,28928,6233.89,38596,8314.47,41993,9045.64,21514,4636.37,24277,5227.87,3024,651.59,9492,2044.87,-18414,-3952.21
002761.SZ,20230307,55463,12220.83,50543,11177.05,68465,15127.23,66619,14706.23,44066,9741.64,47748,10539.51,3117,688.31,6201,1355.23,-11464,-2471.39
002761.SZ,20230306,71436,15734.62,44181,9733.09,66914,14739.57,70899,15613.88,39189,8630.84,45698,10066.05,4728,1041.35,21489,4733.37,-61539,-13543.01
002761.SZ,20230303,75777,17067.25,75703,17070.64,102561,23102.88,101063,22779.1,72727,16396.95,81094,18252.05,25084,5663.66,18288,4128.95,23998,5438.09
002761.SZ,20230302,82370,18443.92,99740,22330.83,122295,27379.1,122163,27356.67,101947,22817.88,90754,20336.02,27629,6231.45,21583,4848.84,53241,11913.01
002761.SZ,20230301,21675,4694.84,19123,4144.16,26428,5725.49,27289,5913.59,19785,4287.22,21589,4677.26,7225,1565.89,7113,1538.43,4493,980.05
002761.SZ,20230228,19509,4199.29,18050,3888.46,19519,4203.11,21156,4555.46,14474,3118.78,13081,2817.49,1358,292.25,2573,552.02,949,212.14
002761.SZ,20230227,35894,7726.26,24118,5191.48,30514,6567.03,31856,6854.94,15409,3318.04,19858,4274.45,2055,441.37,8041,1731.82,-28951,-6225.85
002761.SZ,20230224,26317,5736.87,18591,4054.27,22879,4988.05,24215,5280.09,14636,3191.71,15796,3442.0,2171,473.1,7401,1613.38,-7372,-1602.92
002761.SZ,20230223,37834,8359.34,26184,5793.16,37637,8324.19,37732,8345.08,18461,4081.79,30333,6702.11,5076,1124.06,4758,1049.03,-24705,-5441.77
002761.SZ,20230222,33653,7464.43,25253,5604.97,36802,8165.88,33398,7410.67,18572,4120.18,22414,4972.27,1629,361.26,9590,2123.85,-8906,-1963.16
002761.SZ,20230221,48517,10774.74,49619,11034.68,68189,15156.75,64399,14314.57,44740,9956.3,40414,8989.37,9725,2167.45,16740,3716.63,12929,2905.71
002761.SZ,20230220,34107,7488.1,42948,9433.19,45179,9923.43,47636,10460.57,26669,5855.06,24620,5411.85,14215,3131.9,4965,1092.89,11776,2607.31
002761.SZ,20230217,32461,7013.06,27798,6008.1,30222,6530.64,33891,7325.53,21441,4633.75,22823,4930.42,5615,1214.55,5227,1127.95,-13179,-2843.12
002761.SZ,20230216,69064,15172.03,44329,9759.25,59120,13008.15,61445,13500.51,26876,5921.24,42246,9295.9,5226,1138.92,12266,2684.67,-40289,-8858.43
002761.SZ,20230215,46912,10488.23,31518,7048.53,46053,10298.73,44625,9979.17,21262,4757.62,32419,7247.83,3080,687.63,8746,1956.67,-21026,-4691.03
002761.SZ,20230214,68113,15472.06,70746,16090.82,84630,19233.87,87680,19938.62,63081,14348.65,62915,14292.88,20591,4691.46,15074,3423.71,1300,295.73
002761.SZ,20230213,47644,10608.37,53109,11842.05,58100,12948.4,64369,14346.15,46209,10311.26,42741,9527.7,16633,3712.09,8368,1864.21,20462,4580.47
002761.SZ,20230210,31656,6928.56,22603,4948.93,29172,6387.64,28675,6279.42,14348,3142.7,22219,4863.24,606,132.47,2285,499.78,-18111,-3957.34
002761.SZ,20230209,33952,7453.39,25933,5696.03,32472,7130.03,35995,7903.82,17882,3927.67,25487,5594.18,5449,1196.28,2340,513.34,5745,1269.56
002761.SZ,20230208,71287,15758.92,40111,8871.6,58440,12925.14,61144,13523.86,34030,7529.28,45676,10104.98,4682,1034.33,21509,4747.25,-54779,-12106.67
002761.SZ,20230207,63034,14198.94,51188,11536.13,72984,16446.86,73054,16462.16,41931,9449.32,51105,11512.07,7242,1633.94,9844,2218.7,-21710,-4872.52
002761.SZ,20230206,90477,20279.26,99671,22352.49,126796,28433.69,121166,27149.72,91334,20504.69,89911,20196.2,17746,3988.06,15604,3507.29,45360,10142.54
002761.SZ,20230203,52081,11349.31,34322,7488.78,49860,10870.57,57637,12566.58,32436,7073.98,34467,7509.1,7297,1591.71,15247,3321.11,-17359,-3790.22
002761.SZ,20230202,51110,11265.83,45380,10013.39,57423,12668.9,59665,13166.38,35465,7826.78,38617,8517.81,11169,2467.43,11506,2531.36,7151,1609.32
002761.SZ,20230201,46641,10221.96,46506,10202.9,62768,13763.93,58526,12830.29,44156,9689.27,53810,11801.24,14590,3200.9,9312,2041.62,7550,1678.1
002761.SZ,20230131,38176,8251.98,30711,6642.92,46075,9965.99,44920,9714.54,34214,7399.46,38795,8391.93,16254,3514.62,20293,4382.66,12062,2619.36
002761.SZ,20230130,40280,8672.03,32687,7038.7,46874,10091.57,46070,9917.71,39578,8521.02,43187,9299.66,8316,1791.86,13104,2820.42,5926,1283.36
002761.SZ,20230120,27658,5857.14,27308,5786.73,42477,8998.14,35797,7583.75,31425,6657.92,38727,8199.69,7726,1638.97,7454,1582.0,31136,6603.14
002761.SZ,20230119,20491,4278.29,16349,3414.02,24061,5024.85,22585,4717.06,13851,2892.81,16433,3432.52,3176,662.74,6212,1295.1,3273,686.87
002761.SZ,20230118,20749,4358.35,13056,2744.34,23804,5001.58,20583,4325.76,14971,3146.55,23340,4902.72,2148,451.43,4693,985.09,-18356,-3849.63
002761.SZ,20230117,26780,5642.38,17422,3672.63,32235,6796.26,29769,6274.31,20029,4221.74,31654,6676.25,8060,1705.08,8259,1742.27,3168,681.17
002761.SZ,20230116,30029,6318.03,23764,5003.65,35406,7451.9,30418,6401.91,16074,3385.33,30224,6359.65,5612,1178.66,2715,568.71,5139,1096.88
002761.SZ,20230113,35039,7381.38,35628,7507.24,43421,9157.09,43325,9134.52,33071,6976.57,34003,7178.25,3919,830.89,2494,525.91,12347,2625.8
002761.SZ,20230112,34134,7086.89,20255,4206.55,30138,6256.11,30961,6427.9,15539,3227.87,24343,5054.49,1100,229.68,5352,1111.6,-10202,-2115.45
002761.SZ,20230111,36221,7668.02,25486,5404.43,34056,7216.29,36892,7817.52,22258,4723.47,27918,5911.77,3321,707.82,5560,1181.87,-16885,-3542.27
002761.SZ,20230110,41712,8850.86,24761,5256.62,37175,7888.9,34951,7415.92,20583,4365.71,31657,6719.6,3728,790.33,11828,2503.68,-28799,-6104.95
002761.SZ,20230109,38966,8364.85,29982,6440.93,39168,8410.76,38592,8285.26,25336,5437.14,30459,6535.23,2252,486.13,6689,1437.45,-21514,-4612.29
002761.SZ,20230106,44655,9696.31,46130,10027.45,54347,11808.75,53111,11540.42,38318,8328.96,36584,7947.67,6046,1314.18,7540,1632.66,2734,621.25
002761.SZ,20230105,46836,10040.89,38556,8276.72,55037,11809.26,54472,11686.75,26838,5759.04,36897,7912.6,4816,1037.1,3602,770.22,-7028,-1487.42
002761.SZ,20230104,57561,12481.46,66565,14443.37,76975,16696.74,77646,16842.61,49807,10807.58,42024,9113.78,10833,2351.95,8940,1937.96,3874,869.63
002761.SZ,20230103,37870,7991.94,39903,8437.59,49051,10361.53,39914,8437.11,35831,7586.76,39613,8371.72,2016,426.76,5338,1120.57,-114,2.34
002761.SZ,20221230,35841,7514.78,39560,8298.15,37806,7928.67,37556,7877.9,24355,5111.08,21530,4515.38,7540,1582.24,6896,1445.35,-14431,-3024.0
002761.SZ,20221229,68444,14492.31,40410,8568.91,53788,11387.47,53973,11435.19,36937,7816.04,45426,9604.45,4364,922.1,23724,5009.38,-40402,-8532.62
002761.SZ,20221228,113680,24509.64,61885,13355.52,108166,23323.9,86527,18668.96,56541,12195.07,73321,15809.32,19254,4154.25,75909,16349.06,-40847,-8760.15
002761.SZ,20221227,112211,25167.03,147010,33043.33,126461,28335.65,179945,40525.71,112816,25376.08,125895,28424.4,151521,34531.26,50159,11416.58,-54978,-13171.43
002761.SZ,20221226,31922,6634.76,30408,6327.79,33146,6892.1,37195,7735.12,16194,3365.98,18034,3743.34,5126,1070.66,751,157.24,18474,3847.72
002761.SZ,20221223,35877,7347.82,23952,4908.89,30077,6159.13,34636,7093.21,15808,3233.25,18369,3757.77,3550,723.5,8355,1703.81,-3035,-616.61
002761.SZ,20221222,64791,13593.9,38480,8084.01,56246,11802.8,62403,13094.59,29729,6252.76,46134,9685.46,6240,1314.74,9988,2100.14,-29427,-6135.74
002761.SZ,20221221,47966,10453.6,30626,6680.83,42548,9275.64,41463,9041.08,21797,4753.43,22587,4918.32,4372,953.9,22008,4796.35,-30306,-6595.17
002761.SZ,20221220,60987,13442.22,64031,14168.27,67272,14877.17,72803,16085.55,48322,10715.65,48288,10680.0,23791,5317.89,15249,3419.11,14765,3377.53
002761.SZ,20221219,57419,12582.8,32431,7113.1,46615,10228.34,49136,10768.2,28457,6240.71,40568,8904.7,4000,874.62,14357,3140.48,-30139,-6590.45
002761.SZ,20221216,71593,16020.03,76823,17214.66,84349,18892.54,88827,19895.64,58050,13034.72,55529,12442.66,19821,4459.9,12631,2854.24,11718,2634.02
002761.SZ,20221215,52721,11482.29,32569,7099.41,47744,10398.14,47590,10368.5,25690,5598.04,37715,8210.96,3662,795.32,11942,2594.93,-22920,-4994.41
002761.SZ,20221214,35616,7871.53,27469,6075.67,34244,7570.15,37050,8191.26,21199,4686.95,21081,4658.56,3881,860.24,9340,2063.38,-21850,-4825.94
002761.SZ,20221213,38965,8631.38,34600,7674.11,40621,9005.71,41522,9206.9,24748,5485.47,28832,6386.2,6314,1403.73,5694,1259.08,-3877,-836.55
002761.SZ,20221212,59076,13085.6,42472,9418.2,60332,13376.9,61339,13593.69,28738,6367.63,35529,7866.3,6784,1497.19,15590,3449.12,-13810,-3039.31
002761.SZ,20221209,57886,13075.81,35684,8072.74,50512,11415.24,51538,11648.53,26584,6012.32,40092,9059.3,6415,1451.88,14083,3174.68,-25649,-5772.5
002761.SZ,20221208,60553,13815.06,61708,14103.15,65096,14862.9,71619,16355.86,44005,10059.99,46422,10596.12,17544,4021.33,7448,1704.15,6210,1459.34
002761.SZ,20221207,137421,31031.17,77386,17474.61,112641,25435.6,124040,28005.89,70065,15817.09,97149,21947.24,14687,3317.99,36237,8174.11,-76497,-17237.48
002761.SZ,20221206,105596,25002.83,60637,14359.51,84773,20078.06,86334,20457.53,47683,11300.44,66035,15641.98,6377,1505.57,31422,7427.87,-50984,-12048.34
002761.SZ,20221205,108160,26011.92,112332,27041.44,133463,32116.75,138233,33258.74,95769,23057.14,88731,21360.09,30372,7316.1,28466,6841.64,30301,7391.32
002761.SZ,20221202,102098,23763.51,78713,18343.43,100269,23350.38,98396,22920.9,68505,15959.35,75398,17553.99,13196,3069.19,31562,7324.11,-43075,-10030.51
002761.SZ,20221201,125656,30209.96,115373,27740.43,141454,34005.2,147763,35510.6,105739,25394.22,105425,25342.83,24963,6006.99,29250,7022.5,-38864,-9336.83
002761.SZ,20221130,254183,64552.33,195087,49639.27,252063,64217.49,241781,61379.0,171694,43761.43,202413,51577.9,37013,9451.63,75670,19386.71,-43079,-10560.55
002761.SZ,20221129,184911,45147.2,180187,44130.99,206021,50389.64,213021,52074.25,162424,39781.42,161047,39377.27,69862,17244.4,68963,16980.17,32177,8170.15
002761.SZ,20221128,146104,34937.55,142101,33975.74,181335,43360.41,175166,41871.44,124442,29790.93,136360,32608.82,50721,12144.73,48975,11777.61,66567,16043.63
002761.SZ,20221125,112116,26115.76,121761,28375.61,136986,31920.84,131727,30678.77,106582,24842.8,90111,20998.89,23684,5496.06,35769,8322.19,76820,17968.33
002761.SZ,20221124,116722,26818.83,78482,18065.95,111008,25555.15,114598,26376.12,60853,14008.32,88418,20337.0,15499,3578.45,22584,5181.68,-66180,-15125.32
002761.SZ,20221123,139508,33055.19,131191,31106.16,164723,39064.1,163412,38706.89,125385,29727.87,128832,30542.91,21631,5130.95,27813,6622.14,10557,2611.93
002761.SZ,20221122,120301,27654.87,130948,30137.24,154078,35512.84,153407,35353.13,117266,27136.4,116704,26985.69,30181,6997.4,20766,4825.46,55819,13017.46
002761.SZ,20221121,53748,11738.91,41559,9092.93,46889,10255.66,47873,10462.3,27778,6080.93,32769,7167.19,1600,352.56,7814,1705.65,-4109,-872.11
002761.SZ,20221118,45286,10149.9,41420,9292.44,48678,10917.99,55141,12362.58,23723,5319.96,28163,6311.82,10047,2253.45,3011,674.47,-19142,-4274.2
002761.SZ,20221117,50804,11383.06,41038,9203.42,55125,12355.45,56173,12586.8,27163,6086.68,33638,7533.58,6485,1452.63,8729,1954.01,-19144,-4270.07
002761.SZ,20221116,86314,19717.94,56325,12879.97,70994,16225.85,84805,19385.31,31972,7298.26,56174,12824.62,21879,5007.33,13854,3159.48,-58817,-13397.05
002761.SZ,20221115,80707,18691.86,70129,16245.95,103410,23951.7,91464,21183.58,50198,11629.26,64664,14975.58,10678,2469.76,18736,4337.48,-48531,-11214.39
002761.SZ,20221114,159345,37382.02,115781,27226.83,157848,37117.39,139337,32717.33,82172,19335.11,111420,26161.1,19704,4603.51,52530,12332.76,-70494,-16500.18
002761.SZ,20221111,156748,36833.81,167889,39499.05,189840,44664.19,187205,44011.33,123874,29204.08,130517,30800.14,55561,13136.81,40412,9528.37,62903,14806.88
002761.SZ,20221110,74792,16906.12,73186,16561.78,90288,20406.24,86557,19567.22,47882,10828.03,55304,12496.29,14560,3295.92,12475,2811.02,20114,4603.15
002761.SZ,20221109,94988,21633.7,72695,16584.09,97894,22313.91,101790,23205.74,55117,12567.62,66755,15192.51,12922,2956.6,19681,4489.5,-43824,-9929.89
002761.SZ,20221108,95357,21533.83,96145,21760.56,115104,26045.53,118676,26835.59,63660,14414.45,63039,14257.32,13452,3057.48,9713,2197.83,-11029,-2409.52
002761.SZ,20221107,83396,18776.56,88681,19981.09,107326,24178.32,95559,21525.07,57187,12883.11,57617,12975.29,8603,1940.2,14656,3296.72,-16261,-3632.91
002761.SZ,20221104,184792,41338.09,139813,31325.29,189963,42497.88,144399,32331.78,120719,26992.72,127992,28599.18,17426,3906.11,100696,22478.56,-79559,-17741.99
002761.SZ,20221103,162668,37481.77,198926,46036.99,161034,37147.03,214821,49691.2,122279,28327.82,146895,34090.84,155784,36495.85,41123,9633.45,24002,4987.89
002761.SZ,20221102,80069,17153.12,87047,18666.62,86386,18499.89,91499,19609.99,49335,10585.68,48467,10398.95,18837,4071.38,7614,1634.51,27282,5845.55
002761.SZ,20221101,51658,10458.23,63716,12932.01,64827,13146.6,55479,11252.97,30583,6229.69,30451,6178.21,9081,1846.21,6504,1317.52,47005,9564.96
002761.SZ,20221031,42580,8368.07,35914,7068.06,28871,5678.32,34397,6760.38,15334,3015.35,15778,3099.59,660,131.29,1356,264.99,-3120,-599.58
002761.SZ,20221028,64360,13034.29,46521,9427.94,43006,8720.13,56016,11363.42,24520,4979.33,30418,6173.58,7073,1445.78,6004,1214.58,-34731,-7039.06
002761.SZ,20221027,43290,9122.57,32676,6890.58,36410,7677.68,34563,7287.48,14079,2966.93,21598,4549.31,572,120.35,5513,1160.17,-9906,-2073.32
002761.SZ,20221026,53635,11249.69,57933,12168.0,59776,12565.24,53100,11155.05,27843,5855.97,28410,5972.79,6787,1429.91,8597,1804.98,23844,5052.09
002761.SZ,20221025,42983,8786.39,31795,6509.31,29460,6027.93,35361,7233.39,14697,3007.78,19327,3944.31,1647,337.19,2304,472.28,8769,1802.17
002761.SZ,20221024,65424,13724.12,38682,8143.11,44428,9356.92,53282,11187.26,23571,4956.3,36700,7705.45,3767,789.38,8526,1790.89,-2512,-463.3
002761.SZ,20221021,53548,11528.72,43326,9356.44,53754,11601.76,55588,11975.52,25353,5479.24,33787,7288.77,6390,1373.35,6345,1362.35,-12165,-2542.41
002761.SZ,20221020,64602,13728.67,58925,12561.74,60670,12924.76,61128,13016.88,27505,5859.26,29240,6233.51,10406,2245.76,13889,2946.34,19545,4247.82
002761.SZ,20221019,80232,17501.42,64353,14097.79,69155,15141.95,78242,17096.76,43179,9461.65,44518,9729.22,7608,1663.6,13061,2844.85,-31680,-6815.77
002761.SZ,20221018,56621,12375.65,42933,9403.17,44755,9797.18,48579,10631.91,28849,6318.59,26237,5745.45,6063,1333.55,18539,4044.45,-5120,-1095.29
002761.SZ,20221017,50610,10908.64,45859,9901.35,52742,11362.55,48726,10511.96,24192,5216.44,28072,6038.45,3646,791.06,8533,1826.94,23778,5146.62
002761.SZ,20221014,49352,10620.17,41556,8952.09,50913,10964.23,49164,10584.07,27914,6010.49,32656,7027.44,1167,251.06,5970,1282.33,-9773,-2087.4
002761.SZ,20221013,46959,10006.53,51199,10919.5,55623,11851.24,56071,11949.48,34674,7400.62,30225,6446.61,7576,1622.54,7337,1565.34,18638,4004.94
002761.SZ,20221012,50924,10492.84,56017,11589.71,57695,11933.13,57796,11938.06,30105,6244.35,23179,4789.86,4739,987.87,6471,1340.54,21679,4599.48
002761.SZ,20221011,46643,9378.31,43951,8862.21,44668,9016.17,43404,8742.41,24833,4999.94,20806,4191.24,3552,712.84,11536,2311.41,1069,265.18
002761.SZ,20221010,41112,8536.26,41957,8726.3,40733,8464.22,43893,9125.01,20654,4294.25,20486,4246.32,5727,1197.75,1890,394.85,-4769,-973.09
002761.SZ,20220930,38693,7950.95,36106,7432.82,33614,6913.07,37592,7730.42,21121,4346.41,19570,4017.72,3714,760.74,3874,790.2,-4604,-928.46
002761.SZ,20220929,48199,10062.27,49238,10304.75,47335,9901.84,49886,10423.79,23162,4855.38,25026,5241.54,9940,2080.86,4486,930.26,-1531,-264.08
002761.SZ,20220928,43201,9138.42,32278,6843.29,37394,7922.18,44611,9437.78,18433,3903.37,21942,4640.9,4399,920.66,4595,962.66,-16421,-3445.29
002761.SZ,20220927,40174,8497.57,39441,8362.94,38429,8140.32,44293,9372.42,20975,4444.81,21443,4531.58,9050,1911.6,3451,727.34,-2703,-548.26
002761.SZ,20220926,71905,15536.75,44521,9626.61,53683,11609.29,61256,13234.97,24669,5331.95,35506,7662.21,2871,617.17,11845,2571.37,-36240,-7805.97
002761.SZ,20220923,68791,15472.1,78670,17710.55,79621,17927.81,77856,17518.17,40540,9125.83,39710,8943.41,12120,2740.22,4835,1093.83,21370,4820.27
002761.SZ,20220922,44865,9934.5,31228,6921.58,37634,8344.12,42924,9505.38,15422,3413.47,21971,4867.67,1332,295.92,3130,693.37,-21474,-4738.87
002761.SZ,20220921,39139,8637.98,40723,9004.56,38927,8602.76,43896,9693.65,22588,4991.87,20918,4621.85,8397,1860.92,3514,773.46,6833,1537.73
002761.SZ,20220920,38570,8517.62,36762,8124.45,38320,8466.49,39812,8791.77,21685,4790.79,21868,4828.44,1483,327.2,1616,357.44,-6606,-1449.12
002761.SZ,20220919,75618,16700.7,54005,11933.47,60354,13333.49,66905,14772.08,27445,6060.51,38669,8540.37,3775,826.18,7613,1674.94,-14795,-3283.73
002761.SZ,20220916,100185,23944.64,46980,11265.12,81165,19420.7,108977,26072.95,39458,9439.08,60170,14362.35,8106,1933.34,12787,3037.35,-46694,-11073.83
002761.SZ,20220915,91555,21946.05,91645,22121.53,94347,22740.37,98152,23620.65,47900,11628.9,46006,11075.89,9970,2442.13,7969,1939.39,1914,674.06
002761.SZ,20220914,77904,18732.12,51826,12466.94,57541,13840.81,67377,16198.98,26456,6355.85,38233,9188.94,7159,1720.55,11624,2794.48,-48267,-11585.17
002761.SZ,20220913,128520,31654.84,80612,19859.02,109290,26933.94,107708,26526.55,51506,12700.21,79591,19612.4,23918,5875.29,45323,11166.31,-77148,-18948.29
002761.SZ,20220909,145002,36645.06,185068,46705.87,174537,43998.14,177116,44705.95,111504,28074.84,98614,24909.14,83276,21170.91,53520,13567.99,139145,35180.93
002761.SZ,20220908,73000,17466.19,56302,13464.41,54258,12990.12,59261,14174.87,27577,6595.96,40515,9695.29,11283,2694.64,10040,2412.34,-58941,-14090.95
002761.SZ,20220907,68800,16748.14,66448,16204.18,68544,16708.86,67275,16392.99,35939,8765.29,38647,9409.79,13901,3391.07,14814,3606.4,10830,2703.32
002761.SZ,20220906,66273,16035.84,57336,13891.68,66294,16059.81,60848,14739.74,32392,7848.26,39879,9649.12,7176,1740.53,14072,3403.91,25586,6221.67
002761.SZ,20220905,53830,12840.8,57492,13733.53,58298,13917.15,61609,14710.63,26779,6401.2,30425,7263.82,12562,3013.95,1943,465.13,37654,9008.16
002761.SZ,20220902,46638,10973.25,30074,7076.67,35156,8273.31,43258,10178.59,14074,3309.11,22349,5255.17,2286,537.24,2473,582.48,-26628,-6251.64
002761.SZ,20220901,52749,12675.9,56554,13602.47,57654,13863.48,58595,14083.88,32867,7908.05,30034,7221.21,6113,1467.67,4200,1007.53,2279,563.34
002761.SZ,20220831,47169,11060.35,43973,10347.4,41504,9765.08,44582,10474.95,17909,4218.07,19340,4531.18,1913,448.03,600,138.0,2729,667.92
002761.SZ,20220830,34794,8269.66,25860,6156.09,28416,6759.48,31106,7395.95,10213,2428.66,12979,3082.49,46,10.91,3524,834.17,-7417,-1756.84
002761.SZ,20220829,41777,9796.56,40589,9551.82,36437,8566.37,40869,9595.9,20186,4754.23,18623,4362.32,4398,1034.81,2717,641.94,21261,5040.97
002761.SZ,20220826,64120,15294.95,37674,8989.75,45402,10828.72,53881,12855.74,25159,6003.96,37841,9028.88,9319,2226.67,14604,3479.92,-48245,-11496.82
002761.SZ,20220825,60310,14660.79,79182,19278.41,73444,17876.72,71283,17344.53,52761,12841.65,44009,10699.3,16728,4086.67,8769,2143.59,48099,11749.83
002761.SZ,20220824,65530,15706.56,37148,8916.05,43160,10355.09,52460,12589.98,18060,4330.39,34743,8326.76,5303,1279.13,7702,1838.39,-39241,-9398.46
002761.SZ,20220823,47439,11661.75,28586,7026.98,34190,8404.72,40548,9967.59,14184,3485.16,26370,6481.94,3845,943.79,4154,1018.9,-37509,-9213.52
002761.SZ,20220822,30649,7606.05,35075,8716.58,35203,8747.02,37039,9196.71,24646,6128.49,19065,4733.06,5474,1358.03,4793,1193.25,8568,2157.96
002761.SZ,20220819,35267,8767.87,32002,7961.15,32405,8062.05,34679,8623.9,17720,4411.42,18699,4648.68,4625,1145.24,4637,1152.86,-9378,-2322.6
002761.SZ,20220818,64179,15964.88,39915,9930.01,43590,10844.15,53497,13308.86,20945,5209.34,35062,8724.43,12858,3199.09,13098,3254.16,-43605,-10842.49
002761.SZ,20220817,62809,16084.75,59999,15388.81,66492,17048.8,67848,17383.39,41069,10530.7,39571,10134.11,4766,1220.66,7717,1978.59,-9903,-2501.46
002761.SZ,20220816,51696,13092.94,60423,15324.4,59956,15195.95,63018,15971.99,34836,8838.25,32470,8226.37,13940,3539.4,4518,1143.78,17750,4531.51
002761.SZ,20220815,45777,11451.05,33182,8302.27,39671,9924.19,42304,10582.46,19991,5000.88,27962,6993.07,6314,1578.61,8305,2076.94,-15126,-3776.59
002761.SZ,20220812,71911,18122.21,59813,15092.65,63396,15983.66,66663,16802.17,33061,8333.44,44122,11109.23,9898,2493.96,7668,1929.22,-19289,-4844.52
002761.SZ,20220811,115677,30078.51,113626,29514.73,108102,28093.39,121965,31705.47,70475,18310.13,63997,16647.16,16966,4407.56,11632,3022.22,3777,919.4
002761.SZ,20220810,57523,14246.44,41528,10293.32,47274,11713.21,48479,12008.03,18513,4586.5,29351,7268.47,6645,1644.39,10597,2620.71,-19074,-4710.97
002761.SZ,20220809,56952,14337.59,52705,13292.74,55582,14009.97,54230,13670.88,29202,7360.24,32795,8254.25,8409,2133.47,10416,2623.4,-21257,-5284.01
002761.SZ,20220808,57321,14468.66,52889,13355.24,53994,13628.92,56401,14238.35,27881,7041.81,30990,7821.28,7644,1930.92,6560,1655.44,-11023,-2787.0
002761.SZ,20220805,57964,14234.2,52649,12954.53,51172,12588.21,48946,12031.49,22262,5479.3,26653,6549.92,1599,394.49,4748,1160.25,-3687,-847.78
002761.SZ,20220804,52857,12947.34,59076,14485.12,49246,12074.86,48127,11797.44,24833,6089.59,21947,5375.95,7260,1783.58,5046,1236.87,7586,1889.32
002761.SZ,20220803,73709,18370.36,55671,13887.77,53006,13222.55,62990,15701.81,31791,7904.47,36559,9100.54,4000,1000.22,7285,1807.49,-5145,-1273.33
002761.SZ,20220802,101145,25573.04,67138,16939.99,75721,19129.85,83593,21134.28,34645,8734.92,53290,13480.45,6856,1722.6,14346,3605.67,-9368,-2379.19
002761.SZ,20220801,72744,19255.37,64274,17063.31,64234,17027.42,64398,17061.21,32332,8565.57,33672,8907.36,10282,2739.68,17247,4556.17,22578,5962.79
002761.SZ,20220729,98926,26801.72,58774,15939.99,64057,17365.6,79564,21556.29,30350,8223.35,55651,15068.88,13977,3788.91,13320,3614.42,-57393,-15556.19
002761.SZ,20220728,61168,16902.56,54046,14950.9,52072,14401.82,60740,16793.95,31560,8734.38,31214,8627.92,6554,1815.52,5353,1481.5,-7897,-2162.13
002761.SZ,20220727,74726,20684.68,44495,12323.22,55781,15444.74,67721,18750.79,25197,6977.0,38593,10679.19,5417,1498.45,10312,2851.67,-21321,-5896.43
002761.SZ,20220726,76860,21245.33,78936,21898.02,77103,21337.21,81761,22624.13,43528,12044.49,40459,11172.17,13689,3799.63,10025,2732.34,19445,5427.79
002761.SZ,20220725,94061,26236.36,59759,16676.77,67150,18739.05,78646,21939.51,35359,9867.84,53457,14910.24,8278,2309.2,12986,3625.93,-40966,-11401.02
002761.SZ,20220722,76732,21890.7,63483,18135.65,62880,17959.8,74803,21358.92,32551,9305.26,39433,11251.2,10238,2927.39,4682,1337.37,-19911,-5648.77
002761.SZ,20220721,125233,35889.14,72554,20797.68,91567,26244.02,101022,28958.34,42398,12151.64,64373,18450.11,6643,1901.51,27892,7980.19,-72414,-20726.82
002761.SZ,20220720,116519,33960.45,106822,31180.37,112454,32809.07,114984,33535.56,59092,17254.79,66936,19509.89,18843,5510.91,18167,5309.4,-8596,-2438.64
002761.SZ,20220719,118719,34367.13,85181,24681.97,99484,28815.73,110758,32081.26,55774,16162.04,62555,18107.98,10692,3092.69,26176,7566.38,-41096,-11840.06
002761.SZ,20220718,139583,40777.46,133434,39078.39,129335,37818.1,139409,40735.18,73807,21625.52,76392,22316.35,21059,6163.11,14550,4254.27,-23326,-6858.02
002761.SZ,20220715,237761,68803.27,163336,47290.42,170814,49449.35,199408,57697.72,98816,28572.25,124135,35922.5,19357,5600.6,39869,11514.83,-97309,-28060.49
002761.SZ,20220714,386433,119507.19,255533,79114.05,310037,95982.93,299373,92603.89,168995,52364.51,221008,68358.18,56447,17528.22,145998,45306.72,-189841,-58370.98
002761.SZ,20220713,423035,146369.77,303324,105398.36,397614,137712.46,400784,139170.24,278441,96471.72,323516,112121.99,200944,70385.96,272410,94249.32,51250,17701.63
002761.SZ,20220712,179912,55540.27,255957,79915.58,212828,65855.68,268108,83562.89,150937,46995.08,152904,47817.45,199267,63369.01,65975,20464.12,198457,62513.39
002761.SZ,20220711,115102,34010.81,113491,33593.15,124752,36915.6,121911,36037.4,72591,21489.71,73430,21702.86,30348,8945.7,33959,10028.42,2682,868.72
002761.SZ,20220708,108896,31572.95,108847,31561.26,111384,32316.99,110024,31912.6,63771,18515.72,67939,19709.14,18882,5471.62,16123,4694.29,12787,3645.45
002761.SZ,20220707,80650,22954.43,66670,18990.02,70382,20037.31,77559,22075.27,36163,10299.37,39582,11260.66,7523,2136.37,10907,3101.53,2903,841.83
002761.SZ,20220706,123664,35891.06,74971,21754.47,81699,23695.82,105046,30464.54,41472,12021.13,67114,19456.29,20688,6001.37,20392,5934.07,-55785,-16266.64
002761.SZ,20220705,102972,30893.97,66374,19926.0,70241,21085.83,88021,26413.43,33379,10021.14,48507,14550.21,12013,3599.0,15704,4710.3,-56851,-17028.35
002761.SZ,20220704,113823,34374.69,92347,27986.5,93332,28226.94,96220,29091.09,42798,12963.26,57516,17353.21,13214,4010.59,17085,5144.67,7431,2313.66
002761.SZ,20220701,102004,31282.09,64531,19811.23,75183,23077.1,74299,22801.69,39186,12032.59,54532,16728.28,5103,1572.46,28114,8623.03,-45672,-13982.88
002761.SZ,20220630,170477,52234.58,115079,35298.72,118476,36320.41,146210,44831.31,69836,21410.08,88138,27006.69,22320,6862.74,31683,9691.1,-69671,-21337.2
002761.SZ,20220629,190845,61120.18,203796,65255.35,205994,65983.7,205354,65755.23,125520,40240.86,128989,41344.99,57174,18345.55,41395,13334.72,46814,15035.74
002761.SZ,20220628,145316,44820.54,94295,29087.46,101325,31254.33,122611,37824.26,51187,15785.86,72879,22479.37,14928,4609.38,22971,7079.02,-71038,-21893.85
002761.SZ,20220627,107311,33871.04,85769,27090.98,95784,30247.33,108573,34274.6,52259,16500.66,60800,19187.64,14839,4678.03,15051,4743.84,-30300,-9507.97
002761.SZ,20220624,136300,43025.76,120122,38039.36,130123,41145.93,130041,41099.9,66727,21135.69,75566,23856.93,21659,6871.36,29080,9182.55,-23375,-7298.85
002761.SZ,20220623,152042,47316.08,110475,34420.4,112457,35032.15,128699,40071.04,61706,19225.97,77329,24068.42,14515,4516.19,24217,7530.53,-47944,-14909.78
002761.SZ,20220622,206733,65807.82,123374,39287.47,152495,48557.78,170343,54232.99,79497,25309.31,111222,35419.47,20416,6481.65,54201,17216.63,-86697,-27599.24
002761.SZ,20220621,230140,76048.06,249025,82429.02,257231,85133.89,253071,83689.4,161452,53476.15,163208,54039.56,73516,24466.17,57034,18966.29,119977,40062.86
002761.SZ,20220620,112089,35660.27,90214,28724.57,103066,32806.58,110584,35184.49,54357,17296.18,67316,21416.69,13397,4272.13,14796,4709.41,-26759,-8481.06
002761.SZ,20220617,139855,43810.25,102650,32189.22,104334,32696.64,123954,38840.96,56165,17617.6,77776,24351.41,26669,8347.32,22643,7090.23,-49033,-15285.53
002761.SZ,20220616,169629,54127.62,119104,38030.36,135681,43306.14,147439,47054.02,67815,21635.04,92037,29360.04,10872,3474.4,25418,8098.78,-58571,-18654.56
002761.SZ,20220615,215886,71506.47,207468,68756.25,204327,67647.32,216192,71555.63,128242,42496.58,126768,41941.99,34295,11358.85,32322,10755.36,891,323.87
002761.SZ,20220614,148616,48012.21,138276,44719.56,141447,45722.93,155658,50324.88,82392,26647.41,81973,26480.31,17898,5792.21,14446,4650.0,5159,1689.79
002761.SZ,20220613,177579,57202.99,127814,41243.08,135434,43689.96,151329,48772.04,68413,22044.13,90384,29108.51,18143,5839.87,30042,9653.32,-58907,-18908.22
002761.SZ,20220610,207966,68448.85,152765,50317.2,168325,55432.1,181426,59731.65,97221,31999.42,115984,38168.77,14318,4720.82,37655,12383.57,-75307,-24759.51
002761.SZ,20220609,280282,93943.51,270925,91072.24,251246,84302.63,254514,85321.67,153379,51446.09,158508,53038.31,54732,18349.04,55692,18609.04,46082,15649.54
002761.SZ,20220608,257848,85622.88,238895,79344.74,224726,74624.78,237647,78888.43,139748,46414.82,138075,45850.75,42149,13973.64,49854,16552.19,28519,9612.54
002761.SZ,20220607,237857,76241.56,190509,61124.11,202001,64784.39,197599,63341.68,97169,31162.42,114339,36654.7,35811,11502.03,70391,22569.9,-14081,-4524.8
002761.SZ,20220606,325078,108286.58,235103,78474.8,251467,83883.46,242185,80701.53,149970,49980.41,159324,52951.69,38259,12745.23,128162,42767.66,-69162,-23109.6
002761.SZ,20220602,400493,127475.42,330110,105042.6,332398,105894.33,336948,106764.28,187641,59740.42,227539,72284.07,89675,27958.86,115611,36978.07,-68822,-21809.06
002761.SZ,20220601,42223,14072.93,23581,7859.45,22675,7557.58,29550,9849.06,12784,4260.91,25394,8463.87,20520,6839.32,19677,6558.34,97440,32476.75
002761.SZ,20220531,198623,75524.74,92916,35688.3,157822,60458.88,122768,47224.86,115768,44444.64,105681,40664.06,50998,19826.36,201846,76677.39,65959,23040.36
002761.SZ,20220530,258828,104298.86,234243,94728.21,283244,114356.03,298437,120821.25,243540,98285.78,255759,103552.42,224852,91336.75,222025,89175.53,23726,9196.35
002761.SZ,20220527,310593,112554.83,250543,91349.79,287018,104220.2,310947,113338.67,226669,82463.67,265643,96698.44,230271,84772.52,227418,82624.33,-40020,-15283.08
002761.SZ,20220526,57168,18866.69,116318,38808.15,71530,23665.16,119928,40038.49,57814,19236.15,83707,27957.69,175054,58993.56,41613,13957.23,-81966,-28402.47
002761.SZ,20220525,177012,54347.99,169711,52111.25,160082,49157.31,161532,49555.96,98233,30149.77,108223,33200.46,37084,11378.06,32945,10165.46,26497,8243.55
002761.SZ,20220524,309793,96201.38,191547,59254.81,212433,65982.64,227627,70578.2,113213,35173.61,169765,52965.79,42459,13113.67,88959,27672.49,-129743,-40106.71
002761.SZ,20220523,160970,52047.18,160168,51967.34,137265,44434.36,155739,50504.12,112105,36442.52,103725,33671.41,49415,16252.9,40124,13034.09,58573,19250.72
002761.SZ,20220520,233171,76630.63,167790,55239.76,167029,55008.43,181410,59705.83,101408,33429.6,132943,43766.5,34910,11463.95,54376,17820.52,-73497,-24026.21
002761.SZ,20220519,247440,81557.22,204550,67522.25,212727,70178.2,186274,61457.83,138449,45665.29,162565,53580.71,62162,20556.08,107389,35395.99,42603,14179.7
002761.SZ,20220518,332548,110968.39,242755,80831.66,239781,79989.09,275057,91468.46,170384,56614.37,218572,72504.02,131815,43051.01,138145,45818.72,5620,1188.74
002761.SZ,20220517,59366,21668.23,15859,5955.92,38518,14168.13,22939,8607.47,27605,10204.91,25343,9477.04,25759,9454.1,87107,31454.94,75120,26671.21
002761.SZ,20220516,250548,97098.42,243268,94481.4,229718,89079.92,231741,89825.51,185872,72113.6,176806,68614.79,108573,42200.42,122897,47570.67,43546,17384.82
002761.SZ,20220513,295122,114692.84,198467,77196.38,237553,92460.67,240470,93526.21,184681,71926.1,213039,82916.38,121646,47288.82,187025,72729.45,-68615,-25956.2
002761.SZ,20220512,341455,136491.38,306292,122838.98,311760,125349.86,320158,128510.0,247689,99412.77,259344,104157.6,220433,88435.09,235543,94182.52,49902,20796.98
002761.SZ,20220511,368763,163872.97,245862,109312.41,346015,153997.65,327906,145514.54,279458,123856.95,335479,149579.04,163074,73183.49,248063,110505.08,-16251,-5931.79
002761.SZ,20220510,274909,112923.79,229692,94851.76,274342,112984.48,273130,112653.04,243674,100354.32,260305,107675.85,192288,80328.98,222087,91410.92,39457,17155.94
002761.SZ,20220509,207331,81484.92,168479,66459.42,186171,73310.86,219599,86702.1,173929,68500.8,186263,73457.49,171433,68365.26,164523,65042.83,-28870,-12132.73
002761.SZ,20220506,152601,53526.04,191827,68078.09,174887,61233.35,209475,74309.18,157180,55431.86,162316,57554.63,219771,79398.99,140820,49648.35,-111910,-40584.1
002761.SZ,20220505,236588,77534.22,197237,65075.54,240726,78812.52,226212,74513.6,172178,56320.01,206863,67946.47,205063,68455.59,224245,73586.73,-110600,-36552.47
002761.SZ,20220429,186634,56650.49,184325,56059.61,179696,54534.18,200491,60946.75,162330,49296.75,174748,53102.84,232128,71056.67,201223,61428.89,-88651,-27363.87
002761.SZ,20220428,283814,77144.73,254213,69492.89,268012,72919.23,247902,67696.42,224240,61021.43,217684,59362.87,225068,61735.37,281335,76268.58,1937,1194.99
002761.SZ,20220427,183193,44810.87,149596,36774.88,175436,43028.8,179316,44007.17,143056,35214.4,157143,38690.51,187190,46945.71,202819,50527.22,-166026,-42121.41
002761.SZ,20220426,59625,13299.45,96355,21897.63,71423,15966.93,109500,24827.15,75866,17109.91,94683,21369.69,212666,48849.98,119043,27131.8,-135770,-31419.91
002761.SZ,20220425,82185,17789.39,112284,24710.22,81721,17681.93,131293,28866.68,78304,17163.71,95401,21042.78,199837,45101.51,103069,23116.86,-138453,-32068.56
002761.SZ,20220422,135569,28872.94,112067,23982.28,130539,27827.01,118377,25248.2,94727,20190.14,98650,21042.88,16072,3459.76,47813,10076.49,1921,463.49
002761.SZ,20220421,112182,24588.49,98934,21678.05,92759,20333.83,117353,25732.72,80866,17696.99,67033,14662.22,24169,5287.19,26656,5833.5,-4558,-960.37
002761.SZ,20220420,136669,30843.15,113552,25646.86,124548,28084.28,140193,31637.07,73599,16616.27,92069,20760.3,39252,8851.35,28255,6350.83,-20068,-4520.1
002761.SZ,20220419,128706,30100.86,100063,23445.7,96209,22541.35,120603,28246.11,73942,17280.74,79421,18578.14,30840,7223.07,29612,6876.07,-1607,-312.57
002761.SZ,20220418,147182,35379.37,112485,27094.62,140501,33786.99,139397,33508.0,81795,19692.17,103444,24868.23,23850,5780.82,38002,9168.5,-7447,-1718.79
002761.SZ,20220415,137246,33628.49,146272,35883.19,136127,33378.54,140171,34374.49,108984,26727.51,101236,24833.41,40832,10059.32,35511,8702.78,2261,693.21
002761.SZ,20220414,193510,47562.07,153621,37777.98,158352,38887.03,184355,45293.75,121221,29780.75,137425,33756.79,54711,13452.82,52393,12854.15,1155,335.0
002761.SZ,20220413,230732,59677.97,144857,37638.98,168546,43666.96,186395,48381.44,97644,25319.61,136308,35405.73,62580,16398.35,91942,23636.75,-75172,-19256.3
002761.SZ,20220412,237185,64800.49,223320,61018.3,242229,66278.73,245188,66858.71,175652,47737.85,182969,49860.99,94650,25759.48,98241,26838.55,20755,6357.75
002761.SZ,20220411,163513,44525.84,155049,42265.61,167583,45709.57,178559,48584.79,113638,30973.29,129024,35101.48,61873,16749.82,43976,12006.64,12989,3733.95
002761.SZ,20220408,218599,60132.44,182244,50172.36,219854,60576.94,212639,58515.01,154997,42587.75,153253,42207.05,54896,15030.27,100211,27432.97,-25426,-7024.77
002761.SZ,20220407,247558,68724.73,206172,57167.74,226730,62892.56,226451,62732.27,166816,46067.6,159685,44358.73,75547,20997.46,124344,34423.6,-57404,-15679.17
002761.SZ,20220406,291427,87476.44,248796,73982.03,253957,76167.88,284311,84477.15,168388,50118.84,214055,63772.25,214078,62169.03,180688,53700.76,278380,79420.27
002761.SZ,20220401,54534,17499.96,4853,1557.33,29704,9532.01,12512,4014.94,14968,4803.23,15875,5094.37,8419,2701.66,74385,23870.22,103111,33088.28
002761.SZ,20220331,287843,101756.99,313098,110657.11,291434,102923.69,354812,125254.67,232763,82077.62,257188,90754.3,283887,100380.66,170829,60472.87,-145884,-52895.8
002761.SZ,20220330,319486,105104.97,255274,84069.3,305260,100490.65,272759,89763.15,215347,70926.12,261307,86076.61,102778,33903.65,153531,50516.33,54304,18067.45
002761.SZ,20220329,252189,78980.94,203791,63907.53,213149,66832.56,256428,80365.93,166931,52392.04,190901,59810.67,102010,32054.52,83159,26175.93,2523,1025.04
002761.SZ,20220328,205671,68020.95,190730,63113.88,192951,63858.59,210528,69574.9,159138,52632.07,160204,53001.55,71808,23757.72,68106,22579.01,579,385.39
002761.SZ,20220325,308360,105933.08,212699,73173.4,228177,78526.64,268521,92162.78,151408,51774.76,208989,71714.4,96412,32891.81,94148,32075.72,-62646,-21519.95
002761.SZ,20220324,329840,117599.57,242399,86588.89,303222,108243.56,273382,97578.03,206501,73743.14,240467,85784.06,79127,28309.5,162442,57944.78,14711,5639.39
002761.SZ,20220323,286837,100602.5,238999,83918.55,250220,87878.41,267745,93935.33,200900,70550.09,196070,68798.32,127132,44566.35,162275,56945.14,-18442,-6341.28
002761.SZ,20220322,343628,130087.51,244309,92812.65,267857,101729.34,280590,106384.04,176033,66845.49,238090,90236.55,130399,49179.29,154927,58408.39,-13904,-4757.53
002761.SZ,20220321,369967,144884.32,255157,99907.46,309749,121538.03,305309,119463.41,231442,90642.6,268298,105084.44,117521,45979.25,199915,78588.9,-34586,-13817.48
002761.SZ,20220318,235048,87173.47,171353,63676.96,215990,80126.5,230780,85648.06,157054,58176.29,196315,72764.92,160079,59880.36,169723,63266.69,-59721,-22301.73
002761.SZ,20220317,37,12.81,11660,4035.53,232,80.3,12063,4175.14,1590,550.3,11701,4049.84,41445,14344.03,7879,2726.92,-43304,-14987.43
002761.SZ,20220316,96244,29967.42,99173,30899.28,99177,30903.98,117352,36565.66,76834,23956.5,84060,26214.54,83003,25962.23,54673,17110.66,-5049,-1542.29
002761.SZ,20220315,61181,17055.82,95328,26691.78,76527,21365.3,112799,31625.71,66804,18642.02,84356,23696.06,118137,33402.68,30168,8452.27,-90459,-26180.26
002761.SZ,20220314,309441,79332.57,249429,63898.66,309074,79232.95,283100,72491.96,209664,53726.57,229105,58720.03,84023,21440.6,150568,38622.04,-35215,-9140.58
002761.SZ,20220311,289739,66863.52,277705,64341.65,294588,68066.65,327181,75627.22,219740,50929.64,234298,54145.3,145605,34069.05,110488,25814.68,77812,18315.63
002761.SZ,20220310,354379,78759.99,250258,55613.92,353046,78460.32,311323,69130.57,247278,54898.66,265206,58883.13,128742,28446.42,256658,56937.77,-4968,-858.62
002761.SZ,20220309,258150,54197.41,332605,70305.76,291096,61344.92,395882,83668.55,247118,52276.71,257105,54484.7,314405,67358.35,125177,26718.4,-20087,-5094.48
002761.SZ,20220308,293207,60117.15,273941,56213.37,324015,66459.84,303940,62293.2,197245,40471.49,216930,44490.83,83367,17093.53,103023,21144.61,69335,14591.11
002761.SZ,20220307,259743,49939.68,252575,48623.59,242317,46650.7,253940,48773.81,178515,34259.68,163109,31365.98,71495,13705.15,82447,15791.84,-27918,-5060.09
002761.SZ,20220304,328340,66358.94,194555,39409.48,283193,57294.99,232095,46967.95,164773,33299.34,212849,43114.24,105748,21241.93,242555,48703.53,-30560,-6565.14
002761.SZ,20220303,294317,60447.83,305896,63262.15,286323,58936.59,334774,69239.48,229402,47353.84,234537,48426.05,199901,42021.9,134737,27832.47,69766,15238.49
002761.SZ,20220302,369716,73408.96,340908,67836.65,363326,72115.59,351310,70050.77,257864,51283.63,278320,55656.5,231231,46646.83,251598,49911.08,13773,2380.74
002761.SZ,20220301,338111,65468.58,252703,48830.75,313052,60617.81,299441,57901.59,197618,38183.64,260639,50505.52,248544,47661.22,284542,54693.39,279008,53072.29
002761.SZ,20220221,225884,47419.75,178701,37477.97,230507,48399.48,223652,46915.4,164890,34604.62,198813,41756.6,240627,50695.33,260742,54969.22,-162172,-34422.14
002761.SZ,20220218,293328,54273.24,207253,38408.52,278671,51674.41,240848,44661.99,221809,41209.64,224534,41536.07,218030,40570.57,339203,63121.3,-13378,-2228.34
002761.SZ,20220217,113280,19692.45,104585,18214.19,136987,23845.61,142061,24743.38,121095,21097.2,156409,27231.81,409127,71578.29,377434,66024.17,-507550,-88921.9
002761.SZ,20220216,222882,34977.59,229319,35969.77,262264,41221.4,259962,40729.07,267313,41967.82,210961,33010.12,465506,73479.0,517723,81936.86,-324172,-51604.64
002761.SZ,20220215,329769,48299.69,221520,32263.21,307731,45104.04,287286,41945.49,234649,34504.58,264693,38837.18,182590,27132.55,281240,41994.98,-93142,-14058.3
002761.SZ,20220214,92490,12814.96,64910,8994.9,106816,14803.57,105185,14575.34,83676,11600.38,107380,14883.92,112852,15650.28,118358,16415.03,-225090,-31213.33
002761.SZ,20220211,75121,8743.39,110015,12989.12,101149,11890.73,122690,14502.32,85290,10029.47,83737,9933.96,107371,13060.97,52489,6299.16,-68352,-8783.44
002761.SZ,20220210,239164,24784.24,165551,17318.25,214804,22342.8,232671,24315.01,132601,13981.14,190066,19970.63,57579,6339.67,55859,5843.96,-74150,-7881.19
002761.SZ,20220209,40274,4192.74,28327,2949.7,52377,5453.24,47014,4895.93,37714,3929.15,59826,6230.03,50355,5246.98,45553,4746.46,-145251,-15131.2
002761.SZ,20220208,30801,2872.26,31881,2986.15,46229,4327.67,51227,4787.49,28562,2670.81,42555,3950.62,44023,4113.35,23951,2259.82,-54815,-5148.73
002761.SZ,20220207,27706,2261.07,43944,3657.28,31285,2570.85,46532,3884.98,19713,1651.03,20173,1686.22,34344,2952.16,2400,206.64,-3629,-426.29
002761.SZ,20220128,30256,2378.9,35420,2790.71,21245,1672.88,20499,1612.16,8061,636.55,2867,225.12,824,64.11,1600,124.44,-17452,-1369.87
002761.SZ,20220127,24696,1951.23,30995,2457.02,24337,1931.06,21494,1703.66,6267,499.03,2810,220.65,0,0.0,0,0.0,-4267,-333.47
002761.SZ,20220126,21352,1673.16,20377,1600.76,12854,1011.12,14977,1174.28,1875,148.1,728,57.33,0,0.0,0,0.0,5111,403.83
002761.SZ,20220125,23660,1844.97,13741,1072.49,11006,858.54,13697,1068.38,1195,93.61,8424,656.25,0,0.0,0,0.0,-4355,-339.14
002761.SZ,20220124,16264,1299.47,16817,1347.71,15079,1209.19,12098,969.22,5940,478.2,8368,669.94,0,0.0,0,0.0,2693,216.8
002761.SZ,20220121,20666,1648.56,10431,832.87,11927,952.99,14000,1117.41,1796,143.39,7958,635.45,0,0.0,2000,159.2,-1326,-105.28
002761.SZ,20220120,20508,1666.87,19034,1547.1,19857,1612.69,17912,1454.19,9707,789.87,9126,743.06,0,0.0,4000,325.08,-9866,-800.99
002761.SZ,20220119,29754,2439.2,36334,2987.43,36683,3010.77,42337,3476.43,19704,1623.46,12500,1024.1,5029,414.53,0,0.0,-919,-69.27
002761.SZ,20220118,26628,2135.1,41085,3305.65,28690,2309.27,27281,2195.1,22310,1800.57,9962,799.86,2000,161.35,1300,105.69,5327,435.41
002761.SZ,20220117,10160,806.65,14272,1134.91,9575,761.71,10574,842.56,9471,756.34,3344,266.66,375,30.02,1391,110.59,-1805,-143.05
002761.SZ,20220114,16547,1301.59,12530,986.05,10112,795.06,12234,961.95,4222,331.64,6118,480.29,0,0.0,0,0.0,-8592,-674.11
002761.SZ,20220113,20958,1673.73,13537,1082.79,11587,927.59,17125,1369.96,4342,348.82,6225,497.39,0,0.0,0,0.0,55,6.95
002761.SZ,20220112,24800,1967.29,13089,1039.22,11133,882.5,13610,1079.35,1950,154.66,7870,623.96,0,0.0,3315,261.91,2831,225.4
002761.SZ,20220111,25721,2055.55,15895,1272.6,18453,1477.18,22484,1799.53,4909,394.2,9060,723.94,0,0.0,1644,130.86,2374,194.26
002761.SZ,20220110,21984,1761.42,20348,1630.89,24704,1984.05,23260,1865.04,11756,941.47,15651,1256.32,815,65.31,0,0.0,1698,143.08
002761.SZ,20220107,21169,1679.14,25709,2044.75,24116,1916.13,24466,1945.44,13881,1102.57,13461,1064.19,4470,356.53,0,0.0,555,42.6
002761.SZ,20220106,13410,1044.46,21261,1658.21,19470,1516.57,17298,1347.14,8707,679.62,4858,378.81,1829,143.51,0,0.0,9342,730.07
002761.SZ,20220105,13150,1005.93,12558,960.62,9599,733.97,9894,756.89,1711,130.82,2008,153.21,0,0.0,0,0.0,-7323,-558.78
002761.SZ,20220104,27969,2137.41,22227,1700.33,19168,1464.54,20149,1540.83,9161,702.74,13922,1063.53,0,0.0,0,0.0,18923,1449.77
