ts_code,trade_date,buy_sm_vol,buy_sm_amount,sell_sm_vol,sell_sm_amount,buy_md_vol,buy_md_amount,sell_md_vol,sell_md_amount,buy_lg_vol,buy_lg_amount,sell_lg_vol,sell_lg_amount,buy_elg_vol,buy_elg_amount,sell_elg_vol,sell_elg_amount,net_mf_vol,net_mf_amount
300821.SZ,20251231,151745,17839.28,94246,11075.44,97718,11487.7,102751,12083.6,52998,6227.5,80333,9441.38,20298,2372.66,45429,5326.72,-63029,-7396.96
300821.SZ,20251230,211296,25417.55,135018,16275.05,126820,15258.32,152670,18373.28,73636,8866.85,106042,12732.75,13428,1611.18,31450,3772.83,-27461,-3277.33
300821.SZ,20251229,267267,33091.13,146681,18161.45,195209,24165.87,212058,26277.85,103178,12824.19,179131,22198.47,18101,2247.36,45885,5690.78,-89468,-11013.62
300821.SZ,20251226,324772,42426.97,387930,50835.6,359246,47043.1,336246,44071.43,290459,38182.42,255756,33524.02,91030,11896.94,85575,11118.38,-39678,-4909.11
300821.SZ,20251225,163923,20406.63,180207,22507.05,180385,22498.6,185982,23201.61,131651,16436.51,119188,14837.39,26004,3258.93,16586,2054.62,66956,8433.19
300821.SZ,20251224,149184,18127.17,137424,16719.85,139674,16967.06,143284,17413.3,87782,10687.11,100712,12237.8,26179,3184.99,21399,2595.39,3139,426.1
300821.SZ,20251223,149142,17956.1,219654,26515.42,191725,23094.34,164486,19828.18,142583,17210.4,106059,12762.37,29090,3530.17,22340,2685.04,80249,9717.37
300821.SZ,20251222,101770,11997.74,82625,9746.68,83585,9855.76,81533,9615.0,64381,7591.46,71571,8439.98,14552,1719.16,28559,3362.47,-3874,-439.25
300821.SZ,20251219,115539,13632.57,108861,12855.42,107232,12661.44,95565,11287.29,61229,7234.37,75093,8864.14,16918,2001.66,21399,2523.2,-15822,-1836.07
300821.SZ,20251218,134472,15865.33,156382,18494.51,133840,15819.66,136502,16137.22,95365,11288.74,79840,9426.36,44135,5231.72,35089,4147.36,-28549,-3349.62
300821.SZ,20251217,157193,18243.28,135716,15739.51,114695,13272.15,153282,17758.44,86338,10018.22,88156,10256.82,31168,3637.84,12240,1416.72,29157,3433.03
300821.SZ,20251216,199813,23009.61,116984,13483.9,127314,14693.66,151489,17462.63,72865,8401.48,103446,11925.71,11150,1276.88,39224,4509.38,-59968,-6938.35
300821.SZ,20251215,178212,21376.23,198600,23899.75,170169,20463.92,184174,22154.03,115131,13854.71,104778,12595.28,47949,5822.42,23909,2868.23,9065,1153.64
300821.SZ,20251212,185222,21927.2,144130,17098.11,151895,18000.52,166760,19764.98,89809,10649.68,108145,12797.32,15521,1845.24,23412,2762.23,-17504,-2025.08
300821.SZ,20251211,265439,32209.0,153692,18729.9,195746,23827.69,216683,26382.45,116297,14212.11,181553,22049.18,17352,2093.08,42905,5180.34,-97534,-11722.1
300821.SZ,20251210,350903,43980.87,447029,55942.57,349841,43960.21,274055,34438.86,220476,27741.22,189609,23943.1,50065,6332.15,60594,7689.91,-99264,-12156.96
300821.SZ,20251209,178013,22439.08,173603,22062.85,157562,20011.9,180204,22872.63,107236,13676.73,116625,14849.12,51168,6623.67,23548,2966.77,23056,3175.19
300821.SZ,20251208,215286,27278.72,154139,19569.08,145574,18454.96,153679,19470.47,80961,10269.43,119576,15140.2,20482,2605.06,34910,4428.42,-31430,-3930.82
300821.SZ,20251205,266976,33552.97,236653,29751.03,189742,23773.93,227215,28519.49,127610,16045.81,128539,16110.78,19683,2458.24,11605,1449.66,50837,6581.75
300821.SZ,20251204,318771,39214.21,147815,18201.87,207046,25520.82,238331,29345.31,112324,13847.29,199657,24597.18,11109,1366.97,63448,7804.92,-71559,-8800.41
300821.SZ,20251203,249689,32363.56,210912,27377.67,219565,28513.65,231833,30083.55,129674,16831.17,139329,18060.06,22241,2878.52,39096,5065.61,-104095,-13431.22
300821.SZ,20251202,250562,33059.88,268786,35758.23,291555,38717.96,280346,37165.81,187030,24907.19,167066,22135.47,36578,4869.65,49527,6495.17,754,377.7
300821.SZ,20251201,286978,38798.57,280654,38087.17,325731,44173.45,328438,44526.29,189525,25734.36,189050,25619.72,41508,5673.96,45600,6147.17,-63082,-8277.76
300821.SZ,20251128,284845,39034.78,237342,32561.33,299907,41141.03,305845,41935.95,176331,24201.88,202949,27832.62,40287,5520.66,55234,7568.46,-60162,-8139.41
300821.SZ,20251127,417604,56884.47,425420,58102.35,447604,61099.65,499510,68116.11,338265,46194.04,300646,40929.92,84020,11414.85,61918,8444.64,99613,13662.88
300821.SZ,20251126,330332,43162.68,250216,32872.46,295295,38757.52,293120,38531.66,190060,25013.43,256041,33514.66,36201,4819.1,52510,6833.96,-97673,-12764.35
300821.SZ,20251125,305059,40725.38,272739,36546.94,313875,42009.96,322953,43207.52,214651,28733.04,229827,30700.23,50694,6819.69,58759,7833.4,28715,3902.21
300821.SZ,20251124,263572,34054.66,209165,27079.91,275654,35642.0,287830,37249.96,167956,21794.72,202237,26181.63,42620,5566.38,50568,6546.26,14860,2047.83
300821.SZ,20251121,364302,48912.26,264237,35615.83,414775,55864.06,433981,58566.98,282710,38277.05,329021,44347.0,69368,9435.2,103916,13958.77,-119093,-15904.89
300821.SZ,20251120,452208,69259.91,331895,50946.48,524642,80626.92,504429,77314.24,346932,53431.55,431938,66517.96,96777,14824.78,152297,23364.48,-245007,-37240.75
300821.SZ,20251119,492248,71286.86,506192,73701.17,685475,99686.74,682684,99474.99,553862,80459.19,559846,81388.38,202529,29954.52,185392,26822.77,43416,7970.42
300821.SZ,20251118,427618,63462.99,417842,62378.75,576169,85739.73,545631,81147.73,453164,67706.1,465235,69351.41,156985,23654.53,185227,27685.46,-31182,-4303.67
300821.SZ,20251117,408303,55957.8,427154,59212.27,502612,69456.57,607156,83989.61,447860,62079.77,419381,57826.09,215895,30149.94,120980,16616.1,126884,18354.47
300821.SZ,20251114,409723,55295.12,326212,44236.2,473922,64307.65,488963,66216.2,357668,48715.25,373560,50810.34,104841,14305.41,157420,21360.69,-192601,-25427.35
300821.SZ,20251113,401257,55076.62,462127,63635.27,563510,77520.22,617536,84951.77,480846,66266.75,475822,65388.23,258661,35578.21,148788,20466.54,145386,20661.31
300821.SZ,20251112,316454,39693.61,286119,36010.08,370743,46578.73,378990,47579.05,277773,34858.89,280697,35239.29,79557,10092.22,98721,12395.03,-83126,-10116.24
300821.SZ,20251111,411527,52919.97,357980,46078.45,490723,63258.55,528740,68023.87,426350,54806.42,441292,56875.06,139257,17939.66,139845,17947.2,-100928,-12699.33
300821.SZ,20251110,444286,56257.89,426245,54329.05,644382,81585.32,622990,79032.02,624770,79003.59,572305,72395.66,275772,34721.33,367669,45811.39,107014,14887.13
300821.SZ,20251107,92505,9690.52,256829,27928.71,154734,16235.81,361505,39550.7,182781,19708.67,287751,31809.84,603916,68093.83,127851,14439.58,-255853,-30136.87
300821.SZ,20251106,61899,5846.92,57316,5424.79,78169,7389.26,74048,7006.67,44561,4222.72,53367,5041.57,13826,1308.91,13724,1294.78,16155,1545.27
300821.SZ,20251105,63124,5899.46,55828,5224.14,49898,4665.13,64640,6047.71,28778,2697.05,26624,2487.81,11098,1039.68,5806,541.65,27038,2538.72
300821.SZ,20251104,53081,4920.46,40958,3804.31,47010,4368.14,47405,4404.21,21455,1992.0,26299,2440.79,4343,405.48,11227,1036.77,-27741,-2562.8
300821.SZ,20251103,73604,6803.8,64143,5936.26,78063,7222.68,70389,6515.21,31436,2910.68,42008,3880.7,3055,283.3,9618,888.3,-3103,-261.06
300821.SZ,20251031,75505,6963.92,88269,8158.84,101816,9415.4,95167,8788.67,53687,4974.2,50169,4641.26,7678,701.18,5080,465.94,40608,3746.36
300821.SZ,20251030,43632,3934.24,49498,4470.14,59429,5361.55,62993,5690.65,32173,2910.05,26242,2367.04,7822,709.64,4323,387.66,-4269,-373.13
300821.SZ,20251029,43626,3887.89,40146,3587.82,54485,4861.01,53237,4752.46,28787,2571.45,36710,3274.43,14172,1267.27,10977,972.91,28205,2530.06
300821.SZ,20251028,35233,3146.81,36527,3263.15,49336,4405.99,44793,3999.58,22578,2016.41,27274,2435.84,1468,131.27,21,1.89,-5797,-502.21
300821.SZ,20251027,33638,2977.48,37846,3349.62,34099,3018.73,30441,2696.69,20164,1783.96,16470,1455.9,4141,367.64,7285,645.59,-8956,-785.83
300821.SZ,20251024,37747,3341.67,40833,3616.88,34252,3034.55,40446,3581.88,28241,2503.25,19951,1768.61,990,87.9,0,0.0,-5062,-443.58
300821.SZ,20251023,45837,3959.34,41286,3565.77,42278,3651.36,43924,3792.55,20831,1796.2,20367,1757.75,1694,144.67,5063,435.49,-938,-66.41
300821.SZ,20251022,28119,2474.59,22606,1989.43,24109,2121.39,24762,2179.51,9691,853.97,13051,1148.85,0,0.0,1500,132.15,-13362,-1174.54
300821.SZ,20251021,32687,2871.54,24985,2196.09,26360,2315.44,33983,2985.93,12679,1115.35,11249,987.38,0,0.0,1509,132.94,3720,329.18
300821.SZ,20251020,41899,3664.34,28482,2493.78,25199,2205.83,30737,2690.88,10069,881.57,21833,1908.77,5184,454.83,1300,113.14,1946,175.93
300821.SZ,20251017,63162,5573.96,40252,3558.83,58993,5220.19,50267,4436.93,24273,2133.16,41885,3702.15,4115,358.95,18139,1588.35,-23335,-2040.8
300821.SZ,20251016,42154,3812.76,34330,3105.43,37484,3390.86,38374,3470.86,17271,1560.88,23623,2135.33,7040,634.89,7622,687.77,-34651,-3129.67
300821.SZ,20251015,42307,3876.03,28047,2569.42,37369,3421.78,44889,4113.55,23421,2146.03,28701,2628.46,2600,238.44,4060,370.86,-4717,-425.11
300821.SZ,20251014,50918,4698.55,49141,4536.76,59215,5469.44,59964,5539.97,36833,3397.67,42909,3957.28,6249,577.55,1200,109.2,-22533,-2055.69
300821.SZ,20251013,50213,4568.76,42719,3891.38,44714,4064.33,46423,4223.89,19608,1794.96,33265,3026.91,9096,827.47,1224,113.34,12818,1173.55
300821.SZ,20251010,34754,3212.72,34113,3154.41,37626,3478.86,37126,3434.12,19057,1763.32,20186,1865.36,1111,102.88,1123,103.88,-17629,-1621.93
300821.SZ,20251009,48795,4539.85,46505,4328.1,52391,4871.97,53340,4961.22,29252,2723.11,29770,2770.02,5446,507.31,6268,582.9,18425,1718.08
300821.SZ,20250930,45250,4175.25,34558,3190.07,45935,4239.91,43457,4008.36,19862,1834.56,29543,2727.88,1528,139.96,5017,463.38,-18371,-1687.92
300821.SZ,20250929,39977,3665.97,43765,4017.11,45169,4137.9,44743,4102.2,26194,2405.25,21573,1975.96,1383,127.51,2642,241.36,17122,1579.65
300821.SZ,20250926,40351,3705.19,28478,2616.93,39055,3589.21,36758,3376.68,13287,1219.27,23385,2144.34,0,0.0,4072,375.74,-11569,-1055.01
300821.SZ,20250925,41721,3894.97,30030,2805.95,45272,4226.81,38755,3616.1,22332,2081.54,36217,3378.66,1312,123.33,5635,525.94,-26583,-2473.63
300821.SZ,20250924,41789,3890.66,44831,4179.98,50651,4719.14,53174,4953.77,39840,3719.77,30889,2882.93,3982,375.33,7368,688.22,27060,2534.21
300821.SZ,20250923,66236,6094.51,41276,3799.45,64228,5915.88,67066,6174.36,29694,2733.56,44103,4064.54,1714,156.53,9426,862.13,-19489,-1797.44
300821.SZ,20250922,46713,4430.39,24659,2341.47,51832,4915.85,41239,3909.97,21256,2016.26,37900,3597.18,5540,526.92,21543,2040.81,-14433,-1362.73
300821.SZ,20250919,45939,4421.42,34354,3309.93,49036,4719.18,43637,4201.91,24460,2356.41,40523,3897.67,2920,280.96,3841,368.46,-30183,-2897.11
300821.SZ,20250918,84641,8252.99,70641,6891.86,90183,8795.62,82959,8100.11,48616,4766.59,58948,5760.68,6660,652.19,17553,1714.74,-53187,-5158.09
300821.SZ,20250917,71009,7028.32,61082,6055.93,74036,7332.68,78759,7800.55,38475,3821.78,45471,4504.4,9272,922.46,7479,744.35,-33200,-3253.19
300821.SZ,20250916,87176,8724.27,122413,12247.21,116363,11667.29,103047,10355.16,58865,5899.65,48435,4856.54,18138,1836.21,6647,668.52,-7769,-735.77
300821.SZ,20250915,67312,6603.97,46226,4543.05,61758,6062.45,54754,5377.54,26564,2610.16,46784,4585.75,3124,308.54,10994,1078.78,-37547,-3669.7
300821.SZ,20250912,71351,7085.12,59799,5943.4,74172,7366.61,70334,6985.78,36374,3613.29,53393,5302.86,6262,624.92,4633,457.9,-54198,-5374.93
300821.SZ,20250911,62718,6252.54,56874,5679.47,57250,5710.39,63996,6393.94,40927,4098.04,43819,4374.27,14115,1410.92,10321,1024.21,3919,424.64
300821.SZ,20250910,89140,8895.93,60538,6049.79,85386,8524.65,75429,7535.87,36428,3630.66,63221,6299.96,7360,737.69,19127,1903.31,-45442,-4525.73
300821.SZ,20250909,95482,9757.69,67923,6947.66,82739,8457.26,91649,9373.3,51939,5309.07,64161,6556.23,4405,451.51,10832,1098.33,-45091,-4585.85
300821.SZ,20250908,124669,12707.48,105033,10725.01,139971,14275.0,134167,13688.87,83984,8563.45,100829,10271.66,14765,1510.02,23360,2370.41,-38223,-3835.92
300821.SZ,20250905,142069,14356.1,182773,18456.74,173400,17512.33,212330,21433.35,170889,17268.75,129004,13058.03,54225,5491.43,16475,1680.49,184230,18658.17
300821.SZ,20250904,78393,7587.92,68231,6610.8,80834,7840.61,94016,9116.69,53451,5188.31,46607,4517.64,1651,157.01,5476,528.71,-1107,-62.26
300821.SZ,20250903,57055,5512.23,45183,4365.2,65969,6372.6,66337,6408.85,25961,2507.41,36116,3487.58,3298,317.75,4648,448.36,-21373,-2046.56
300821.SZ,20250902,78755,7749.39,74808,7375.85,99312,9783.51,85822,8465.62,52271,5163.41,63418,6235.3,3430,336.29,9719,955.82,-50768,-4971.14
300821.SZ,20250901,70524,6952.19,63781,6303.74,82434,8138.95,82723,8170.44,46567,4604.17,47687,4702.18,12689,1256.92,18023,1775.88,-1152,-86.77
300821.SZ,20250829,69615,6856.4,73380,7236.88,78524,7741.8,80521,7939.08,63391,6256.5,54977,5419.84,9322,919.08,11975,1177.98,6778,693.72
300821.SZ,20250828,109531,10651.58,66618,6481.74,102985,10026.61,101224,9847.23,56603,5516.06,84313,8209.75,3042,297.22,20007,1952.74,-24457,-2359.01
300821.SZ,20250827,179845,18144.36,86082,8688.61,168743,17039.74,156870,15835.0,80837,8169.02,150813,15208.31,11916,1198.54,47577,4819.75,-134329,-13516.43
300821.SZ,20250826,91724,9570.74,76704,8012.94,107332,11203.86,101682,10619.32,68628,7167.69,89068,9296.16,18947,1982.48,19175,1996.37,-67251,-6996.28
300821.SZ,20250825,104573,11132.43,128670,13713.84,152266,16216.06,156536,16672.69,124710,13286.86,109058,11608.29,28855,3077.01,16139,1717.54,50392,5393.1
300821.SZ,20250822,55439,5739.11,51721,5356.44,69078,7151.28,65267,6758.01,54599,5654.67,56537,5852.83,445,46.06,6036,623.82,4740,506.03
300821.SZ,20250821,74305,7700.92,58805,6101.92,72172,7483.51,76745,7957.83,42233,4378.51,50211,5204.78,16006,1659.37,18955,1957.79,-26787,-2765.75
300821.SZ,20250820,117733,12261.66,73646,7704.1,114270,11930.63,104783,10945.8,58803,6133.26,88535,9222.44,4874,512.69,28716,2965.9,-64787,-6722.19
300821.SZ,20250819,106235,11227.47,68167,7209.46,108512,11472.65,99926,10563.56,65192,6892.67,96329,10180.43,3970,418.84,19487,2058.18,-63932,-6736.97
300821.SZ,20250818,117841,12576.68,102237,10928.54,137514,14687.64,123538,13195.4,82050,8766.46,93441,9971.1,13116,1403.78,31305,3339.52,-809,-57.11
300821.SZ,20250815,93318,9841.02,81981,8651.36,98011,10339.95,108272,11424.13,73690,7774.4,70890,7471.76,25618,2704.7,29493,3112.83,26569,2818.54
300821.SZ,20250814,164353,17234.57,87540,9181.02,142391,14949.11,142880,15004.86,77929,8181.03,131732,13817.75,11459,1199.22,33980,3560.29,-125912,-13229.08
300821.SZ,20250813,123263,13268.71,75934,8184.18,131394,14152.56,125420,13510.84,74484,8022.3,97398,10480.93,8092,873.01,38481,4140.64,-39042,-4178.14
300821.SZ,20250812,203867,22318.18,123562,13533.26,203329,22272.39,179164,19622.13,111497,12194.79,141512,15490.64,14673,1605.71,89129,9745.04,-193566,-21178.46
300821.SZ,20250811,185008,20469.13,191777,21349.87,245194,27233.23,226402,25131.07,174762,19418.49,164123,18189.13,41873,4708.67,64536,7159.45,4144,671.25
300821.SZ,20250808,208723,23307.74,250688,28067.34,276211,30873.56,271862,30406.0,189845,21232.32,168870,18844.29,57924,6494.01,41283,4590.0,35230,4050.47
300821.SZ,20250807,234087,25589.19,218612,23968.48,266751,29199.36,267414,29281.99,181422,19889.15,175758,19204.79,75664,8283.88,96139,10506.33,-73926,-7991.48
300821.SZ,20250806,235932,25027.87,279358,29627.19,274689,29043.62,314700,33405.77,220819,23397.27,210574,22350.24,118975,12758.97,45783,4844.54,208208,22340.84
300821.SZ,20250805,122760,12497.17,126739,12903.1,129444,13184.66,120762,12299.9,84676,8615.34,95334,9705.64,21004,2140.24,15049,1528.78,-70710,-7172.95
300821.SZ,20250804,146061,14936.14,159912,16369.38,174919,17901.0,147076,15051.95,112021,11465.32,121983,12477.56,30351,3115.59,34381,3519.14,-83975,-8558.35
300821.SZ,20250801,285097,29724.39,277456,28913.3,258995,26992.22,331705,34573.3,216631,22612.2,199130,20813.18,89919,9383.27,42351,4412.33,137188,14285.53
300821.SZ,20250731,210553,21058.59,155208,15521.51,209302,20940.79,213131,21319.64,111046,11119.42,141234,14134.17,9447,943.86,30775,3087.33,-141055,-14025.89
300821.SZ,20250730,186867,19263.31,169908,17539.66,228931,23613.13,213676,22048.79,128917,13312.74,150826,15555.67,28844,2992.95,39149,4038.0,6562,749.38
300821.SZ,20250729,206691,20461.57,235429,23552.12,259919,25882.45,263142,26216.42,173016,17297.16,148210,14692.16,41957,4222.76,34802,3403.24,46974,5092.2
300821.SZ,20250728,122833,12048.97,97532,9583.86,108458,10647.02,120603,11841.18,60263,5923.89,73414,7205.98,10774,1061.88,10779,1050.73,-24274,-2352.87
300821.SZ,20250725,204001,20646.24,154228,15638.44,190694,19328.54,183236,18572.15,89622,9081.81,129985,13150.49,13652,1384.14,30520,3079.65,-106063,-10689.01
300821.SZ,20250724,213426,21695.12,189308,19306.72,242812,24707.35,237716,24175.88,146535,14939.58,173784,17665.66,38529,3903.74,40495,4097.54,-4154,-333.43
300821.SZ,20250723,300810,31520.65,253403,26645.97,355508,37346.28,361066,37913.57,252578,26537.01,300696,31587.13,73305,7738.55,67037,6995.81,-32737,-3295.62
300821.SZ,20250722,242352,23917.24,292340,29062.48,324163,32184.11,327527,32498.48,235480,23474.12,206757,20520.08,72287,7206.36,47658,4700.79,113941,11694.28
300821.SZ,20250721,166355,15819.65,121967,11616.97,194742,18530.69,203562,19366.21,120817,11472.84,151200,14341.15,26939,2533.59,32124,3032.44,-5433,-496.17
300821.SZ,20250718,156612,15657.86,109295,10995.27,179186,17967.76,172339,17281.86,96949,9737.35,129731,12985.27,20032,2022.64,41414,4123.2,-111150,-11028.3
300821.SZ,20250717,154264,15310.98,165180,16409.03,196909,19570.74,173412,17244.11,110950,11036.94,114454,11383.03,20161,2011.77,29237,2894.26,-75043,-7336.45
300821.SZ,20250716,151021,14675.11,146729,14336.56,174638,17007.9,186083,18136.51,120146,11737.41,116313,11313.69,28845,2836.72,25525,2470.39,40402,4071.69
300821.SZ,20250715,211778,21336.39,160353,16236.15,226891,22914.94,226632,22885.98,113219,11462.31,151067,15214.99,14659,1481.47,28495,2857.97,-142629,-14188.44
300821.SZ,20250714,201798,20580.69,196320,20095.29,244686,24995.7,246492,25203.43,160735,16447.52,152785,15577.08,23082,2363.69,34705,3511.79,-52803,-5191.42
300821.SZ,20250711,301791,31290.52,234267,24314.75,323718,33545.09,335211,34745.41,188664,19574.02,224560,23279.89,19115,1990.95,39251,4060.53,-99992,-10221.31
300821.SZ,20250710,389439,42001.28,345843,37349.75,500570,53941.34,472270,50872.7,333318,35939.67,338277,36424.79,50615,5452.51,117554,12687.55,91481,9918.72
300821.SZ,20250709,299433,29845.04,277211,27740.89,400792,40001.67,375684,37486.86,255970,25644.02,285758,28565.39,73612,7347.8,91155,9045.39,-57728,-5448.88
300821.SZ,20250708,327398,31659.36,338891,32692.26,426845,41074.55,472496,45689.49,310569,30001.24,291128,28250.81,105476,10478.73,67773,6581.32,130306,13148.56
300821.SZ,20250707,178081,15698.09,203317,17984.26,258017,22791.65,257617,22791.92,172480,15275.87,145029,12804.71,26257,2337.83,28870,2522.55,62451,5627.12
300821.SZ,20250704,199744,17609.53,159630,14108.77,239403,21154.03,261161,23030.38,132486,11736.99,168781,14953.92,54278,4829.37,36339,3236.83,-111672,-9799.03
300821.SZ,20250703,297237,26607.78,241818,21683.37,398907,35726.44,381072,34116.18,220383,19742.25,253705,22770.25,58414,5277.61,98347,8784.29,-98880,-8758.79
300821.SZ,20250702,164565,13640.18,290510,24828.17,243964,20405.26,378090,32585.09,221380,18715.73,251771,21993.28,346439,31589.11,55977,4943.74,74389,5678.56
300821.SZ,20250701,64660,5004.49,75813,5867.78,58607,4537.96,48367,3744.79,35018,2710.97,34079,2637.98,7004,540.81,7031,543.67,-43192,-3334.79
300821.SZ,20250630,72143,5602.62,97960,7633.92,86119,6709.6,82176,6408.92,68123,5322.74,59290,4623.2,17480,1374.99,4439,343.9,31735,2503.4
300821.SZ,20250627,71686,5515.44,48655,3743.72,48913,3765.14,57149,4397.54,29218,2247.93,39795,3062.04,0,0.0,4218,325.21,-24806,-1898.12
300821.SZ,20250626,73168,5692.09,79253,6171.12,82219,6404.39,74420,5793.97,49217,3837.02,46411,3614.98,1640,127.05,6160,480.48,9196,739.43
300821.SZ,20250625,92017,7081.96,77825,5999.27,84135,6480.86,76300,5880.99,54538,4203.68,65749,5065.04,12064,935.38,22881,1756.59,-248,-11.83
300821.SZ,20250624,57105,4327.42,40105,3039.45,54672,4144.59,46204,3501.5,32364,2453.64,53572,4061.54,2132,161.39,6392,484.56,-683,-43.96
300821.SZ,20250623,58668,4413.33,58202,4377.79,57692,4342.68,61310,4613.14,31043,2336.2,35827,2700.2,8693,655.92,758,57.0,2596,201.66
300821.SZ,20250620,62718,4684.46,74059,5532.22,60813,4548.46,54513,4074.79,40318,3013.07,50956,3815.55,15679,1176.57,0,0.0,19461,1469.32
300821.SZ,20250619,31320,2300.33,31414,2308.0,20730,1522.49,24087,1769.76,11732,862.67,8281,607.74,0,0.0,0,0.0,-828,-57.23
300821.SZ,20250618,32318,2385.23,42636,3145.79,27814,2056.56,20295,1502.18,10012,739.49,7213,533.31,0,0.0,0,0.0,-5540,-403.09
300821.SZ,20250617,20414,1505.89,23335,1721.53,15606,1151.06,10244,755.95,948,69.91,3388,249.38,0,0.0,0,0.0,3046,226.31
300821.SZ,20250616,25282,1859.38,22173,1630.61,12079,888.24,12616,927.75,5880,432.33,6452,474.57,0,0.0,2000,147.03,115,9.54
300821.SZ,20250613,29277,2150.61,28103,2065.05,16885,1239.8,16150,1186.21,7313,537.3,9222,676.45,0,0.0,0,0.0,-11013,-807.54
300821.SZ,20250612,24373,1801.88,23417,1731.5,15221,1125.58,15715,1161.88,3190,235.94,3652,270.02,0,0.0,0,0.0,-522,-36.33
300821.SZ,20250611,26478,1976.63,26291,1962.65,22903,1709.3,16111,1203.19,3041,227.17,10443,778.46,2000,149.47,1577,118.28,2614,198.33
300821.SZ,20250610,31315,2326.34,28920,2150.02,19333,1436.48,21062,1565.44,8437,628.03,11889,881.01,2786,205.61,0,0.0,-12675,-939.4
300821.SZ,20250609,34105,2540.7,26615,1983.0,17674,1316.7,20323,1514.21,7688,572.48,11170,831.76,0,0.0,1360,100.91,7872,587.25
300821.SZ,20250606,33082,2448.45,26082,1931.92,20270,1500.94,21239,1572.58,9546,708.42,12094,895.25,0,0.0,3483,258.06,7737,576.35
300821.SZ,20250605,26546,1945.62,28485,2087.15,18110,1327.54,17637,1293.03,6904,505.99,5438,398.96,0,0.0,0,0.0,-7934,-579.23
300821.SZ,20250604,23041,1697.32,20209,1490.72,18352,1351.37,23219,1709.18,8973,662.01,6995,514.99,57,4.19,0,0.0,-1921,-137.8
300821.SZ,20250603,21983,1603.7,24164,1762.48,15281,1114.19,15952,1163.51,9442,688.91,6589,480.81,0,0.0,0,0.0,381,28.46
300821.SZ,20250530,23465,1703.82,28583,2075.57,15125,1098.17,12211,886.85,6702,486.99,4498,326.56,0,0.0,0,0.0,-11764,-855.18
300821.SZ,20250529,30993,2262.38,28032,2045.57,16924,1235.73,20755,1516.51,4841,354.17,3971,290.2,0,0.0,0,0.0,7316,535.73
300821.SZ,20250528,34362,2504.76,37497,2731.2,22685,1652.62,17826,1300.35,6489,474.33,7891,575.2,2270,164.12,2592,189.06,-24428,-1777.74
300821.SZ,20250527,28330,2065.31,30599,2236.44,22392,1637.5,22421,1638.31,7570,557.43,5272,385.49,0,0.0,0,0.0,2103,160.1
300821.SZ,20250526,34333,2512.33,29832,2185.14,23931,1751.64,21295,1558.39,3318,243.52,10455,763.96,0,0.0,0,0.0,-8685,-634.78
300821.SZ,20250523,27506,2040.83,28435,2109.39,15331,1137.26,13195,979.56,4919,363.87,4226,312.3,0,0.0,1900,140.7,-4967,-365.6
300821.SZ,20250522,36125,2685.58,32412,2409.24,19052,1417.35,15591,1158.68,5259,391.44,7975,592.12,958,70.89,5416,405.22,-13406,-993.52
300821.SZ,20250521,20962,1580.82,19254,1452.13,12390,934.71,14170,1068.45,4049,304.97,3977,299.93,0,0.0,0,0.0,-8240,-618.85
300821.SZ,20250520,26136,1976.84,26121,1976.05,15896,1202.67,15480,1170.9,5370,406.01,5801,438.57,0,0.0,0,0.0,-2982,-223.85
300821.SZ,20250519,28768,2168.22,23940,1805.21,11713,883.49,10278,774.78,2347,177.61,8610,649.33,0,0.0,0,0.0,1979,152.06
300821.SZ,20250516,31301,2381.12,25499,1938.79,18027,1371.65,16903,1286.15,6721,510.1,9247,703.41,0,0.0,4400,334.52,-2603,-194.95
300821.SZ,20250515,33723,2587.17,29422,2258.48,19285,1480.93,22435,1722.55,4377,336.96,6928,532.39,1400,108.36,0,0.0,-2787,-210.14
300821.SZ,20250514,30432,2338.79,30409,2336.77,21424,1646.75,17919,1377.4,9834,756.23,13362,1027.62,0,0.0,0,0.0,3255,253.6
300821.SZ,20250513,32997,2533.16,39747,3053.12,23510,1806.3,19866,1525.76,13964,1073.34,10859,833.93,0,0.0,0,0.0,-1837,-136.62
300821.SZ,20250512,24256,1843.47,23852,1812.54,14416,1095.57,14676,1115.27,4756,361.5,4900,372.73,0,0.0,0,0.0,3022,231.51
300821.SZ,20250509,24367,1833.9,19524,1469.66,11232,844.83,14737,1108.68,5155,387.79,6493,488.17,0,0.0,0,0.0,-6478,-486.58
300821.SZ,20250508,29022,2194.75,26919,2037.0,17602,1332.09,21607,1634.86,7879,597.21,5977,452.19,0,0.0,0,0.0,2407,184.49
300821.SZ,20250507,38240,2879.28,35293,2658.43,25943,1952.84,21065,1585.93,7952,597.96,12147,913.11,0,0.0,3630,272.61,-2981,-220.85
300821.SZ,20250506,31848,2363.44,32987,2450.75,20499,1520.5,21285,1581.36,15114,1125.64,13188,977.48,0,0.0,0,0.0,21026,1564.65
300821.SZ,20250430,22649,1664.36,20080,1475.77,15648,1149.88,13530,993.96,4689,344.77,9376,689.28,0,0.0,0,0.0,-2016,-144.99
300821.SZ,20250429,25444,1862.08,22654,1657.23,16990,1243.46,16462,1204.64,5932,434.19,9250,677.86,0,0.0,0,0.0,12090,886.52
300821.SZ,20250428,30017,2153.45,24577,1763.73,16743,1201.26,15684,1124.93,5934,425.49,9834,705.19,971,69.62,3570,255.98,-929,-65.01
300821.SZ,20250425,25579,1866.17,23819,1738.04,12189,889.28,13942,1016.38,6699,488.01,6706,489.03,0,0.0,0,0.0,-7865,-571.47
300821.SZ,20250424,29737,2186.09,24001,1764.53,14272,1047.76,16605,1220.45,4630,340.99,8033,589.87,0,0.0,0,0.0,-9231,-676.79
300821.SZ,20250423,32391,2400.65,25337,1876.68,16442,1218.55,22119,1639.38,8271,612.19,9648,715.33,0,0.0,0,0.0,2814,212.85
300821.SZ,20250422,30370,2219.54,25146,1837.68,18662,1363.22,20933,1529.85,3221,234.9,6625,483.24,451,33.1,0,0.0,-5548,-401.51
300821.SZ,20250421,32209,2352.2,25989,1896.78,14424,1052.73,17127,1251.37,6076,444.27,6054,442.87,0,0.0,3539,258.19,5153,378.08
300821.SZ,20250418,28901,2083.3,33220,2394.72,16559,1192.41,18487,1332.94,7810,562.78,6976,501.69,5413,390.87,0,0.0,-13842,-994.33
300821.SZ,20250417,39587,2896.13,36924,2702.41,20134,1472.71,18656,1365.1,3837,281.35,7978,582.69,0,0.0,0,0.0,-7218,-525.0
300821.SZ,20250416,38232,2785.52,31141,2267.82,22550,1640.2,19984,1455.48,6731,490.55,14498,1053.91,0,0.0,1890,139.07,-7142,-520.9
300821.SZ,20250415,30511,2261.14,32257,2391.44,18625,1381.39,21141,1567.27,9068,673.08,8096,600.69,3290,243.78,0,0.0,-7252,-532.99
300821.SZ,20250414,35180,2607.96,33493,2483.68,21214,1572.65,22391,1660.18,11409,845.79,11919,882.54,0,0.0,0,0.0,-1021,-71.84
300821.SZ,20250411,42379,3111.18,31778,2333.73,25470,1869.55,28861,2119.66,13677,1005.99,19503,1431.75,0,0.0,1384,101.59,11835,873.74
300821.SZ,20250410,47314,3470.78,47495,3485.93,36378,2669.74,40027,2936.53,15258,1120.82,14376,1054.06,2948,215.17,0,0.0,-8120,-587.51
300821.SZ,20250409,72012,4993.76,77292,5381.74,51430,3582.93,43421,3020.16,17684,1238.6,20387,1411.57,0,0.0,26,1.81,2929,206.23
300821.SZ,20250408,98895,7002.61,86981,6162.61,44012,3123.16,46206,3273.99,17894,1269.34,22330,1583.87,0,0.0,5284,374.65,24328,1735.06
300821.SZ,20250407,104364,7526.54,88659,6371.12,70917,5030.31,71909,5167.05,31373,2242.59,37592,2650.23,0,0.0,8494,611.05,-20686,-1490.8
300821.SZ,20250403,32318,2656.07,28079,2308.92,26167,2150.51,27032,2221.87,8275,679.46,10883,892.91,0,0.0,766,62.35,-17462,-1428.39
300821.SZ,20250402,33070,2750.55,29316,2438.11,24325,2022.71,26420,2198.9,9794,816.12,11118,924.42,0,0.0,335,27.95,417,39.44
300821.SZ,20250401,45159,3751.37,41456,3441.57,33184,2754.08,32807,2724.43,11756,976.28,16779,1392.69,2189,180.89,1246,103.92,9682,813.15
300821.SZ,20250331,48178,3944.15,43854,3593.13,35867,2936.1,39433,3228.89,17653,1447.48,18033,1474.74,0,0.0,378,30.96,-20976,-1709.14
300821.SZ,20250328,58694,4929.48,51777,4345.26,60877,5112.17,54697,4593.51,29176,2451.2,28042,2359.56,1186,98.79,15417,1293.31,-56933,-4774.8
300821.SZ,20250327,68277,5822.06,72120,6165.9,73352,6263.41,83090,7102.83,50192,4298.56,46262,3945.8,14456,1243.92,4805,413.43,38367,3313.3
300821.SZ,20250326,57638,4875.72,56409,4771.93,58347,4936.73,65879,5575.24,41626,3523.85,37047,3136.98,5022,427.02,3298,279.17,35925,3045.98
300821.SZ,20250325,40818,3355.9,43377,3570.16,43772,3602.73,40481,3336.05,18237,1509.75,18692,1539.48,1226,100.41,1503,123.1,17821,1480.58
300821.SZ,20250324,46860,3813.7,34115,2778.0,39243,3196.1,42253,3437.64,9934,808.12,19669,1602.28,0,0.0,0,0.0,-9229,-752.74
300821.SZ,20250321,38808,3216.94,32831,2721.38,40688,3371.88,34337,2847.68,11472,952.44,25555,2116.77,3395,281.84,1640,137.27,-13445,-1106.33
300821.SZ,20250320,42049,3525.58,27216,2281.9,43461,3642.93,35461,2973.66,17445,1463.66,40456,3392.29,2952,248.1,2774,232.43,-25695,-2149.81
300821.SZ,20250319,45642,3851.63,44250,3737.69,55579,4691.54,46727,3944.29,24569,2075.84,29834,2517.68,2000,168.8,6979,588.15,-24259,-2036.79
300821.SZ,20250318,45407,3884.9,55485,4746.75,59419,5081.5,44422,3800.54,26074,2230.21,30383,2596.44,5098,435.03,5708,487.9,-27286,-2327.42
300821.SZ,20250317,74191,6331.03,89856,7670.56,92698,7915.89,94909,8104.32,51916,4445.9,45571,3893.42,14254,1210.09,2723,234.6,-1544,-94.81
300821.SZ,20250314,47350,3961.94,38451,3219.87,39279,3283.7,46629,3900.56,18636,1562.7,21626,1809.68,1441,121.76,0,0.0,22425,1894.6
300821.SZ,20250313,54175,4518.09,63096,5267.94,58978,4918.62,44350,3700.5,31892,2664.72,31813,2655.06,214,17.83,6000,495.75,-43056,-3594.53
300821.SZ,20250312,61217,5223.93,51419,4390.26,60187,5137.7,64852,5539.62,40905,3497.28,44367,3788.25,2332,199.36,4004,340.14,1227,122.17
300821.SZ,20250311,46378,3906.71,65703,5545.46,52285,4411.19,49223,4152.39,32890,2781.26,19190,1617.58,2563,216.27,0,0.0,4750,409.95
300821.SZ,20250310,40377,3390.24,41700,3501.46,47824,4018.33,35716,3000.44,19666,1658.31,25781,2171.0,1987,165.72,6657,559.69,-15983,-1333.27
300821.SZ,20250307,48890,4118.25,51182,4314.44,60795,5125.94,57288,4830.75,36997,3120.39,39621,3339.83,6833,578.07,5425,457.63,2992,261.1
300821.SZ,20250306,48962,4101.66,39586,3317.72,51823,4342.9,48056,4028.0,28028,2349.96,43406,3636.7,6813,571.39,4579,383.48,-8180,-681.83
300821.SZ,20250305,64995,5423.32,43818,3655.87,48432,4041.82,47005,3923.14,21910,1828.1,35882,2995.17,1526,128.93,10158,847.99,-15037,-1255.04
300821.SZ,20250304,68478,5803.47,40051,3397.86,56325,4772.14,49893,4230.39,31386,2662.28,57019,4831.27,0,0.0,9226,778.36,-12547,-1049.87
300821.SZ,20250303,67754,5857.21,54477,4718.54,66317,5737.64,61531,5324.92,33766,2929.35,45968,3975.88,0,0.0,5861,504.87,2627,245.99
300821.SZ,20250228,56800,4873.91,45091,3874.4,49254,4231.01,45007,3864.73,16510,1419.41,26512,2278.06,0,0.0,5954,507.15,-17203,-1471.3
300821.SZ,20250227,57337,4975.03,45493,3952.02,46844,4066.75,56740,4926.24,27084,2355.98,23796,2065.46,0,0.0,5236,454.05,-19690,-1701.99
300821.SZ,20250226,66785,5849.58,54500,4779.64,52555,4607.6,64814,5682.65,31800,2789.25,26850,2351.94,6365,559.21,11342,991.4,-17744,-1546.06
300821.SZ,20250225,69590,6078.22,56096,4903.19,68509,5984.52,58050,5072.08,29234,2555.36,51654,4510.37,2121,186.03,3654,318.5,-31968,-2781.97
300821.SZ,20250224,69996,6146.22,79964,7040.75,86158,7576.67,84058,7393.35,46675,4107.57,40844,3584.35,14025,1238.12,11988,1050.13,-30786,-2689.86
300821.SZ,20250221,150856,13356.29,99204,8790.92,132854,11763.99,123109,10909.42,69942,6192.04,101858,9015.68,19335,1716.51,48815,4312.81,-49017,-4317.61
300821.SZ,20250220,145174,12849.88,196087,17431.16,195801,17366.53,223642,19869.32,160417,14323.99,107771,9600.06,44613,4026.71,18506,1666.57,75147,6680.84
300821.SZ,20250219,57088,4742.99,77405,6440.36,77334,6439.2,75317,6260.9,57258,4761.3,35841,2985.5,4499,379.29,7617,636.03,11453,974.76
300821.SZ,20250218,55664,4579.67,52424,4317.94,53448,4398.68,49090,4037.36,17191,1413.06,25475,2095.94,4000,329.6,3314,269.76,-17754,-1455.6
300821.SZ,20250217,65009,5367.98,72968,6030.67,59725,4936.05,48317,3994.75,32684,2705.76,27807,2298.23,0,0.0,8326,686.15,-11494,-937.8
300821.SZ,20250214,61914,5176.6,58387,4884.34,53056,4434.52,50345,4207.45,22656,1895.22,28895,2414.56,0,0.0,0,0.0,-10860,-896.91
300821.SZ,20250213,111491,9502.77,89492,7628.05,80138,6836.24,81566,6954.63,35971,3065.88,57561,4914.44,4255,366.02,3235,273.78,-46307,-3933.09
300821.SZ,20250212,175538,15520.92,195255,17298.67,189786,16832.87,182962,16227.0,115214,10244.05,103675,9193.26,20699,1847.75,19345,1726.67,47980,4358.54
300821.SZ,20250211,98908,8045.01,142786,11709.84,127574,10480.73,129200,10582.54,89017,7338.7,51545,4233.78,14815,1220.27,6784,558.54,31309,2643.02
300821.SZ,20250210,36717,2870.39,44135,3451.04,31334,2450.67,30765,2406.65,11501,901.17,8934,699.44,4282,334.91,0,0.0,-9105,-708.16
300821.SZ,20250207,43543,3393.61,43845,3416.32,31367,2445.71,26982,2103.21,13028,1016.18,19555,1525.35,2500,193.75,56,4.37,3553,282.94
300821.SZ,20250206,30997,2373.67,30784,2355.94,19965,1529.3,20976,1608.5,8358,642.41,9060,696.29,1500,115.35,0,0.0,8497,655.11
300821.SZ,20250205,33510,2558.82,41983,3205.19,22179,1691.7,18629,1422.05,10353,790.03,5430,413.31,0,0.0,0,0.0,-2826,-211.63
300821.SZ,20250127,28863,2218.33,30943,2378.66,19242,1479.17,15690,1206.24,2223,171.28,3695,283.88,0,0.0,0,0.0,-5770,-438.7
300821.SZ,20250124,34583,2633.08,31768,2416.33,22479,1709.27,23299,1773.62,1487,113.48,3482,265.89,0,0.0,0,0.0,17131,1306.14
300821.SZ,20250123,33034,2522.5,31937,2438.14,19985,1525.49,18437,1408.7,6432,492.43,7577,579.59,0,0.0,1500,114.0,-2665,-195.75
300821.SZ,20250122,27133,2043.93,24095,1814.32,12381,932.29,13902,1047.73,1978,148.68,3495,262.85,0,0.0,0,0.0,-1356,-100.27
300821.SZ,20250121,26520,2002.54,29951,2261.4,12483,943.15,10301,778.26,1779,134.4,2030,153.68,1500,113.25,0,0.0,4484,338.8
300821.SZ,20250120,26835,2043.22,27954,2128.1,15680,1193.12,14044,1069.14,4244,323.15,4761,362.26,0,0.0,0,0.0,1749,135.04
300821.SZ,20250117,29569,2222.64,24355,1829.17,13847,1041.08,16869,1268.77,3435,259.2,4127,311.73,0,0.0,1500,113.25,6280,475.92
300821.SZ,20250116,33135,2492.88,38701,2909.72,19944,1499.14,16556,1245.83,3769,284.61,3091,232.96,1500,111.89,0,0.0,-10040,-747.22
300821.SZ,20250115,30621,2293.84,31774,2379.75,13688,1024.95,12388,927.67,3038,226.92,3185,238.28,0,0.0,0,0.0,-9125,-682.24
300821.SZ,20250114,36990,2763.97,35938,2682.98,18030,1347.97,21981,1644.44,10981,821.93,8082,606.45,0,0.0,0,0.0,11097,833.13
300821.SZ,20250113,37030,2691.05,33655,2445.61,10038,730.09,13354,970.93,2366,171.81,2425,176.41,0,0.0,0,0.0,7278,531.99
300821.SZ,20250110,28202,2082.4,28764,2124.7,13733,1012.79,11110,819.97,3021,223.77,5082,374.3,0,0.0,0,0.0,-8776,-645.23
300821.SZ,20250109,26275,1968.07,30887,2313.08,22019,1649.55,15931,1193.93,3405,255.51,4881,366.13,0,0.0,0,0.0,471,37.09
300821.SZ,20250108,33694,2482.12,40417,2978.18,22594,1660.8,15710,1156.52,3122,230.33,5637,413.46,2354,174.9,0,0.0,-10202,-749.05
300821.SZ,20250107,29892,2227.74,40695,3032.13,21852,1627.74,17543,1306.58,9964,741.58,3470,258.35,0,0.0,0,0.0,1142,87.33
300821.SZ,20250106,44094,3253.73,42137,3108.92,20583,1519.42,19897,1470.07,2415,178.45,7122,526.34,2064,153.73,0,0.0,9682,716.04
300821.SZ,20250103,46571,3459.9,49091,3653.05,31557,2347.3,27703,2059.07,4312,321.48,5421,401.0,1500,113.82,1725,129.38,3778,287.22
300821.SZ,20250102,46071,3511.23,42402,3230.86,21949,1670.21,22874,1739.6,3787,286.2,6429,489.43,0,0.0,102,7.75,-8645,-650.77
300821.SZ,20241231,37676,2966.83,30634,2413.57,15546,1224.1,19442,1532.36,4222,333.54,7369,578.54,0,0.0,0,0.0,-9664,-762.81
300821.SZ,20241230,25920,2077.2,28165,2256.86,16406,1313.76,14695,1177.07,4089,327.35,3555,284.37,0,0.0,0,0.0,-6459,-515.64
300821.SZ,20241227,29574,2398.1,27661,2241.31,23621,1913.99,19926,1616.43,4040,328.23,9490,769.71,0,0.0,158,12.86,7181,586.57
300821.SZ,20241226,25304,2038.76,25684,2070.08,13036,1050.96,12970,1045.36,7502,605.33,5688,458.4,0,0.0,1500,121.2,940,77.6
300821.SZ,20241225,34724,2775.61,34402,2750.7,20513,1638.87,19129,1530.06,5605,449.49,5811,464.39,0,0.0,1500,118.83,-7150,-573.78
300821.SZ,20241224,28028,2276.56,28611,2324.24,22599,1836.69,21304,1730.81,5747,466.0,6763,548.77,304,24.56,0,0.0,3044,252.31
300821.SZ,20241223,39057,3167.05,35335,2866.21,22751,1843.96,26936,2181.97,5063,409.76,5868,474.79,1268,102.2,0,0.0,-11242,-910.34
300821.SZ,20241220,23755,1957.55,24594,2026.44,18055,1487.77,13879,1143.95,3666,302.01,5503,453.35,0,0.0,1500,123.6,-3178,-260.13
300821.SZ,20241219,32713,2662.97,32945,2679.35,24585,1999.34,21806,1775.82,8155,661.48,12202,991.32,1500,122.7,0,0.0,-5433,-434.81
300821.SZ,20241218,28890,2385.21,32469,2680.01,25248,2083.52,19320,1595.14,5833,481.66,6682,551.34,0,0.0,1500,123.9,-7097,-581.95
300821.SZ,20241217,39733,3300.67,39355,3266.77,24339,2020.21,22633,1879.46,4934,408.38,7018,583.04,0,0.0,0,0.0,-7478,-619.21
300821.SZ,20241216,43352,3654.87,32990,2780.86,26898,2265.43,29662,2498.99,2127,179.45,11225,945.74,1500,125.85,0,0.0,-8337,-700.99
300821.SZ,20241213,47307,4047.23,47732,4084.84,40886,3500.04,36213,3099.45,15562,1332.79,15885,1360.29,0,0.0,3925,335.47,-16955,-1452.16
300821.SZ,20241212,36083,3125.25,37588,3254.24,31455,2725.21,30035,2602.87,13329,1153.16,13675,1183.88,431,37.37,0,0.0,-158,-3.62
300821.SZ,20241211,41954,3637.11,36550,3167.91,30362,2631.73,29765,2581.28,8876,768.99,13495,1168.96,78,6.76,1460,126.44,-5636,-484.54
300821.SZ,20241210,60952,5314.96,51938,4532.58,36701,3203.18,39456,3441.12,13671,1190.19,22930,1998.27,3000,263.64,0,0.0,-5920,-507.28
300821.SZ,20241209,47751,4103.55,50896,4374.9,38451,3308.94,35138,3023.89,14082,1213.48,14818,1275.92,568,48.73,0,0.0,5559,487.42
300821.SZ,20241206,54753,4630.96,50077,4233.14,39866,3369.63,40391,3419.87,9688,824.26,12537,1060.6,1998,170.99,3300,282.22,1503,146.72
300821.SZ,20241205,36329,3068.29,30483,2573.97,20392,1721.79,19782,1671.34,4216,356.31,10632,897.68,1460,123.95,1500,127.35,2635,224.07
300821.SZ,20241204,39563,3340.93,38909,3286.07,32955,2785.18,31743,2681.22,13341,1126.02,15207,1284.85,0,0.0,0,0.0,-19550,-1649.54
300821.SZ,20241203,39794,3410.21,37782,3238.02,29185,2499.9,25307,2169.07,8543,731.32,13054,1117.05,0,0.0,1379,117.3,-3458,-289.4
300821.SZ,20241202,46929,4015.29,41606,3560.87,32454,2778.3,36845,3153.26,10793,925.28,13163,1127.31,2612,223.65,1174,101.08,5928,511.37
300821.SZ,20241129,52980,4423.74,40928,3416.14,29727,2477.03,35856,2994.34,12589,1048.6,13341,1112.38,0,0.0,5171,426.5,8968,752.78
300821.SZ,20241128,38775,3248.69,36408,3050.2,25987,2177.56,27333,2289.83,7879,659.5,9068,760.43,1500,125.4,1332,110.69,-11649,-974.08
300821.SZ,20241127,68896,5645.71,57354,4697.26,36091,2951.57,44507,3647.79,13131,1073.07,14865,1211.71,0,0.0,1392,113.59,-3350,-259.17
300821.SZ,20241126,56606,4761.29,42084,3540.57,36808,3097.77,39682,3336.7,11601,976.03,15130,1273.01,0,0.0,8119,684.81,-23231,-1955.86
300821.SZ,20241125,47206,4025.59,43942,3749.62,37524,3202.62,37709,3220.6,12284,1051.22,13297,1134.14,1206,102.39,3272,277.46,-1048,-84.79
300821.SZ,20241122,70446,6153.18,50229,4382.7,55083,4805.23,55933,4886.84,14834,1297.01,29005,2536.37,0,0.0,5196,449.51,-27627,-2397.77
300821.SZ,20241121,73985,6634.17,73675,6613.5,71984,6460.36,67417,6050.48,40452,3636.24,46332,4163.81,5250,477.02,4247,380.0,-4100,-353.83
300821.SZ,20241120,98606,8749.9,110495,9815.5,99474,8829.56,98690,8770.01,57154,5084.46,51883,4603.94,12167,1086.47,6333,560.93,-4335,-365.75
300821.SZ,20241119,112861,9616.82,115756,9896.33,105457,9030.69,106454,9109.5,53760,4617.03,52632,4496.95,6122,524.07,3358,285.82,11912,1060.91
300821.SZ,20241118,111997,9739.99,159107,13820.82,122108,10644.69,94415,8253.52,56806,4948.66,44183,3856.32,8194,716.18,1400,118.86,-22647,-1884.35
300821.SZ,20241115,43713,3708.89,40218,3415.15,30467,2586.63,28583,2425.08,10111,859.4,17123,1454.39,1634,139.71,0,0.0,-10695,-901.73
300821.SZ,20241114,46907,4061.79,46747,4051.51,37850,3277.56,33605,2911.26,10978,948.42,14163,1220.56,0,0.0,1220,104.43,-28315,-2453.13
300821.SZ,20241113,48916,4284.32,42051,3683.29,41223,3609.76,41801,3662.88,11518,1009.49,16496,1442.37,0,0.0,1309,115.02,-9927,-862.04
300821.SZ,20241112,66571,5923.79,57187,5092.57,54755,4868.59,51186,4555.62,20285,1804.6,26591,2360.74,0,0.0,6647,588.05,-37417,-3323.03
300821.SZ,20241111,54015,4792.7,63009,5597.63,54997,4885.69,54325,4827.75,28588,2543.08,25444,2256.63,8063,716.11,2885,255.56,6822,612.55
300821.SZ,20241108,68451,6033.33,59621,5257.2,57941,5112.95,55905,4932.81,23723,2093.95,26491,2337.5,1841,161.81,9939,874.53,-8728,-758.45
300821.SZ,20241107,50580,4400.45,47202,4107.26,47828,4163.76,45372,3950.95,24840,2163.74,28332,2467.27,2510,218.24,4852,420.72,19069,1665.94
300821.SZ,20241106,61257,5300.99,56962,4932.74,50916,4410.75,48580,4208.18,15954,1383.5,20369,1762.09,254,22.02,2470,214.26,-3688,-311.5
300821.SZ,20241105,55048,4687.57,52379,4460.11,39321,3348.68,48354,4121.18,18066,1545.66,14122,1208.37,2420,207.76,0,0.0,21293,1819.64
300821.SZ,20241104,41910,3472.59,33533,2778.99,23644,1959.14,22588,1872.95,8771,726.72,10590,875.57,1296,107.96,8910,738.9,3058,256.55
300821.SZ,20241101,59395,4927.02,54684,4542.23,41351,3436.04,40653,3373.61,11854,985.7,15742,1306.88,0,0.0,1520,126.05,-14713,-1218.3
300821.SZ,20241031,57536,4852.92,51502,4344.18,38400,3237.19,44925,3789.72,16040,1354.59,13750,1159.3,1751,148.65,3550,300.15,-6247,-519.72
300821.SZ,20241030,56144,4705.99,46880,3929.62,33196,2781.08,35695,2989.04,16263,1361.73,20132,1687.1,0,0.0,2896,243.03,-8487,-701.37
300821.SZ,20241029,71048,6074.15,56560,4840.58,55124,4721.87,48833,4182.07,22553,1928.86,33878,2900.8,0,0.0,9454,801.44,-22216,-1904.17
300821.SZ,20241028,72166,6228.85,61314,5294.85,65967,5696.33,63217,5459.36,26750,2310.6,32768,2825.35,0,0.0,7584,656.22,-12329,-1055.5
300821.SZ,20241025,96261,8251.88,93396,8010.49,80214,6868.09,95531,8183.29,59001,5059.21,44847,3840.67,5345,459.83,7046,604.56,46098,3949.84
300821.SZ,20241024,73055,5996.93,73186,6010.09,66265,5438.68,54217,4453.28,30324,2488.19,29286,2403.0,1642,133.62,14596,1191.05,-20862,-1697.39
300821.SZ,20241023,74857,6231.74,111678,9319.33,85858,7159.7,89409,7456.53,48733,4069.73,29957,2499.83,21597,1814.51,0,0.0,-3483,-290.38
300821.SZ,20241022,47472,3821.79,43235,3482.6,36672,2953.92,34122,2747.55,10432,839.72,17219,1385.27,0,0.0,0,0.0,-15650,-1253.83
300821.SZ,20241021,69112,5608.19,60394,4904.45,53328,4331.92,53474,4341.93,15497,1258.6,24277,1971.46,1708,141.08,1500,121.95,-2121,-168.77
300821.SZ,20241018,87981,6917.76,64909,5102.88,40513,3187.45,58758,4634.21,25778,2032.99,24863,1956.03,0,0.0,5742,445.08,41496,3267.01
300821.SZ,20241017,49034,3795.99,43054,3337.38,26368,2040.62,25021,1937.08,9178,712.08,12005,928.91,0,0.0,4500,345.32,-10254,-790.0
300821.SZ,20241016,53337,4135.83,49901,3868.47,24814,1921.09,27309,2118.25,15954,1238.5,19107,1480.78,2212,172.07,0,0.0,-8633,-668.08
300821.SZ,20241015,78421,6168.83,60438,4752.25,33056,2597.39,42856,3367.72,10581,832.82,16764,1322.26,0,0.0,2000,156.81,-14140,-1098.63
300821.SZ,20241014,89019,6991.8,57072,4481.37,43806,3444.89,56687,4460.67,19427,1532.09,34587,2719.76,3500,276.75,7407,583.73,1396,123.92
300821.SZ,20241011,82908,6620.74,81940,6554.98,56977,4554.92,49837,3983.1,19815,1573.24,23868,1888.37,1933,153.09,5989,475.54,-15495,-1236.21
300821.SZ,20241010,82961,7085.53,82950,7081.74,62510,5330.77,58587,4993.39,23197,1976.61,32572,2778.89,7116,601.85,1675,140.73,-30632,-2591.78
300821.SZ,20241009,124532,11103.69,100563,8975.28,98981,8836.28,95512,8515.95,49528,4422.9,71041,6354.03,7031,623.45,12956,1141.07,-35207,-3125.3
300821.SZ,20241008,123738,11399.72,117056,10802.26,133031,12333.0,135412,12513.68,86618,8064.08,83810,7786.28,21812,1975.33,28922,2669.9,4598,430.39
300821.SZ,20240930,132023,10306.01,116997,9216.67,89420,7046.79,94347,7422.54,53067,4197.31,62378,4870.48,5650,455.04,6438,495.47,45335,3557.47
300821.SZ,20240927,66551,4679.59,63893,4495.38,39577,2786.99,45246,3178.59,20753,1458.62,17742,1251.23,0,0.0,0,0.0,16397,1154.64
300821.SZ,20240926,43300,2860.42,36117,2383.92,20670,1365.17,24954,1647.57,5999,395.9,8898,590.01,0,0.0,0,0.0,20743,1378.77
300821.SZ,20240925,37378,2457.61,35159,2311.62,21327,1401.85,23284,1530.14,6900,453.51,7162,471.21,0,0.0,0,0.0,-2593,-167.92
300821.SZ,20240924,60985,3871.96,37785,2399.48,22834,1450.9,24895,1581.6,7094,452.91,28233,1794.7,0,0.0,0,0.0,33413,2128.22
300821.SZ,20240923,16869,1041.89,19411,1198.75,6957,429.38,4363,269.29,1378,84.95,1430,88.18,0,0.0,0,0.0,-494,-29.04
300821.SZ,20240920,20387,1262.14,22692,1404.55,9271,573.52,6959,430.63,4717,291.47,5376,332.17,652,40.23,0,0.0,-2857,-175.35
300821.SZ,20240919,29879,1851.98,22277,1378.09,9243,572.24,13347,829.15,3086,192.06,6584,409.03,0,0.0,0,0.0,8148,508.2
300821.SZ,20240918,20263,1230.29,21735,1322.03,9113,553.86,7776,471.99,3332,203.05,3197,193.19,0,0.0,0,0.0,-9604,-583.3
300821.SZ,20240913,19970,1237.33,22517,1394.81,10421,645.63,9454,585.21,5303,327.35,3723,230.29,0,0.0,0,0.0,-5766,-356.1
300821.SZ,20240912,22551,1418.26,20526,1290.71,7188,451.41,8998,565.85,1850,116.55,4068,255.64,2003,125.99,0,0.0,2098,134.03
300821.SZ,20240911,26821,1687.07,22263,1399.46,11229,706.46,13727,864.2,5336,336.1,7396,465.97,0,0.0,0,0.0,2900,184.33
300821.SZ,20240910,22700,1407.24,25662,1589.32,12269,759.62,11287,700.17,5002,309.71,3022,187.07,0,0.0,0,0.0,-6710,-412.41
300821.SZ,20240909,23147,1442.42,25002,1557.9,8990,560.66,8732,544.51,2949,183.71,1352,84.39,0,0.0,0,0.0,-1646,-101.02
300821.SZ,20240906,36958,2332.76,29218,1843.22,16381,1033.66,15287,965.11,6301,396.85,13131,827.09,0,0.0,2004,127.86,-17060,-1076.0
300821.SZ,20240905,18586,1203.8,21818,1413.16,9043,585.64,10203,661.66,4595,297.3,2050,132.46,1847,120.54,0,0.0,-2860,-183.1
300821.SZ,20240904,22370,1452.02,19882,1290.13,10456,678.68,11387,739.18,457,29.57,2014,130.95,0,0.0,0,0.0,1695,112.12
300821.SZ,20240903,24099,1563.54,23047,1494.74,11470,745.03,10404,676.52,1341,86.95,3459,224.27,0,0.0,0,0.0,1308,87.95
300821.SZ,20240902,27298,1766.17,30170,1951.53,13662,883.16,10611,686.26,3429,221.69,3608,233.24,0,0.0,0,0.0,-5180,-333.01
300821.SZ,20240830,43812,2849.6,38060,2475.69,18858,1225.79,23474,1526.75,7074,461.08,7647,497.32,0,0.0,563,36.71,13305,865.86
300821.SZ,20240829,35393,2224.87,38848,2442.74,21013,1321.93,20227,1272.27,6903,431.74,4322,269.11,88,5.59,0,0.0,-3144,-187.4
300821.SZ,20240828,20859,1310.73,21010,1320.49,9304,584.17,11722,737.14,5086,322.06,2517,159.34,0,0.0,0,0.0,3507,223.05
300821.SZ,20240827,23323,1457.2,24607,1537.83,11151,696.15,9746,608.84,796,49.88,2732,171.25,1815,114.71,0,0.0,-4469,-279.12
300821.SZ,20240826,27288,1712.02,23440,1470.91,10756,674.27,13759,862.98,2690,168.9,3536,221.3,0,0.0,0,0.0,9863,617.48
300821.SZ,20240823,21547,1318.58,19193,1175.25,8451,517.76,9766,597.4,2311,141.76,3350,205.44,0,0.0,0,0.0,293,19.46
300821.SZ,20240822,29693,1837.14,21025,1302.54,12017,744.59,16603,1027.12,3257,201.15,7107,438.82,0,0.0,232,14.41,-4838,-300.61
300821.SZ,20240821,27327,1729.57,22002,1393.38,10380,656.52,14416,912.56,1125,71.35,2413,151.5,0,0.0,0,0.0,-2465,-153.0
300821.SZ,20240820,28125,1801.38,22249,1427.38,11975,769.32,16049,1028.09,3272,210.21,5074,325.43,0,0.0,0,0.0,-6950,-443.41
300821.SZ,20240819,22469,1469.29,18440,1206.42,11482,749.57,12795,835.24,1132,73.65,3848,250.84,0,0.0,0,0.0,-2321,-149.19
300821.SZ,20240816,19425,1280.72,18663,1229.43,10769,709.58,6040,397.59,2145,141.03,7636,504.31,0,0.0,0,0.0,-5005,-327.92
300821.SZ,20240815,25720,1701.83,23691,1565.95,11028,727.78,14761,976.63,6313,416.52,4609,303.55,0,0.0,0,0.0,2109,145.36
300821.SZ,20240814,19756,1303.86,24897,1641.71,11136,734.39,9110,600.63,5645,370.91,2530,166.83,0,0.0,0,0.0,-8657,-568.96
300821.SZ,20240813,16235,1075.26,17556,1163.31,8415,559.15,10171,675.04,5535,367.77,2458,163.82,0,0.0,0,0.0,6161,411.81
300821.SZ,20240812,20043,1325.29,18515,1224.5,8795,581.08,9474,626.29,1812,119.9,2661,175.47,0,0.0,0,0.0,-5066,-333.74
300821.SZ,20240809,23589,1584.3,22534,1513.82,13340,896.24,11982,805.74,2342,157.03,4317,288.62,0,0.0,438,29.39,-2337,-154.64
300821.SZ,20240808,19980,1329.54,19404,1290.68,9078,603.36,10612,706.99,3598,240.47,2640,175.69,0,0.0,0,0.0,3002,204.78
300821.SZ,20240807,24720,1642.85,24944,1655.98,9181,609.2,7485,496.98,3491,230.31,4963,329.4,0,0.0,0,0.0,-4300,-281.96
300821.SZ,20240806,26538,1756.65,22776,1507.63,10607,702.4,14631,968.35,4094,271.42,2041,135.4,0,0.0,1791,119.1,5463,364.69
300821.SZ,20240805,31971,2119.41,34826,2309.78,15417,1020.85,14602,966.89,4979,331.5,2939,195.09,0,0.0,0,0.0,-11735,-771.99
300821.SZ,20240802,26168,1771.36,24217,1638.62,15550,1052.45,12716,860.08,2561,172.86,7346,497.97,0,0.0,0,0.0,-515,-31.26
300821.SZ,20240801,24259,1660.19,23106,1582.17,12977,888.52,14743,1010.2,6719,461.16,6106,417.51,0,0.0,0,0.0,-5131,-348.45
300821.SZ,20240731,39772,2683.59,32502,2191.47,18840,1271.07,18719,1261.87,8578,579.4,14469,979.15,0,0.0,1500,101.57,21974,1486.65
300821.SZ,20240730,27679,1815.49,21831,1430.4,9205,604.44,13586,891.46,2931,191.2,4398,289.27,0,0.0,0,0.0,7807,517.28
300821.SZ,20240729,23065,1502.77,23502,1532.22,12117,788.74,7179,467.63,2980,193.45,4481,291.36,0,0.0,3000,193.75,-4698,-305.39
300821.SZ,20240726,27942,1831.48,26014,1705.32,11227,736.15,14025,919.59,4080,267.73,3210,210.46,0,0.0,0,0.0,9211,605.41
300821.SZ,20240725,26754,1709.96,24386,1558.55,11806,755.15,13447,860.31,1314,84.39,2041,130.64,0,0.0,0,0.0,3752,241.43
300821.SZ,20240724,30669,1960.26,27397,1751.92,13904,887.76,12985,829.44,3178,202.91,4369,278.48,0,0.0,3000,191.1,-4473,-285.57
300821.SZ,20240723,30525,2005.39,31253,2055.56,20732,1362.66,18646,1224.98,3225,212.69,4583,300.2,0,0.0,0,0.0,-23638,-1551.41
300821.SZ,20240722,22454,1506.55,21023,1410.87,12051,808.26,9914,665.27,3125,209.82,6693,448.48,0,0.0,0,0.0,-4324,-288.18
300821.SZ,20240719,26204,1754.32,29307,1960.49,14356,960.78,14707,983.48,8000,535.19,6546,439.31,2000,132.99,0,0.0,-288,-12.34
300821.SZ,20240718,35564,2357.84,31686,2102.64,16112,1067.82,15606,1035.19,3603,239.35,7987,527.19,0,0.0,0,0.0,-1991,-128.83
300821.SZ,20240717,30931,2087.19,29430,1986.19,16093,1086.19,15177,1024.62,7841,530.09,8042,542.62,0,0.0,2216,150.03,3117,213.09
300821.SZ,20240716,30565,2057.34,34593,2327.47,19659,1321.86,17017,1144.88,5093,342.49,3707,249.34,0,0.0,0,0.0,-10994,-738.02
300821.SZ,20240715,30757,2113.13,33354,2292.09,18694,1283.94,16739,1150.27,4536,312.11,3894,266.82,0,0.0,0,0.0,-12757,-875.34
300821.SZ,20240712,38015,2651.77,35131,2452.12,18718,1305.39,20696,1443.92,9665,674.41,10571,735.53,0,0.0,0,0.0,-868,-57.09
300821.SZ,20240711,86524,6016.82,67064,4659.97,37191,2582.71,51538,3577.99,22434,1560.78,27422,1911.69,1596,109.65,1721,120.3,18123,1264.65
300821.SZ,20240710,85897,5807.38,86890,5879.16,68232,4616.33,50852,3438.71,17346,1172.39,29617,1999.27,0,0.0,4116,278.96,-30910,-2074.3
300821.SZ,20240709,91636,6252.57,104368,7135.59,70283,4814.3,68399,4678.42,35733,2449.55,27219,1867.85,6164,423.09,3830,257.67,21203,1464.79
300821.SZ,20240708,49704,3328.41,65512,4388.1,32112,2154.97,22662,1530.56,14538,983.88,10180,685.41,2000,136.8,0,0.0,-9146,-605.32
300821.SZ,20240705,26598,1775.42,24442,1630.22,9174,613.03,11650,778.56,2936,195.79,2616,175.46,0,0.0,0,0.0,748,51.54
300821.SZ,20240704,29043,1947.5,30602,2052.62,13619,913.51,13352,894.4,4916,329.05,3624,243.04,0,0.0,0,0.0,-8278,-554.44
300821.SZ,20240703,30818,2099.25,32272,2199.01,15887,1082.02,13113,893.89,8002,543.64,3148,214.51,6,0.41,6180,417.91,3086,210.38
300821.SZ,20240702,28832,1969.91,30753,2102.11,9102,622.49,8328,568.65,3066,209.54,1919,131.18,0,0.0,0,0.0,-2868,-194.34
300821.SZ,20240701,34024,2311.58,36452,2477.48,13015,882.28,10779,730.79,4532,306.67,4020,270.31,0,0.0,320,21.95,-1708,-112.26
300821.SZ,20240628,27579,1910.28,27127,1878.71,8430,583.47,10113,699.17,6427,442.28,3069,212.66,0,0.0,2127,145.49,18,4.93
300821.SZ,20240627,30394,2116.76,29454,2053.1,12194,849.23,11072,769.99,3405,237.01,3467,241.71,0,0.0,2000,138.2,-10893,-759.57
300821.SZ,20240626,32967,2287.65,32160,2231.48,12922,900.69,13893,968.28,3689,258.85,3541,248.54,16,1.11,0,0.0,10535,742.37
300821.SZ,20240625,29533,2034.69,27249,1877.41,7576,521.77,9193,633.67,1989,137.3,2656,182.69,0,0.0,0,0.0,2276,158.43
300821.SZ,20240624,39684,2753.15,32936,2282.86,16462,1141.16,18111,1255.95,6441,443.21,11540,798.7,0,0.0,0,0.0,-7489,-516.21
300821.SZ,20240621,32063,2296.73,26471,1897.6,9827,703.94,15071,1079.64,5000,358.03,3795,270.84,0,0.0,1553,110.62,-1412,-99.55
300821.SZ,20240620,46616,3415.73,58475,4285.61,30719,2254.49,22887,1687.28,9966,734.89,8382,616.64,2443,184.42,0,0.0,-18244,-1333.21
300821.SZ,20240619,32976,2432.67,34381,2538.05,13641,1007.75,11996,885.48,3173,234.35,3413,251.24,0,0.0,0,0.0,-9066,-666.98
300821.SZ,20240618,54812,4075.55,40718,3029.34,29069,2160.13,15326,1139.01,14863,1105.48,42746,3178.48,4004,297.53,3958,291.86,-18698,-1385.11
300821.SZ,20240617,23203,1739.2,19628,1471.57,7518,563.21,9313,697.61,328,24.5,2108,157.73,0,0.0,0,0.0,-1099,-81.7
300821.SZ,20240614,34698,2583.73,32766,2442.36,14465,1076.77,12226,910.33,2936,218.44,5309,393.38,0,0.0,1798,132.87,124,10.46
300821.SZ,20240613,33673,2544.54,29672,2242.83,11580,875.64,14159,1070.21,1514,114.75,2936,221.9,0,0.0,0,0.0,-1043,-76.98
300821.SZ,20240612,34061,2573.79,36021,2723.27,14106,1066.86,13075,988.66,5730,432.72,4773,359.87,1972,149.26,2000,150.82,3237,244.61
300821.SZ,20240611,44300,3279.29,46554,3442.42,16064,1190.01,20244,1502.17,9556,706.8,3122,231.5,0,0.0,0,0.0,4058,302.32
300821.SZ,20240607,46539,3430.97,37907,2795.76,16857,1243.03,24115,1778.05,2230,165.34,3604,265.53,0,0.0,0,0.0,5022,374.54
300821.SZ,20240606,61321,4499.82,48651,3575.52,26827,1974.3,29657,2176.6,4043,294.25,10883,799.96,0,0.0,3000,216.3,-10131,-741.12
300821.SZ,20240605,41962,3184.53,36787,2792.82,17492,1326.64,19346,1467.43,2802,212.45,6122,463.38,0,0.0,0,0.0,-2833,-212.89
300821.SZ,20240604,56871,4313.38,51413,3902.17,24256,1840.07,24585,1865.9,8116,618.47,13245,1003.85,0,0.0,0,0.0,-7285,-547.38
300821.SZ,20240603,115978,8974.6,96916,7498.78,57648,4451.26,57031,4400.62,10680,817.25,27793,2145.88,1439,111.67,4005,309.5,-25907,-1997.28
300821.SZ,20240531,138786,11215.48,137465,11076.1,113786,9197.3,81132,6558.66,51141,4127.73,59780,4838.59,3077,250.52,28413,2317.67,-76340,-6137.69
300821.SZ,20240530,120847,10295.7,162912,13894.22,124500,10618.94,120202,10253.92,64860,5535.08,48243,4122.02,26194,2249.59,5044,429.15,27763,2364.54
300821.SZ,20240529,29221,2351.96,29313,2357.73,17696,1424.64,15915,1282.13,2917,234.42,4606,371.16,0,0.0,0,0.0,4158,338.29
300821.SZ,20240528,31524,2525.33,30381,2434.37,11185,895.33,10902,873.61,1722,139.06,3148,251.75,0,0.0,0,0.0,-7671,-613.16
300821.SZ,20240527,54595,4317.38,51752,4092.65,28582,2260.96,23053,1826.03,7625,604.03,16120,1273.28,123,9.59,0,0.0,-1077,-77.91
300821.SZ,20240524,44246,3566.89,59951,4837.97,28322,2290.19,27024,2186.11,16621,1344.5,5504,444.0,3290,266.51,0,0.0,-7200,-572.45
300821.SZ,20240523,35801,2878.91,32005,2575.12,18412,1479.84,16199,1301.62,5829,467.34,8838,709.24,0,0.0,3000,240.11,-13596,-1091.71
300821.SZ,20240522,24867,2027.88,28122,2294.83,13816,1127.93,10815,883.32,6976,570.84,6722,548.49,0,0.0,0,0.0,1031,85.97
300821.SZ,20240521,29084,2367.41,26322,2142.88,10785,877.54,11050,900.62,4933,401.49,5473,444.23,0,0.0,1957,158.71,-7936,-645.6
300821.SZ,20240520,35107,2887.7,39345,3238.48,19830,1632.57,15713,1294.08,8684,715.82,10188,838.08,1625,134.55,0,0.0,-2916,-237.03
300821.SZ,20240517,39386,3190.63,34703,2808.82,17854,1446.11,18566,1506.51,7538,611.58,13511,1096.3,2002,163.3,0,0.0,16390,1334.29
300821.SZ,20240516,30321,2434.84,35812,2876.4,14732,1184.82,15911,1280.46,4838,388.22,2311,186.52,4143,335.5,0,0.0,2780,226.33
300821.SZ,20240515,22820,1819.11,22575,1799.6,7795,621.05,7083,564.65,2400,191.09,3357,267.01,0,0.0,0,0.0,329,27.66
300821.SZ,20240514,32825,2639.28,33556,2696.92,12709,1021.2,15883,1277.04,6767,543.47,2862,229.99,0,0.0,0,0.0,-389,-29.03
300821.SZ,20240513,60028,4798.7,44157,3532.7,17283,1379.69,23617,1887.43,6403,510.33,15940,1268.58,0,0.0,0,0.0,3364,271.57
300821.SZ,20240510,53215,4324.41,36514,2969.06,19172,1558.23,23956,1947.96,7384,600.28,17920,1454.24,380,31.01,1761,142.66,-6549,-529.78
300821.SZ,20240509,50004,4138.89,37799,3129.62,21598,1787.55,35715,2956.47,10450,866.18,10299,853.0,1761,146.47,0,0.0,6025,501.7
300821.SZ,20240508,63752,5246.47,43957,3622.65,28573,2355.27,33146,2731.43,8079,666.09,19257,1581.81,0,0.0,4044,331.94,-2354,-189.65
300821.SZ,20240507,68296,5649.62,87373,7226.47,56313,4664.52,54688,4529.8,29492,2438.51,19389,1607.46,7349,611.08,0,0.0,1736,146.98
300821.SZ,20240506,53716,4293.79,44294,3541.61,24424,1953.41,28578,2285.39,6305,504.53,10000,799.21,0,0.0,1573,125.53,7565,605.73
300821.SZ,20240430,49614,3917.18,36501,2881.96,16652,1315.04,27728,2189.09,6092,480.35,8129,641.52,0,0.0,0,0.0,1880,152.2
300821.SZ,20240429,68298,5321.04,59371,4630.61,41513,3241.37,36352,2834.31,12346,964.04,24420,1903.57,2268,178.26,4282,336.22,14616,1147.53
300821.SZ,20240426,87107,6627.28,85616,6509.15,44042,3344.81,50203,3816.42,18181,1380.41,12768,969.58,1588,122.59,2331,179.95,30392,2343.21
300821.SZ,20240425,36399,2602.41,40383,2888.54,17739,1268.81,16899,1209.75,7807,559.59,4863,346.93,200,14.41,0,0.0,6913,498.5
300821.SZ,20240424,29717,2051.12,27198,1875.89,12447,859.31,15394,1063.32,5977,412.78,5549,384.0,0,0.0,0,0.0,5775,407.26
300821.SZ,20240423,26833,1829.7,24620,1679.08,9251,630.47,11507,784.25,2588,176.14,2545,172.99,0,0.0,0,0.0,-2076,-140.05
300821.SZ,20240422,36248,2466.79,34547,2355.63,12931,880.88,13623,926.96,3669,249.88,4678,314.96,0,0.0,0,0.0,-1754,-113.82
300821.SZ,20240419,28821,1988.37,25957,1792.15,9831,679.08,10516,724.84,2529,174.73,4708,325.19,0,0.0,0,0.0,-1890,-129.95
300821.SZ,20240418,41228,2907.42,49542,3492.28,22892,1613.86,18298,1288.42,10011,701.65,6291,442.23,0,0.0,0,0.0,-19465,-1363.73
300821.SZ,20240417,49653,3506.51,46260,3260.8,20882,1473.98,19785,1396.9,5776,407.86,10266,730.64,0,0.0,0,0.0,20609,1462.81
300821.SZ,20240416,60656,4140.14,45031,3076.49,22062,1508.47,32855,2243.01,9698,661.99,12530,856.94,0,0.0,2000,134.16,-4323,-294.27
300821.SZ,20240415,52198,3772.75,45538,3292.14,24575,1783.22,30845,2231.07,10697,763.57,12710,915.21,4554,327.92,2931,209.04,-19658,-1410.31
300821.SZ,20240412,34645,2603.98,28312,2130.88,15488,1164.07,17011,1276.95,2608,195.69,7418,555.91,0,0.0,0,0.0,-10145,-759.69
300821.SZ,20240411,33114,2536.15,33196,2543.65,21184,1622.69,20511,1570.95,3403,260.73,3994,304.97,0,0.0,0,0.0,-5217,-394.79
300821.SZ,20240410,48427,3770.04,42324,3296.49,23645,1843.16,31577,2460.54,10689,832.19,10588,824.51,3204,250.23,1476,114.09,-14135,-1100.67
300821.SZ,20240409,66171,5195.35,81017,6365.35,54590,4290.21,43709,3434.5,22797,1796.8,20127,1583.89,1916,149.93,621,48.56,13571,1074.06
300821.SZ,20240408,44460,3412.91,32270,2479.49,20714,1589.24,25989,1993.06,7650,588.85,14565,1118.44,0,0.0,0,0.0,-18516,-1413.61
300821.SZ,20240403,47642,3746.05,36437,2869.48,31091,2446.93,30856,2427.37,11017,866.34,19586,1538.26,0,0.0,2871,224.23,-4640,-360.74
300821.SZ,20240402,53235,4140.38,62001,4829.97,46794,3648.23,35949,2801.23,14574,1139.78,16653,1297.19,0,0.0,0,0.0,14796,1162.92
300821.SZ,20240401,43634,3305.59,42054,3188.03,30134,2281.66,29546,2238.31,12528,953.81,13933,1055.76,771,57.97,1534,116.93,23091,1746.97
300821.SZ,20240329,30098,2196.67,25590,1868.81,12957,947.51,11539,843.18,4521,329.19,10447,761.38,0,0.0,0,0.0,-6754,-489.88
300821.SZ,20240328,41650,3040.19,36166,2643.75,22963,1677.95,22321,1630.35,5134,376.74,11260,820.77,0,0.0,0,0.0,-7047,-510.69
300821.SZ,20240327,50360,3788.93,47879,3603.86,25301,1902.74,23852,1798.38,5126,386.75,7056,526.98,0,0.0,2000,149.2,-14101,-1047.51
300821.SZ,20240326,38438,2852.96,44057,3272.5,23484,1748.55,20750,1544.27,10984,818.82,8099,603.56,0,0.0,0,0.0,2184,170.13
300821.SZ,20240325,36738,2740.93,30784,2296.73,20829,1551.45,22842,1702.44,4591,341.76,6577,490.11,0,0.0,1955,144.87,-8360,-617.42
300821.SZ,20240322,42274,3243.26,34045,2608.15,21664,1661.99,25851,1986.03,7932,607.1,11974,918.16,0,0.0,0,0.0,-17022,-1300.4
300821.SZ,20240321,30869,2428.62,26351,2074.59,19736,1553.62,26187,2060.53,10526,828.98,8593,676.11,0,0.0,0,0.0,-18911,-1487.16
300821.SZ,20240320,27934,2209.94,28994,2295.47,21900,1733.62,23929,1895.09,10932,866.43,10138,801.58,2295,182.16,0,0.0,3622,290.17
300821.SZ,20240319,48626,3853.41,42866,3397.28,31934,2532.0,32794,2599.64,10648,844.17,12991,1029.66,3443,273.44,6000,476.44,-19475,-1537.92
300821.SZ,20240318,78183,6217.89,71818,5716.28,57838,4602.73,52275,4160.57,22756,1812.3,31688,2519.24,0,0.0,2996,236.85,-6367,-494.03
300821.SZ,20240315,85446,6721.45,114011,9007.17,86559,6838.66,76142,6017.06,41273,3279.25,33976,2670.23,15181,1199.31,4329,344.21,26472,2099.26
300821.SZ,20240314,31098,2364.04,28367,2159.2,21635,1645.78,18614,1416.18,7223,549.62,13381,1016.34,1788,137.0,1382,104.71,-6493,-490.36
300821.SZ,20240313,47074,3606.59,31062,2382.52,21684,1660.91,28278,2166.83,10375,795.31,13660,1045.85,0,0.0,6132,467.62,-10556,-804.64
300821.SZ,20240312,54862,4251.01,62999,4889.28,37716,2927.4,38823,3012.0,18619,1448.46,14820,1149.71,6787,528.26,1342,104.14,-2508,-183.27
300821.SZ,20240311,33253,2519.76,29962,2274.42,22792,1730.07,22566,1709.57,7344,558.16,10861,824.01,0,0.0,0,0.0,8797,672.5
300821.SZ,20240308,32458,2424.06,24719,1846.34,13139,982.37,18440,1378.44,7585,568.34,10023,749.99,0,0.0,0,0.0,-3008,-219.49
300821.SZ,20240307,36046,2727.49,33147,2511.39,20109,1522.03,24910,1886.34,9735,738.79,7867,594.36,2000,153.2,1966,149.42,-16736,-1263.35
300821.SZ,20240306,38131,2918.66,34054,2607.19,20747,1588.18,20126,1540.98,10699,822.49,14230,1092.17,0,0.0,1167,88.98,-6517,-495.21
300821.SZ,20240305,49207,3761.75,43142,3300.63,29627,2261.94,29255,2235.6,10473,801.4,15772,1201.57,0,0.0,1138,87.29,7109,545.39
300821.SZ,20240304,63454,4894.78,44303,3419.84,30747,2374.97,42140,3254.11,15790,1219.62,23907,1843.97,2359,182.01,2000,153.46,-13861,-1064.13
300821.SZ,20240301,74008,5845.81,92191,7287.05,67293,5329.19,58296,4611.53,35136,2778.39,27978,2211.92,4851,382.98,2823,225.87,-22925,-1800.83
300821.SZ,20240229,69953,5241.58,77592,5831.5,58488,4408.02,57103,4292.08,26149,1970.19,18123,1361.93,3517,270.01,5289,404.29,22945,1742.71
300821.SZ,20240228,88356,6671.86,72245,5471.88,54957,4145.68,57153,4311.31,31248,2362.45,38820,2916.54,1500,111.9,7843,592.17,-12306,-926.31
300821.SZ,20240227,42041,3120.55,40087,2980.24,25354,1882.8,29504,2195.15,18820,1402.64,22223,1648.18,7357,549.89,1758,132.32,23506,1760.04
300821.SZ,20240226,52036,3821.51,49784,3664.64,35466,2610.2,34605,2546.01,15379,1136.49,20312,1493.78,5976,445.54,4156,309.32,655,51.12
300821.SZ,20240223,43688,3125.72,44178,3164.35,25703,1841.46,32216,2310.24,15263,1095.15,15722,1126.41,7462,538.67,0,0.0,9149,669.35
300821.SZ,20240222,46217,3274.51,39488,2799.43,28668,2031.62,30515,2162.04,8591,609.95,10473,742.2,0,0.0,3000,212.4,-7162,-501.75
300821.SZ,20240221,62515,4455.13,51866,3694.69,33335,2376.64,42434,3024.48,11931,848.3,13480,960.9,0,0.0,0,0.0,8709,628.24
300821.SZ,20240220,40894,2823.72,41628,2874.73,26315,1817.27,25999,1795.41,10073,696.43,5656,390.15,0,0.0,3999,277.13,-14442,-992.91
300821.SZ,20240219,62440,4368.96,52443,3673.04,34776,2435.07,32361,2264.99,9964,696.64,19273,1347.17,0,0.0,3103,215.47,-6939,-481.5
300821.SZ,20240208,73373,5120.15,62710,4381.53,36735,2565.45,44625,3117.57,13086,920.36,16906,1179.26,1047,72.4,0,0.0,21947,1534.35
300821.SZ,20240207,80546,5341.47,54617,3626.46,38993,2587.62,56496,3745.48,13494,896.99,20215,1340.4,295,19.66,2000,133.4,6440,433.95
300821.SZ,20240206,70346,4371.22,63671,3957.89,43979,2747.08,54882,3421.83,21405,1336.05,17177,1074.62,0,0.0,0,0.0,27328,1699.02
300821.SZ,20240205,61315,3687.24,50312,3036.58,49339,2963.13,55326,3332.09,13168,793.1,13810,821.07,0,0.0,4375,253.73,-9201,-566.23
300821.SZ,20240202,63312,4142.73,49612,3257.11,51645,3381.09,59679,3906.74,20995,1377.5,26661,1737.46,0,0.0,0,0.0,-28214,-1860.76
300821.SZ,20240201,53441,3683.14,56431,3897.9,53601,3699.35,52227,3598.94,21560,1490.58,19704,1362.37,1431,100.03,1670,113.89,189,23.38
300821.SZ,20240131,80826,5636.35,59206,4128.69,66094,4600.34,78590,5463.05,33813,2365.71,42938,3010.67,0,0.0,0,0.0,-40407,-2835.31
300821.SZ,20240130,117573,9114.35,76566,5939.63,96521,7485.51,103144,7985.47,47131,3648.91,68166,5271.74,3403,263.83,16753,1315.75,-74148,-5741.3
300821.SZ,20240129,98556,8548.29,72302,6275.95,100112,8692.7,101334,8794.11,41229,3583.16,59757,5192.42,4988,436.13,11491,997.8,-69705,-6030.55
300821.SZ,20240126,112139,10165.43,115139,10441.98,150805,13672.85,144193,13064.82,76908,6969.99,79397,7208.94,9232,838.19,10355,930.71,32638,2966.94
300821.SZ,20240125,90799,7826.99,82602,7135.26,93224,8050.07,94479,8163.93,39125,3386.44,51813,4467.94,5896,516.67,149,13.05,-32806,-2795.72
300821.SZ,20240124,92409,8049.23,92511,8063.99,107551,9383.64,103198,9000.83,47910,4180.57,44530,3881.96,14,1.2,7646,667.86,-59761,-5174.41
300821.SZ,20240123,109510,9730.02,101249,9008.11,121572,10816.98,123249,10966.0,55065,4906.11,64866,5772.27,9010,809.29,5792,516.03,-26671,-2306.17
300821.SZ,20240122,127800,11340.36,134881,11992.54,166449,14806.35,156452,13896.66,97731,8734.29,82286,7320.61,12571,1116.04,30932,2787.22,48631,4416.98
300821.SZ,20240119,92495,8122.83,107490,9450.02,112550,9897.06,96116,8448.6,47579,4194.9,41716,3666.8,2849,254.98,10150,904.37,-9099,-746.47
300821.SZ,20240118,97729,8111.57,100277,8346.83,104540,8689.96,98703,8202.16,39462,3297.77,38260,3172.44,99,7.96,4590,385.83,-23768,-1926.05
300821.SZ,20240117,117793,10360.4,134262,11798.29,135353,11904.81,118228,10390.77,54072,4761.76,47592,4185.04,14353,1263.0,21490,1915.88,37470,3356.6
300821.SZ,20240116,93125,7947.83,125989,10769.9,97906,8390.1,87912,7562.04,39826,3417.34,27568,2363.77,15713,1384.1,5102,443.66,-670,-45.29
300821.SZ,20240115,17912,1418.85,18604,1473.28,9630,762.7,9524,754.54,3630,287.43,3044,241.15,0,0.0,0,0.0,-5486,-432.7
300821.SZ,20240112,22015,1777.55,17017,1373.64,14025,1132.63,16510,1333.18,1443,116.74,2456,198.74,0,0.0,1500,121.35,3795,309.51
300821.SZ,20240111,24295,1922.94,25848,2045.15,13830,1096.41,13710,1087.87,6768,536.13,5502,435.8,167,13.33,0,0.0,-746,-47.97
300821.SZ,20240110,23115,1817.37,19888,1562.73,10246,803.57,10410,817.51,2092,164.12,4925,386.74,0,0.0,230,18.08,425,38.19
300821.SZ,20240109,25839,2032.03,25638,2016.34,13089,1029.84,10755,845.93,3918,307.4,6453,507.01,0,0.0,0,0.0,-2618,-201.12
300821.SZ,20240108,21552,1720.32,22293,1779.56,13782,1101.19,10350,827.35,4422,351.72,4113,327.82,0,0.0,3000,238.5,-7086,-564.58
300821.SZ,20240105,19476,1599.21,14535,1193.46,10332,847.63,12020,986.03,1984,162.2,5237,429.55,0,0.0,0,0.0,-3374,-275.66
300821.SZ,20240104,16102,1331.2,13251,1095.65,6644,549.04,9410,777.8,1834,151.7,1919,158.49,0,0.0,0,0.0,-4646,-383.67
300821.SZ,20240103,18820,1563.3,17709,1471.06,12431,1033.28,12747,1059.55,6214,516.25,5363,445.42,0,0.0,1646,136.8,6701,558.29
300821.SZ,20240102,17407,1438.77,15519,1283.08,11643,962.76,12221,1010.9,2176,180.38,3486,287.93,0,0.0,0,0.0,2872,238.84
300821.SZ,20231229,25076,2071.22,17325,1430.54,13888,1146.54,18812,1553.31,3532,291.45,6360,525.35,0,0.0,0,0.0,7325,606.97
300821.SZ,20231228,31318,2538.0,27692,2245.19,24450,1981.3,31796,2578.58,7722,625.72,8312,671.82,4310,350.56,0,0.0,22477,1820.15
300821.SZ,20231227,15989,1252.87,14799,1159.3,10093,791.1,8204,642.31,3351,263.03,6430,505.39,0,0.0,0,0.0,-83,-3.59
300821.SZ,20231226,14225,1126.02,14675,1161.43,9278,734.63,8949,708.72,3546,280.24,1990,157.62,0,0.0,1435,113.11,79,8.07
300821.SZ,20231225,15776,1252.06,17746,1407.97,11121,882.9,8809,700.18,5179,411.02,5521,437.84,0,0.0,0,0.0,-8228,-652.34
300821.SZ,20231222,22611,1808.6,21237,1698.24,13855,1108.37,14403,1152.36,1872,149.18,2698,215.56,0,0.0,0,0.0,1560,128.96
300821.SZ,20231221,21390,1691.99,22743,1798.08,15141,1200.11,17396,1377.96,5427,428.84,1845,146.87,25,1.98,0,0.0,5292,425.55
300821.SZ,20231220,18121,1440.83,13868,1102.21,7548,600.18,11135,885.33,4331,343.25,4997,396.72,0,0.0,0,0.0,-902,-68.88
300821.SZ,20231219,14031,1112.58,12786,1013.95,5053,400.46,4338,344.55,697,55.3,2657,209.84,0,0.0,0,0.0,-796,-61.6
300821.SZ,20231218,17680,1410.43,19357,1544.69,12188,972.17,11132,888.41,5660,451.71,5031,400.57,0,0.0,8,0.63,-9428,-751.69
300821.SZ,20231215,14858,1209.33,13145,1068.76,10929,888.94,9838,801.68,2288,185.87,2147,175.02,0,0.0,2945,238.67,-5401,-435.42
300821.SZ,20231214,13720,1120.78,12290,1002.64,7446,607.8,8852,722.67,1772,144.66,4797,391.83,3000,243.9,0,0.0,-4477,-362.12
300821.SZ,20231213,14005,1142.54,18773,1531.19,11731,956.83,10020,817.14,6170,502.72,3113,253.76,0,0.0,0,0.0,-11424,-930.41
300821.SZ,20231212,12681,1046.7,13980,1153.84,10506,867.22,7272,600.47,2942,242.59,3220,265.87,1142,93.76,2800,230.08,-6708,-553.12
300821.SZ,20231211,22310,1832.04,18242,1495.86,9692,796.21,12734,1047.13,300,25.02,1905,157.48,580,47.21,0,0.0,3899,324.96
300821.SZ,20231208,13964,1147.78,13543,1113.05,9413,773.61,8650,711.04,380,31.16,1564,128.46,0,0.0,0,0.0,-2963,-242.48
300821.SZ,20231207,16296,1337.11,14695,1205.91,10684,876.43,9723,797.67,3839,314.31,6401,524.27,0,0.0,0,0.0,-2815,-228.41
300821.SZ,20231206,19345,1609.07,15871,1321.32,11137,926.99,12436,1035.53,2720,227.05,4894,406.26,0,0.0,0,0.0,3110,260.27
300821.SZ,20231205,21736,1802.74,11139,923.74,13664,1133.17,12877,1068.92,1934,159.81,13318,1103.06,0,0.0,0,0.0,-10710,-885.02
300821.SZ,20231204,14012,1178.91,14750,1241.63,10348,870.42,8189,688.89,948,79.94,2369,198.75,0,0.0,0,0.0,-4266,-357.25
300821.SZ,20231201,15220,1275.44,14675,1231.2,10876,912.2,12069,1012.62,5765,484.57,5117,428.4,0,0.0,0,0.0,-1045,-86.53
300821.SZ,20231130,17110,1436.59,13173,1106.74,9786,821.47,11691,981.11,1342,112.56,3374,282.78,0,0.0,0,0.0,-4726,-396.04
300821.SZ,20231129,12809,1089.61,10620,903.44,7115,604.69,7074,601.77,276,23.49,2506,212.57,0,0.0,0,0.0,-1388,-117.69
300821.SZ,20231128,18008,1533.26,10747,915.0,8791,748.67,11782,1003.84,2278,193.68,6548,556.77,0,0.0,0,0.0,3783,324.07
300821.SZ,20231127,20978,1780.44,9947,845.01,12136,1030.0,14443,1226.45,1823,155.05,10547,894.04,0,0.0,0,0.0,-4977,-421.15
300821.SZ,20231124,17717,1522.63,14901,1280.65,17894,1537.66,14833,1274.53,2368,203.53,8245,708.65,0,0.0,0,0.0,-10565,-907.32
300821.SZ,20231123,12913,1120.57,9622,834.78,10863,942.96,13690,1188.4,2838,246.24,3302,286.59,0,0.0,0,0.0,959,85.35
300821.SZ,20231122,17766,1548.95,13783,1201.12,16919,1474.8,19448,1695.67,3469,301.81,4923,428.76,0,0.0,0,0.0,-10757,-935.07
300821.SZ,20231121,16910,1495.49,15575,1378.46,15712,1389.76,16872,1493.0,8365,740.43,8540,754.22,0,0.0,0,0.0,-6375,-560.19
300821.SZ,20231120,22386,1968.19,18754,1649.91,17999,1582.49,18375,1616.48,6420,566.5,9675,850.8,0,0.0,0,0.0,7722,688.75
300821.SZ,20231117,21350,1867.76,18159,1588.34,18918,1654.98,19561,1711.71,3869,338.36,5334,466.22,1317,115.23,2400,210.06,-1064,-91.0
300821.SZ,20231116,23864,2091.37,16095,1410.48,22564,1977.28,21308,1867.5,7603,666.76,14835,1300.13,0,0.0,1793,157.3,-16906,-1480.51
300821.SZ,20231115,35245,3122.53,40519,3591.8,33517,2969.61,38784,3437.0,19516,1732.25,14201,1258.44,5227,462.84,0,0.0,8163,726.89
300821.SZ,20231114,23870,2079.06,19681,1714.57,23667,2061.07,18662,1625.79,5204,453.08,13180,1147.34,0,0.0,1218,105.52,-15283,-1327.16
300821.SZ,20231113,33379,2909.71,30419,2652.66,28790,2508.68,27440,2391.93,6525,568.68,8657,753.83,0,0.0,2178,188.64,-13299,-1155.17
300821.SZ,20231110,60955,5340.2,66936,5867.05,50110,4390.21,39696,3478.49,18985,1664.52,19754,1728.24,0,0.0,3664,321.15,-20044,-1748.05
300821.SZ,20231109,71304,6396.33,91591,8234.63,74904,6739.16,68860,6196.38,36238,3278.73,26312,2379.63,4318,396.41,0,0.0,-1657,-162.81
300821.SZ,20231108,18688,1612.05,17791,1534.49,12946,1116.18,14338,1237.13,6044,521.64,5550,478.26,0,0.0,0,0.0,-6877,-590.98
300821.SZ,20231107,21942,1894.28,18983,1639.02,14456,1247.56,10805,933.1,3375,291.65,8527,736.26,0,0.0,1458,125.12,-7549,-648.85
300821.SZ,20231106,21679,1879.16,19776,1714.2,11652,1010.05,13116,1137.2,2780,241.4,3219,279.21,0,0.0,0,0.0,6585,572.35
300821.SZ,20231103,22284,1903.25,16494,1407.75,10915,931.45,11638,993.96,1278,109.42,6345,542.4,0,0.0,0,0.0,7269,622.36
300821.SZ,20231102,14513,1233.87,12815,1089.36,8132,691.09,9027,767.37,275,23.45,1078,91.68,0,0.0,0,0.0,-2056,-173.92
300821.SZ,20231101,16933,1444.97,12990,1108.2,10802,921.9,10482,894.34,659,56.21,4922,420.54,0,0.0,0,0.0,1786,153.8
300821.SZ,20231031,19350,1645.05,14602,1242.28,10023,852.42,12501,1062.76,1600,136.02,3870,328.45,0,0.0,0,0.0,-3017,-255.21
300821.SZ,20231030,22931,1948.44,19910,1692.11,11288,959.36,11547,981.09,2263,192.86,5025,427.45,0,0.0,0,0.0,1590,136.13
300821.SZ,20231027,28509,2409.11,18652,1574.07,15250,1288.46,21382,1808.26,6164,521.37,9889,836.6,0,0.0,0,0.0,9513,807.27
300821.SZ,20231026,20320,1685.25,17102,1418.75,11944,990.56,14254,1182.42,2960,246.54,3868,321.17,0,0.0,0,0.0,1730,147.04
300821.SZ,20231025,25439,2124.05,17380,1451.88,17843,1491.3,18826,1572.35,3111,260.13,10187,851.25,0,0.0,0,0.0,2197,185.29
300821.SZ,20231024,34848,2837.09,29094,2369.88,19505,1587.92,23984,1953.06,8445,690.92,9720,792.99,0,0.0,0,0.0,11887,970.78
300821.SZ,20231023,38441,3090.44,26492,2132.67,22827,1836.44,22714,1826.32,5277,426.16,17339,1394.05,0,0.0,0,0.0,-11680,-940.51
300821.SZ,20231020,16812,1408.55,17075,1430.38,15953,1337.16,14101,1182.78,4513,378.29,6102,510.84,0,0.0,0,0.0,-67,-3.02
300821.SZ,20231019,17430,1461.11,15644,1310.77,9222,772.75,9127,765.23,861,72.16,2742,230.03,0,0.0,0,0.0,-1441,-119.23
300821.SZ,20231018,19296,1638.19,15751,1337.92,15760,1338.06,14191,1205.66,4620,390.79,7862,666.03,0,0.0,1872,157.44,-5800,-494.07
300821.SZ,20231017,15080,1300.1,12887,1111.56,9404,810.84,12397,1069.19,3463,299.01,2663,229.2,0,0.0,0,0.0,-1075,-91.21
300821.SZ,20231016,30675,2658.43,19066,1654.63,25332,2194.1,23440,2029.26,8089,699.65,18144,1570.71,0,0.0,3446,297.58,-11974,-1036.44
300821.SZ,20231013,20931,1860.33,15299,1360.21,17868,1588.44,18441,1639.42,5142,456.36,10201,905.51,0,0.0,0,0.0,-12965,-1151.19
300821.SZ,20231012,26423,2384.45,15938,1437.42,23211,2093.81,25023,2259.22,13701,1235.6,22374,2017.21,0,0.0,0,0.0,-4537,-405.13
300821.SZ,20231011,16952,1523.12,13307,1194.9,15359,1380.53,13776,1238.45,4372,392.58,9600,862.89,0,0.0,0,0.0,-5101,-455.87
300821.SZ,20231010,16567,1491.75,14281,1285.6,13619,1226.64,14450,1301.63,2398,216.0,3853,347.17,0,0.0,0,0.0,-10,1.27
300821.SZ,20231009,13511,1206.95,11014,983.8,7625,680.74,9185,820.64,1433,128.05,2370,211.3,0,0.0,0,0.0,-5431,-484.09
300821.SZ,20230928,13336,1197.24,10830,972.28,11430,1025.55,9186,825.3,3815,342.49,6565,588.49,0,0.0,2000,179.21,207,19.8
300821.SZ,20230927,14844,1330.5,13951,1249.84,12540,1123.96,13505,1210.06,3755,335.97,3683,330.54,0,0.0,0,0.0,3881,350.27
300821.SZ,20230926,11342,1006.9,8893,789.68,5593,496.5,7903,701.54,2129,189.24,2268,201.41,0,0.0,0,0.0,-1203,-105.66
300821.SZ,20230925,13264,1183.56,12803,1141.68,10058,896.86,11595,1034.69,3588,319.96,2512,224.01,0,0.0,0,0.0,-4066,-361.27
300821.SZ,20230922,20013,1792.22,12855,1150.68,18166,1626.09,22686,2031.12,7692,690.44,10330,926.94,0,0.0,0,0.0,3503,316.55
300821.SZ,20230921,22753,2043.79,13052,1170.9,20362,1827.72,20505,1845.58,8714,780.71,11458,1026.99,1165,103.72,7979,712.48,-6300,-566.22
300821.SZ,20230920,12777,1163.81,9353,851.97,9217,839.51,13467,1226.95,3201,291.76,2375,216.16,0,0.0,0,0.0,-781,-69.83
300821.SZ,20230919,18674,1711.07,13189,1210.05,15658,1435.55,19548,1790.93,8045,736.74,8363,765.92,0,0.0,1277,116.47,-12498,-1144.32
300821.SZ,20230918,20733,1918.85,12348,1142.0,15987,1479.18,21619,2000.3,3860,357.54,5758,533.75,0,0.0,855,79.52,-3912,-358.19
300821.SZ,20230915,20341,1886.64,15806,1467.34,22214,2062.2,24373,2260.54,10969,1018.45,13345,1239.41,0,0.0,0,0.0,-3724,-339.05
300821.SZ,20230914,20746,1910.17,17563,1619.19,18966,1745.45,20922,1927.02,7494,692.04,9031,829.81,310,28.35,0,0.0,-10404,-953.63
300821.SZ,20230913,22361,2090.15,17137,1602.03,18512,1730.9,17725,1656.02,5445,507.72,11456,1070.72,0,0.0,0,0.0,-15247,-1423.4
300821.SZ,20230912,16894,1612.02,10598,1011.95,16579,1580.93,11680,1114.18,5434,518.83,17462,1665.29,2000,191.2,1167,111.57,-10894,-1037.66
300821.SZ,20230911,17130,1632.07,13107,1248.59,11129,1060.2,11735,1118.74,5043,479.93,6345,603.71,0,0.0,2115,201.15,-594,-54.65
300821.SZ,20230908,14109,1341.03,10273,976.85,11903,1131.46,9370,890.77,3283,311.74,6615,628.09,0,0.0,3037,288.53,2369,226.35
300821.SZ,20230907,31854,3069.25,21526,2074.61,24938,2402.96,22826,2201.44,8857,855.98,16119,1553.95,1103,108.31,6281,606.51,-24547,-2374.39
300821.SZ,20230906,28999,2840.02,23130,2269.44,27720,2722.32,24866,2433.16,12002,1179.13,20726,2038.87,0,0.0,0,0.0,21590,2124.87
300821.SZ,20230905,12829,1242.24,14261,1381.53,15240,1476.14,14113,1367.51,11744,1137.82,6863,665.44,0,0.0,4576,441.72,-6931,-668.43
300821.SZ,20230904,12903,1252.72,11012,1069.42,17864,1733.73,14940,1451.02,4616,448.27,7963,771.87,1532,148.6,3000,291.01,3365,328.94
300821.SZ,20230901,8344,803.37,7848,756.08,9351,900.91,8593,827.74,4052,390.16,3469,334.21,0,0.0,1837,176.4,2275,219.64
300821.SZ,20230831,11767,1126.36,8399,805.12,13748,1316.29,13289,1273.68,4357,418.21,7735,739.31,0,0.0,449,42.75,-2513,-238.13
300821.SZ,20230830,13588,1310.08,13555,1308.29,16569,1598.16,14400,1389.66,7214,695.98,8613,830.5,1058,101.8,1861,177.56,40,7.99
300821.SZ,20230829,15916,1513.57,15273,1454.68,15708,1495.6,14732,1403.41,5455,518.91,8935,849.1,1861,179.11,0,0.0,6435,612.48
300821.SZ,20230828,19128,1824.07,18434,1756.67,23953,2284.38,21167,2017.46,9980,944.36,12289,1168.68,129,12.33,1300,122.33,-12912,-1220.64
300821.SZ,20230825,16753,1579.1,11062,1045.4,15672,1476.84,16539,1560.51,4909,465.09,7519,707.76,1401,130.01,3615,337.38,-585,-54.14
300821.SZ,20230824,12324,1176.7,11803,1127.77,13734,1312.68,13416,1281.05,6059,578.27,8587,820.59,2759,263.68,1070,101.9,-1106,-102.08
300821.SZ,20230823,11979,1139.81,10994,1045.63,12855,1222.34,11605,1103.93,4787,455.28,7022,667.86,0,0.0,0,0.0,-4625,-438.79
300821.SZ,20230822,15421,1470.44,14906,1425.32,15984,1525.13,11563,1104.75,6579,627.67,10828,1029.19,1250,118.8,1937,182.78,-1691,-158.85
300821.SZ,20230821,16665,1603.66,12201,1174.37,15731,1513.46,17818,1713.6,5380,515.21,9400,901.1,1643,156.74,0,0.0,-7997,-769.3
300821.SZ,20230818,17880,1751.42,12481,1221.89,18156,1778.38,16237,1591.28,4629,452.14,9823,960.25,0,0.0,2125,208.52,-9293,-908.36
300821.SZ,20230817,21480,2096.23,15835,1554.61,21565,2110.98,24489,2398.94,11015,1083.18,12651,1235.16,2415,237.97,3500,339.66,1483,152.08
300821.SZ,20230816,19388,1920.78,11615,1152.0,17245,1706.12,18376,1818.32,8251,815.87,10138,1003.09,1161,113.58,5916,582.93,-8361,-830.96
300821.SZ,20230815,16226,1620.88,14515,1451.2,20090,2006.92,19440,1942.88,12040,1204.07,13967,1395.01,1008,101.0,1442,143.79,-7870,-783.89
300821.SZ,20230814,20374,2040.98,17795,1785.77,20361,2042.8,23590,2363.1,12461,1249.35,11113,1113.94,394,39.75,1092,110.07,-2991,-294.37
300821.SZ,20230811,42850,4391.78,29448,3015.8,39645,4061.85,42261,4327.18,24121,2468.36,24654,2526.12,6871,701.55,17124,1754.43,-29774,-3045.89
300821.SZ,20230810,36611,3854.68,24751,2610.76,34768,3665.49,39213,4132.92,20176,2124.47,24376,2562.62,0,0.0,3215,338.35,-11389,-1193.72
300821.SZ,20230809,42380,4510.94,39855,4243.73,50992,5431.69,49065,5222.51,33539,3573.47,27765,2959.65,1000,106.3,11226,1196.51,-26124,-2772.25
300821.SZ,20230808,58789,6209.58,79261,8403.47,82209,8700.51,78353,8292.85,49089,5204.26,37553,3964.22,13647,1445.44,8567,899.25,17685,1940.48
300821.SZ,20230807,46719,4849.69,58397,6074.26,57306,5952.89,67886,7047.24,50279,5223.49,33337,3459.36,9612,1000.66,4296,445.87,10272,1095.23
300821.SZ,20230804,20146,2062.59,15198,1556.42,21144,2162.79,22822,2335.71,13347,1364.51,13847,1414.99,2120,218.34,4891,501.12,-9457,-964.73
300821.SZ,20230803,18542,1895.63,19907,2034.86,23165,2368.47,22612,2312.26,12097,1237.21,10256,1049.13,0,0.0,1029,105.06,1620,169.0
300821.SZ,20230802,20891,2132.22,28855,2946.57,26890,2745.81,24997,2552.26,15207,1552.24,9463,964.87,327,33.44,0,0.0,-10319,-1047.95
300821.SZ,20230801,26156,2646.22,41800,4238.14,32484,3291.42,41828,4241.77,37732,3832.46,20362,2064.89,8778,892.66,1160,117.97,25630,2610.78
300821.SZ,20230731,29085,2929.92,18811,1896.0,26816,2700.66,25381,2559.36,16563,1667.96,18443,1859.12,0,0.0,9829,984.06,198,32.16
300821.SZ,20230728,21932,2172.64,23009,2284.6,21334,2120.1,20286,2013.94,9706,968.09,11378,1132.35,1701,170.05,0,0.0,10735,1078.35
300821.SZ,20230727,23267,2309.54,17738,1760.2,19386,1925.87,23044,2289.36,10476,1040.64,11780,1169.51,1089,107.81,1656,164.8,-17271,-1711.23
300821.SZ,20230726,25357,2542.27,21939,2201.87,27540,2764.41,26119,2619.68,11224,1126.03,15430,1547.58,3058,306.72,3691,370.3,8213,829.77
300821.SZ,20230725,31953,3165.81,23721,2350.18,22304,2209.99,30101,2982.66,9793,970.88,10228,1013.84,0,0.0,0,0.0,20997,2083.77
300821.SZ,20230724,20811,2021.82,19626,1907.08,24459,2377.13,21383,2078.38,4192,407.53,9932,964.63,1479,143.61,0,0.0,-17304,-1679.38
300821.SZ,20230721,22587,2245.82,20256,2015.74,22899,2281.1,21183,2107.89,7751,772.56,10797,1075.84,0,0.0,1001,100.02,-1657,-155.78
300821.SZ,20230720,27822,2776.91,30241,3020.36,34962,3490.89,33004,3293.64,14212,1418.8,13751,1372.6,0,0.0,0,0.0,10998,1105.32
300821.SZ,20230719,16759,1648.78,11336,1115.96,14842,1460.41,15751,1550.06,6171,606.82,12677,1247.06,1992,197.06,0,0.0,-11926,-1170.22
300821.SZ,20230718,21313,2101.51,16408,1621.02,19530,1929.08,17526,1729.42,6187,611.71,13093,1291.54,229,22.67,232,22.99,-4637,-447.58
300821.SZ,20230717,17484,1732.3,17839,1770.23,19788,1962.24,17100,1694.45,7326,727.38,9659,957.24,0,0.0,0,0.0,-12038,-1188.38
300821.SZ,20230714,20369,2029.33,13232,1318.92,20447,2037.7,23657,2357.62,8857,882.15,11084,1103.73,0,0.0,1700,168.91,-11757,-1167.95
300821.SZ,20230713,24416,2446.64,26484,2653.3,29130,2917.07,26369,2643.38,12662,1268.48,12109,1210.9,0,0.0,1246,124.6,-7556,-751.86
300821.SZ,20230712,26934,2688.74,28875,2884.8,35849,3579.94,30502,3046.82,9366,936.75,13864,1383.02,1092,109.22,0,0.0,-5656,-560.32
300821.SZ,20230711,44542,4422.08,30128,2992.78,35506,3527.37,36120,3587.63,9382,931.89,23182,2300.93,0,0.0,0,0.0,-11277,-1114.07
300821.SZ,20230710,63225,6381.15,73134,7387.9,80168,8100.74,73721,7440.23,42569,4305.08,37858,3836.11,5170,521.82,6419,644.56,38124,3827.5
300821.SZ,20230707,25567,2444.96,19617,1875.58,26369,2520.96,26267,2512.01,9843,941.18,14275,1364.31,0,0.0,1620,155.2,-13584,-1296.57
300821.SZ,20230706,45267,4345.94,45194,4344.94,50250,4823.74,49827,4782.56,22196,2135.81,22417,2151.03,137,13.04,412,40.01,-7507,-704.43
300821.SZ,20230705,25209,2520.65,33894,3393.08,34110,3412.02,30639,3063.69,14952,1496.87,10739,1073.27,1000,100.5,0,0.0,1223,125.76
300821.SZ,20230704,15405,1521.26,19283,1904.63,23325,2302.96,20954,2068.39,7809,771.03,8879,876.91,2577,254.67,0,0.0,-703,-65.31
300821.SZ,20230703,21087,2081.45,20983,2072.05,24188,2387.77,23754,2345.28,10050,992.29,10588,1044.18,0,0.0,0,0.0,-869,-82.08
300821.SZ,20230630,25286,2461.81,20986,2044.62,25785,2512.13,24454,2382.31,8854,862.46,9535,928.97,210,20.37,5160,500.86,8310,812.08
300821.SZ,20230629,15845,1514.48,14438,1380.05,16583,1584.23,15850,1514.59,4760,454.62,6900,658.7,0,0.0,0,0.0,-6275,-597.51
300821.SZ,20230628,22059,2100.66,19233,1832.82,21973,2094.22,21426,2040.86,5357,510.56,9711,924.76,2317,219.88,1337,126.88,-15468,-1473.21
300821.SZ,20230627,18041,1745.88,16631,1610.0,22011,2129.73,20800,2011.71,10385,1004.78,12915,1249.85,0,0.0,91,8.84,-3401,-324.94
300821.SZ,20230626,33355,3231.6,20085,1949.19,28717,2783.41,31267,3032.33,7937,769.0,15558,1502.33,0,0.0,3099,300.17,-12229,-1179.91
300821.SZ,20230621,52357,5223.88,41305,4122.05,47201,4710.91,43276,4316.4,21670,2165.63,22622,2260.98,2662,265.13,16686,1666.13,-39694,-3952.78
300821.SZ,20230620,69296,6980.32,84028,8498.85,85033,8594.92,87650,8847.56,48497,4903.26,54911,5549.97,23764,2417.88,0,0.0,20260,2109.35
300821.SZ,20230619,57638,5712.81,73174,7234.86,64757,6422.75,61625,6120.77,36037,3579.09,24632,2459.13,1000,100.1,0,0.0,-33122,-3258.34
300821.SZ,20230616,18589,1771.2,17718,1688.6,18783,1789.66,16844,1605.83,5395,514.32,8205,780.74,0,0.0,0,0.0,-6125,-580.89
300821.SZ,20230615,19438,1843.76,19844,1881.04,23866,2261.65,22038,2090.07,6342,601.52,7764,735.82,0,0.0,0,0.0,10385,988.87
300821.SZ,20230614,18345,1727.55,17675,1664.29,18475,1739.78,14887,1402.25,3171,298.16,7430,698.95,0,0.0,0,0.0,-15328,-1440.96
300821.SZ,20230613,15800,1498.15,13997,1327.87,11969,1135.31,13831,1311.21,3385,321.1,3326,315.49,0,0.0,0,0.0,-3640,-343.53
300821.SZ,20230612,25577,2419.93,27666,2619.79,21880,2070.04,15988,1512.75,7078,671.09,10881,1028.51,0,0.0,0,0.0,-1956,-182.16
300821.SZ,20230609,41234,3894.64,35668,3375.41,34001,3216.06,39850,3771.8,10462,996.73,12470,1180.05,2290,219.84,0,0.0,-14688,-1381.97
300821.SZ,20230608,24894,2385.22,24565,2352.53,17425,1670.06,15374,1475.23,3645,348.83,6025,576.35,0,0.0,0,0.0,-5810,-553.34
300821.SZ,20230607,28892,2798.68,24528,2374.67,23409,2266.36,24093,2331.36,7644,737.5,10270,994.27,0,0.0,1054,102.24,-7505,-724.74
300821.SZ,20230606,25784,2571.89,16853,1681.68,17039,1700.49,22796,2274.87,8668,866.83,10699,1068.82,0,0.0,1143,113.84,-12850,-1283.33
300821.SZ,20230605,31034,3141.57,20350,2060.99,15683,1587.71,19497,1973.9,6288,635.97,11290,1142.15,133,13.46,2000,201.68,-1117,-111.37
300821.SZ,20230602,45763,4602.62,49318,4959.93,44951,4529.23,46544,4687.56,29598,2985.01,23441,2369.2,2781,283.79,3790,383.97,15881,1588.65
300821.SZ,20230601,33376,3184.06,30753,2940.63,30802,2938.98,34382,3278.87,9677,926.91,8836,841.64,116,11.18,0,0.0,13171,1253.04
300821.SZ,20230531,30013,2812.52,18125,1698.1,17855,1672.66,24028,2251.13,4489,420.29,9104,853.18,0,0.0,1100,103.07,-3869,-359.77
300821.SZ,20230530,60846,5788.48,44273,4191.26,56329,5330.35,52168,4951.88,26439,2496.56,38992,3699.1,3392,315.46,11574,1088.61,-6302,-647.15
300821.SZ,20230529,16735,1690.38,10196,1029.83,12292,1241.64,14284,1442.54,5285,534.22,8206,829.51,995,100.1,2621,264.46,-9601,-967.38
300821.SZ,20230526,14752,1496.54,11297,1146.54,10501,1065.95,9365,950.85,2324,236.29,6536,662.96,200,20.18,579,58.59,991,104.42
300821.SZ,20230525,18869,1922.73,13845,1411.17,13192,1343.83,13136,1337.51,6178,627.99,10253,1043.14,0,0.0,1005,102.73,-10330,-1049.18
300821.SZ,20230524,14633,1502.82,10844,1114.1,12061,1238.9,11145,1144.46,4226,433.86,8931,917.02,0,0.0,0,0.0,-944,-95.9
300821.SZ,20230523,22164,2279.81,21171,2180.07,23590,2428.57,22098,2274.43,8352,860.01,12820,1319.13,1983,205.23,0,0.0,11207,1155.09
300821.SZ,20230522,14068,1425.88,13049,1325.02,12675,1285.94,15299,1552.09,11744,1192.88,12395,1255.55,2256,227.96,0,0.0,2419,253.25
300821.SZ,20230519,14145,1434.2,10799,1095.08,10732,1087.38,11888,1205.07,4547,461.39,5578,565.06,10,1.01,1169,118.77,4592,467.4
300821.SZ,20230518,15988,1616.08,11001,1112.39,12612,1275.42,14016,1417.31,7672,776.51,10810,1092.61,740,74.44,1186,120.14,-15979,-1612.85
300821.SZ,20230517,15579,1582.26,8258,838.85,8773,890.89,8567,869.98,4769,484.11,12162,1234.81,0,0.0,134,13.61,1523,156.48
300821.SZ,20230516,12062,1222.44,10657,1079.78,10653,1079.45,11419,1156.81,5871,594.83,7075,717.18,565,57.05,0,0.0,-11508,-1165.05
300821.SZ,20230515,16315,1660.39,10206,1038.55,14156,1440.46,10359,1053.61,3685,374.69,10370,1055.1,0,0.0,3221,328.27,6108,623.39
300821.SZ,20230512,17029,1724.75,12937,1311.55,12232,1239.13,11835,1200.08,7898,799.32,14012,1416.82,4000,404.52,2375,239.27,-12017,-1216.51
300821.SZ,20230511,13982,1430.85,11243,1151.06,13076,1338.51,14006,1433.59,8463,867.44,7259,743.45,31,3.17,3044,311.87,2518,259.44
300821.SZ,20230510,16947,1722.35,13433,1366.05,12106,1232.06,13332,1356.26,6813,692.44,8090,822.25,0,0.0,1011,102.29,-998,-98.46
300821.SZ,20230509,18506,1882.63,15120,1540.14,16452,1675.13,21238,2160.76,10993,1121.3,10880,1109.24,1287,131.07,0,0.0,-4094,-410.79
300821.SZ,20230508,14288,1451.57,12377,1259.05,12736,1294.5,13569,1379.46,7233,735.16,8259,838.0,2848,289.65,2900,294.37,67,9.53
300821.SZ,20230505,18280,1855.14,13361,1357.44,14137,1435.13,16263,1650.44,4749,482.66,6454,655.05,0,0.0,1088,110.0,-9803,-994.76
300821.SZ,20230504,15576,1609.31,13288,1372.93,15169,1566.86,13100,1353.12,7018,724.44,9974,1030.09,0,0.0,1401,144.47,-11771,-1213.82
300821.SZ,20230428,18673,1919.55,18934,1949.4,19975,2055.46,22208,2284.58,10125,1042.82,8774,901.69,1143,117.83,0,0.0,4696,484.24
300821.SZ,20230427,30919,3136.06,19990,2028.9,25236,2559.42,29592,2998.66,9095,920.11,11057,1121.95,0,0.0,4611,466.08,-4378,-435.26
300821.SZ,20230426,33773,3455.42,32136,3295.29,33043,3390.55,32673,3346.39,16417,1679.05,15752,1611.12,1088,112.28,3760,384.5,539,62.47
300821.SZ,20230425,83613,8783.88,59814,6295.1,64541,6776.61,81731,8561.99,43353,4549.5,52585,5530.92,9069,947.04,6446,669.01,-8138,-865.15
300821.SZ,20230424,23239,2828.15,17716,2158.56,18571,2262.81,18709,2278.52,6048,738.51,10789,1313.56,0,0.0,644,78.83,1155,142.02
300821.SZ,20230421,42570,5268.67,23549,2922.28,28410,3517.92,33420,4138.19,13023,1610.7,25961,3203.88,0,0.0,1073,132.95,-15246,-1898.1
300821.SZ,20230420,26357,3332.82,20794,2632.76,23610,2986.63,26038,3294.55,13837,1752.78,17071,2158.94,1134,143.88,1036,129.85,-2830,-352.36
300821.SZ,20230419,36929,4688.08,23889,3033.53,34727,4407.77,34081,4326.69,15250,1935.71,27025,3429.16,2961,375.0,4873,617.19,-11569,-1466.92
300821.SZ,20230418,27561,3579.62,22302,2899.61,28782,3737.83,29201,3795.06,18811,2447.76,19398,2518.22,1849,241.58,6102,793.91,-19700,-2547.95
300821.SZ,20230417,36455,4739.26,33122,4312.9,43085,5607.04,39875,5187.94,24064,3134.59,27770,3613.75,1480,193.33,4317,559.62,-13357,-1722.7
300821.SZ,20230414,48496,6293.49,60797,7916.12,62587,8133.59,59273,7703.62,41034,5350.79,36285,4720.38,8082,1056.02,3843,493.77,11329,1484.12
300821.SZ,20230413,29978,3798.18,22416,2842.02,25694,3257.32,28109,3565.23,10280,1302.93,16950,2147.28,4153,527.9,2630,331.8,-26751,-3388.52
300821.SZ,20230412,39735,5088.42,43638,5596.86,50723,6502.9,46898,6007.62,31117,3986.43,30916,3961.37,3284,420.59,3407,432.49,-3543,-438.84
300821.SZ,20230411,44929,5671.35,60820,7694.2,64891,8207.97,55672,7032.18,33797,4278.98,30261,3832.2,4887,620.86,1750,220.57,22959,2906.82
300821.SZ,20230410,20922,2587.42,17339,2146.11,18634,2305.74,18749,2319.88,9093,1125.23,11381,1407.08,1000,124.0,2180,269.33,-9917,-1225.26
300821.SZ,20230407,29015,3615.58,24050,2999.63,29438,3669.28,31147,3883.04,17753,2215.04,16596,2068.78,1129,141.12,5542,689.57,-19444,-2414.09
300821.SZ,20230406,48719,6038.21,58966,7324.74,60264,7488.73,55475,6885.87,36626,4563.0,29831,3708.79,5173,641.82,6509,812.36,20020,2519.84
300821.SZ,20230404,21008,2506.84,16249,1940.0,19208,2292.62,20079,2397.67,10890,1298.7,13769,1641.81,1113,134.34,2122,253.02,-18403,-2196.44
300821.SZ,20230403,17276,2081.35,17464,2105.02,20899,2519.0,18506,2231.34,12038,1452.04,13472,1623.06,1138,137.7,1908,230.67,1463,182.55
300821.SZ,20230331,12836,1543.95,12717,1529.88,13766,1655.93,12914,1553.24,4143,498.08,5114,614.84,0,0.0,0,0.0,-1082,-127.76
300821.SZ,20230330,16093,1914.21,13965,1661.74,13451,1600.61,15243,1812.99,5034,599.97,5370,640.06,0,0.0,0,0.0,5166,617.55
300821.SZ,20230329,24984,2972.64,17371,2068.32,19801,2354.8,19556,2326.31,10050,1194.79,13234,1572.49,177,21.13,4852,576.23,-11735,-1396.31
300821.SZ,20230328,18464,2225.45,14638,1764.62,15898,1916.88,17670,2130.35,5755,692.34,6809,819.9,0,0.0,1000,119.8,-4334,-518.64
300821.SZ,20230327,22779,2749.59,15466,1867.21,19816,2390.67,17987,2171.23,6882,830.22,11289,1362.15,0,0.0,4735,569.88,-10805,-1300.83
300821.SZ,20230324,20811,2555.2,14175,1740.98,17132,2102.13,15301,1879.25,7905,970.22,9999,1227.23,883,108.17,7256,888.26,-1705,-205.59
300821.SZ,20230323,19430,2382.77,16111,1975.86,16359,2006.16,19721,2418.07,7662,938.78,8619,1056.47,1000,122.7,0,0.0,-12946,-1585.94
300821.SZ,20230322,14699,1825.36,11893,1478.24,13712,1703.46,14429,1791.55,5788,718.56,7162,889.54,1000,124.1,1715,212.16,-7337,-910.43
300821.SZ,20230321,15341,1900.64,15297,1896.19,13257,1643.52,13732,1702.43,5697,706.67,5265,652.2,0,0.0,0,0.0,95,14.4
300821.SZ,20230320,23855,2933.17,15729,1934.84,17882,2198.8,20585,2530.09,5296,651.34,10806,1329.1,87,10.74,0,0.0,11120,1370.14
300821.SZ,20230317,16344,1999.2,13214,1616.21,12156,1486.64,14344,1755.24,7504,917.8,6037,737.74,0,0.0,2409,294.45,-1821,-220.47
300821.SZ,20230316,20760,2565.77,17308,2139.96,16392,2025.66,17040,2109.08,6574,814.99,9378,1157.38,0,0.0,0,0.0,-8470,-1039.46
300821.SZ,20230315,15026,1869.01,17833,2219.38,15518,1931.04,12709,1582.68,8239,1026.64,8241,1024.63,0,0.0,0,0.0,-3899,-483.82
300821.SZ,20230314,25429,3085.98,19123,2329.82,19302,2347.29,20301,2466.06,10037,1220.29,13575,1645.15,900,109.2,2670,321.72,-67,-1.4
300821.SZ,20230313,22344,2732.52,12864,1575.45,16379,2003.98,19034,2327.51,6246,762.38,13971,1705.45,900,109.53,0,0.0,-5602,-685.82
300821.SZ,20230310,15943,1989.49,15509,1936.45,15396,1921.43,14626,1825.12,5091,634.38,7359,916.52,1064,132.79,0,0.0,-2580,-318.94
300821.SZ,20230309,15483,1947.43,15759,1982.53,16478,2072.97,15473,1946.35,5591,703.27,6762,850.39,442,55.6,0,0.0,2046,258.33
300821.SZ,20230308,13214,1640.59,13896,1726.09,10776,1337.85,10662,1323.71,5587,694.49,5019,623.14,0,0.0,0,0.0,1501,187.74
300821.SZ,20230307,21529,2697.59,16795,2108.03,15402,1931.51,18157,2276.06,5481,688.31,7460,933.32,0,0.0,0,0.0,-10396,-1298.76
300821.SZ,20230306,18647,2342.97,17257,2170.34,17954,2256.77,15623,1962.78,7805,982.36,11026,1385.75,1000,125.0,1500,188.25,-5886,-734.93
300821.SZ,20230303,34514,4359.11,24606,3106.94,24446,3087.36,23475,2962.12,15459,1950.9,21372,2698.16,47,5.94,5013,636.1,-14868,-1873.49
300821.SZ,20230302,25397,3277.32,17721,2287.65,20175,2602.09,20714,2672.54,8565,1105.72,16607,2142.17,2561,331.05,1656,213.81,-18763,-2418.31
300821.SZ,20230301,21219,2749.99,17892,2320.31,17904,2320.5,17292,2241.23,7723,1001.24,7858,1017.66,0,0.0,3805,492.53,-5918,-764.8
300821.SZ,20230228,31876,4144.27,28037,3643.95,20423,2655.28,25632,3334.33,7997,1038.51,7775,1010.62,2000,262.8,852,111.95,-16504,-2143.97
300821.SZ,20230227,29562,3891.53,39010,5140.88,34476,4549.07,29273,3862.04,14123,1863.49,12940,1708.01,3864,513.68,802,106.83,9953,1320.85
300821.SZ,20230224,21110,2748.5,16216,2112.23,15181,1977.68,18438,2399.83,3538,459.54,6176,803.47,1000,129.8,0,0.0,-9026,-1173.92
300821.SZ,20230223,22881,3008.35,17558,2309.41,18147,2386.25,25810,3394.53,9820,1292.2,7480,982.86,0,0.0,0,0.0,-4957,-648.72
300821.SZ,20230222,25395,3346.66,22361,2947.49,20157,2656.57,23397,3084.06,8792,1159.3,8586,1130.98,0,0.0,0,0.0,-4734,-620.51
300821.SZ,20230221,51220,6784.54,59740,7925.31,63957,8482.24,53804,7138.24,21324,2834.17,21644,2866.2,1587,212.77,2900,383.96,20177,2682.3
300821.SZ,20230220,23097,2934.44,19860,2528.66,19447,2473.73,21720,2762.53,9540,1213.75,10504,1330.73,0,0.0,0,0.0,-5135,-647.28
300821.SZ,20230217,24821,3196.13,18264,2354.41,19579,2524.56,21472,2765.26,6210,802.07,10888,1404.9,14,1.82,0,0.0,-7086,-906.62
300821.SZ,20230216,48885,6399.93,26014,3405.49,34281,4485.85,41440,5429.99,15044,1970.04,30013,3920.13,3758,486.96,4501,587.18,-26310,-3441.08
300821.SZ,20230215,26664,3565.81,17954,2402.15,23704,3170.65,24790,3315.42,5973,798.45,13474,1800.89,948,127.51,1072,143.95,-12865,-1718.59
300821.SZ,20230214,24149,3254.63,22251,3000.5,25871,3488.05,25503,3438.8,12103,1633.07,12798,1724.34,853,115.24,2425,327.35,351,50.62
300821.SZ,20230213,26236,3529.73,21408,2881.5,25274,3400.14,28656,3855.84,14909,2008.05,16331,2197.11,865,116.34,890,119.81,-13356,-1792.22
300821.SZ,20230210,40553,5478.2,32533,4396.95,37038,5005.55,40795,5514.93,20862,2821.12,22275,3009.0,991,133.69,3841,517.68,-13999,-1881.1
300821.SZ,20230209,56215,7611.08,66334,8980.2,71888,9729.09,69085,9356.61,38444,5208.11,35957,4868.94,8413,1141.77,3584,484.29,15996,2170.39
300821.SZ,20230208,27691,3659.41,32447,4290.92,28362,3749.64,27519,3638.7,15583,2063.25,11364,1502.6,1324,175.74,1630,215.82,2301,308.22
300821.SZ,20230207,25280,3293.78,25191,3283.85,24917,3248.03,21395,2788.94,7962,1038.29,10038,1306.69,0,0.0,1535,200.62,-2875,-366.72
300821.SZ,20230206,21863,2849.7,16024,2089.52,15420,2009.64,16742,2183.15,9498,1238.88,11332,1475.85,0,0.0,2683,349.7,-6103,-793.71
300821.SZ,20230203,32892,4288.14,22986,2999.79,26214,3417.57,24203,3158.65,7802,1015.96,16105,2096.54,2055,269.18,5669,735.87,-11999,-1562.59
300821.SZ,20230202,24135,3191.16,17719,2344.07,24687,3263.02,19001,2513.15,8598,1137.13,19889,2628.98,3279,434.16,4090,539.27,-11922,-1573.27
300821.SZ,20230201,27099,3562.34,36417,4798.94,32929,4333.18,31865,4197.63,21518,2837.89,19679,2587.47,7195,953.05,780,102.41,12609,1669.55
300821.SZ,20230131,24141,3132.41,16540,2147.27,20675,2682.78,23141,3002.18,6857,890.23,13327,1729.57,1335,173.6,0,0.0,2852,372.65
300821.SZ,20230130,27556,3609.41,22498,2948.33,25518,3343.45,25205,3301.62,13053,1711.81,16956,2220.59,1532,200.69,3000,394.82,-7476,-971.11
300821.SZ,20230120,18979,2458.72,19763,2560.09,17942,2324.41,19960,2586.48,11028,1429.23,9119,1181.66,1133,147.05,240,31.18,8268,1073.73
300821.SZ,20230119,19023,2432.6,13901,1778.74,13627,1743.7,14555,1861.79,4983,638.1,7683,981.99,0,0.0,1494,191.88,-2218,-280.11
300821.SZ,20230118,23318,3001.96,32340,4164.75,26198,3372.46,23825,3069.05,13868,1788.19,7351,945.76,132,16.95,0,0.0,1853,241.58
300821.SZ,20230117,17253,2185.44,13203,1673.31,10272,1301.81,11844,1500.41,5327,673.73,7806,987.28,0,0.0,0,0.0,-3225,-406.45
300821.SZ,20230116,25239,3194.94,27573,3491.89,29100,3685.38,26057,3298.14,13921,1764.13,12707,1610.23,0,0.0,1923,244.18,17240,2184.69
300821.SZ,20230113,17424,2160.93,13142,1633.7,15555,1932.69,14242,1768.36,5319,661.45,8625,1069.58,0,0.0,2289,283.43,-6378,-787.51
300821.SZ,20230112,14255,1776.92,13274,1655.71,13060,1629.0,12924,1611.95,6344,789.91,6393,795.41,0,0.0,1068,132.75,-2901,-357.95
300821.SZ,20230111,21021,2627.89,14299,1790.85,17181,2148.48,20698,2588.21,6461,807.65,9666,1204.96,0,0.0,0,0.0,-10152,-1265.14
300821.SZ,20230110,23340,2938.52,15353,1933.69,21006,2644.23,22019,2772.32,5149,648.59,11574,1456.23,0,0.0,549,69.09,-10011,-1258.38
300821.SZ,20230109,28371,3603.64,26799,3408.29,28747,3652.46,29597,3761.73,13415,1706.63,11172,1418.1,2583,328.89,5548,703.5,-1062,-128.8
300821.SZ,20230106,46500,5914.66,62158,7918.75,65087,8295.73,61609,7859.22,37366,4766.48,28608,3640.52,5199,670.21,1777,228.59,17785,2255.64
300821.SZ,20230105,20230,2461.48,28327,3449.05,25299,3079.14,24947,3035.6,14233,1734.22,8982,1094.08,2494,303.89,0,0.0,9740,1185.16
300821.SZ,20230104,17947,2145.03,15008,1794.98,18261,2183.5,22264,2663.75,8110,971.36,7046,841.15,0,0.0,0,0.0,-7097,-844.84
300821.SZ,20230103,17769,2102.16,17405,2065.83,21032,2493.47,18494,2191.91,8988,1068.27,9669,1143.39,412,47.96,2633,310.72,12587,1490.34
300821.SZ,20221230,21534,2531.99,13540,1593.16,18754,2204.88,17943,2108.15,7887,926.47,14192,1667.87,0,0.0,2500,294.17,-15215,-1790.64
300821.SZ,20221229,9209,1096.94,8484,1010.91,9271,1104.57,12224,1456.38,4753,565.98,2515,299.41,990,118.24,1000,119.02,-1627,-192.21
300821.SZ,20221228,14730,1758.54,11154,1331.59,14724,1757.46,12359,1475.43,2488,296.36,8429,1005.34,0,0.0,0,0.0,-10521,-1255.29
300821.SZ,20221227,13725,1657.38,13265,1602.64,14430,1743.85,12531,1514.26,4200,507.83,6559,792.15,0,0.0,0,0.0,-5083,-613.51
300821.SZ,20221226,11969,1451.28,8597,1042.89,11882,1441.45,11279,1367.9,2558,310.53,6533,792.46,0,0.0,0,0.0,3808,462.16
300821.SZ,20221223,14696,1765.46,12139,1459.58,13004,1562.43,14654,1761.57,5926,713.96,5447,652.71,0,0.0,1386,167.98,873,109.59
300821.SZ,20221222,20886,2558.62,15456,1893.32,18495,2264.3,17892,2191.57,8775,1071.92,12105,1480.34,0,0.0,2703,329.61,-11281,-1384.02
300821.SZ,20221221,16474,2060.96,12805,1606.84,13427,1684.08,13934,1742.84,3459,433.33,5121,639.54,0,0.0,1500,189.15,-7652,-956.43
300821.SZ,20221220,11858,1497.05,13068,1650.52,10483,1323.44,9881,1248.05,5582,706.11,4974,628.03,0,0.0,0,0.0,-1257,-156.31
300821.SZ,20221219,18909,2404.21,15594,1985.95,14226,1809.11,15209,1934.04,5225,665.04,7557,958.36,0,0.0,0,0.0,-7018,-892.29
300821.SZ,20221216,25230,3246.39,18542,2386.89,18940,2438.06,19761,2544.57,4725,608.95,9744,1252.03,0,0.0,848,109.9,-17144,-2203.7
300821.SZ,20221215,13032,1702.59,12386,1619.76,15656,2046.38,14418,1883.99,5209,681.57,7093,926.8,0,0.0,0,0.0,-1349,-174.33
300821.SZ,20221214,20868,2734.44,15530,2037.69,16359,2145.84,16005,2098.23,5476,717.97,8664,1134.27,0,0.0,2504,328.06,-12351,-1612.43
300821.SZ,20221213,25040,3294.86,14780,1946.99,19712,2593.61,19322,2542.47,7516,990.96,15418,2027.87,766,100.04,3513,462.13,-14385,-1889.75
300821.SZ,20221212,37491,4999.77,20519,2737.48,29451,3928.53,29615,3949.61,9223,1229.32,24390,3251.75,256,33.96,1897,252.74,-22475,-2992.82
300821.SZ,20221209,35992,4900.22,41781,5688.28,43165,5877.36,37673,5130.7,23735,3232.59,23513,3201.47,2200,298.18,2124,287.9,-26249,-3570.78
300821.SZ,20221208,41571,5645.32,53339,7252.82,61245,8329.05,57139,7769.46,29482,4010.63,24568,3335.27,2748,372.55,0,0.0,20745,2825.93
300821.SZ,20221207,22804,3069.97,22337,3009.73,26780,3607.59,24634,3318.7,12551,1692.14,15240,2051.42,3298,443.98,3221,433.82,-7061,-945.16
300821.SZ,20221206,28256,3786.84,33035,4434.4,34719,4658.36,28870,3873.61,16956,2277.7,16851,2256.85,0,0.0,1175,158.04,-774,-91.25
300821.SZ,20221205,23331,3107.95,23759,3166.72,25015,3334.95,23801,3171.03,12237,1630.65,13893,1851.33,2399,318.59,1528,203.07,6630,890.61
300821.SZ,20221202,18821,2480.35,14219,1874.44,13824,1821.99,13455,1773.95,4067,536.19,5929,781.56,154,20.22,3263,428.79,-4817,-632.16
300821.SZ,20221201,22787,3015.49,19127,2532.12,19481,2577.52,18275,2418.1,7125,943.24,10507,1389.75,0,0.0,1484,196.27,5267,701.66
300821.SZ,20221130,18671,2447.5,16083,2108.37,14842,1945.47,13399,1755.93,4260,558.85,7519,986.69,0,0.0,772,100.82,-8891,-1161.75
300821.SZ,20221129,26903,3522.88,21953,2875.59,20797,2722.02,20156,2640.3,9178,1201.19,10820,1414.24,0,0.0,3950,515.96,15186,1990.57
300821.SZ,20221128,19959,2557.19,16789,2151.95,13854,1775.59,14723,1886.83,5313,680.18,7614,974.17,0,0.0,0,0.0,-3640,-464.1
300821.SZ,20221125,29658,3896.65,26092,3426.91,22519,2959.33,23413,3075.83,10037,1316.88,12709,1670.12,0,0.0,0,0.0,-24964,-3276.45
300821.SZ,20221124,24699,3294.54,22948,3064.29,20148,2689.62,24013,3205.76,8683,1159.25,8568,1143.04,2844,381.22,845,111.54,13985,1868.85
300821.SZ,20221123,28883,3787.5,21294,2797.41,23136,3039.14,24011,3149.85,5828,764.13,12620,1653.81,278,36.48,200,26.18,-3282,-427.27
300821.SZ,20221122,25951,3480.87,25030,3359.93,24502,3290.47,26471,3553.24,10021,1345.91,9773,1311.12,800,107.04,0,0.0,-5648,-746.74
300821.SZ,20221121,20414,2715.04,15749,2096.29,16286,2167.69,16841,2240.65,4862,646.13,8972,1191.91,0,0.0,0,0.0,1824,247.68
300821.SZ,20221118,25752,3456.63,18552,2490.89,21292,2860.33,22709,3051.12,8549,1148.69,12832,1722.23,1500,200.85,3000,402.26,-13917,-1864.1
300821.SZ,20221117,27914,3751.82,17541,2359.71,24799,3335.16,23507,3160.77,8741,1174.88,14150,1901.53,883,119.27,7139,959.12,-9367,-1252.74
300821.SZ,20221116,22970,3139.69,19876,2718.85,25528,3491.52,26381,3607.9,11747,1607.15,14480,1979.31,1718,236.28,1226,168.58,-8767,-1193.38
300821.SZ,20221115,34272,4639.12,31092,4214.46,37468,5079.55,39354,5330.64,14754,2002.27,17143,2327.45,1903,257.98,807,106.37,15194,2070.03
300821.SZ,20221114,39169,5327.16,35308,4816.13,43425,5908.85,34679,4719.71,12676,1729.67,21503,2918.59,1226,167.23,5006,678.48,-21648,-2923.64
300821.SZ,20221111,31671,4281.31,31019,4202.92,33435,4525.99,40797,5525.33,23442,3180.77,16190,2188.99,2020,274.21,2563,345.03,7235,994.26
300821.SZ,20221110,27680,3681.25,16736,2226.45,17713,2357.71,21467,2856.58,10175,1354.35,16299,2168.37,0,0.0,1066,141.91,-9373,-1245.32
300821.SZ,20221109,16965,2290.16,12530,1691.65,16245,2192.59,19936,2690.81,5843,788.06,6587,888.36,0,0.0,0,0.0,-5483,-738.12
300821.SZ,20221108,24321,3289.28,20660,2797.83,23846,3227.02,26431,3575.58,9398,1272.81,10070,1360.14,1000,134.6,1404,190.17,-9679,-1305.14
300821.SZ,20221107,35175,4785.7,38299,5214.47,42988,5850.29,41816,5693.66,15457,2108.18,13718,1865.96,1980,270.82,1766,240.91,-3889,-523.83
300821.SZ,20221104,30441,4035.45,34853,4619.53,33011,4373.73,32604,4323.4,18748,2486.39,13306,1764.7,1094,145.49,2531,333.43,16693,2212.58
300821.SZ,20221103,23844,3096.01,18972,2463.77,21261,2762.17,18403,2389.53,6679,867.84,14985,1948.39,1576,205.58,1000,129.9,-49,-6.02
300821.SZ,20221102,29123,3775.43,27966,3629.31,25611,3325.67,26933,3496.92,13068,1699.56,13624,1768.46,1660,215.15,939,121.13,5825,763.28
300821.SZ,20221101,23142,2943.77,27170,3458.38,27087,3449.6,23390,2976.39,13038,1661.51,11852,1511.14,854,109.48,1710,218.45,19106,2437.02
300821.SZ,20221031,21507,2671.68,19190,2385.35,13296,1652.71,16305,2027.33,7930,987.62,7238,899.34,0,0.0,0,0.0,-3740,-459.58
300821.SZ,20221028,45217,5739.42,31073,3939.67,31961,4049.21,32903,4176.7,10108,1279.56,21802,2761.5,0,0.0,1509,190.3,-26124,-3312.46
300821.SZ,20221027,54423,7237.65,47755,6348.72,49896,6639.1,43707,5817.06,22451,2991.88,28441,3785.67,1490,197.43,8357,1114.61,-35277,-4678.02
300821.SZ,20221026,33374,4555.25,33520,4576.4,29441,4019.99,33454,4566.64,14585,1992.92,10903,1490.35,1900,260.43,1424,195.21,15651,2145.09
300821.SZ,20221025,32578,4296.46,21441,2834.07,20273,2676.78,25698,3391.6,8644,1139.21,12652,1662.0,60,7.86,1765,232.64,-6044,-793.59
300821.SZ,20221024,26350,3590.5,21018,2866.68,25073,3414.28,25749,3506.44,9494,1292.92,12793,1740.77,0,0.0,1357,183.8,-945,-121.69
300821.SZ,20221021,25394,3463.47,16880,2305.09,21054,2873.64,20699,2826.09,7701,1050.9,17304,2358.56,1750,239.43,1016,137.69,-16044,-2185.94
300821.SZ,20221020,26629,3649.19,23871,3274.16,26280,3604.04,27618,3791.72,12745,1750.62,12238,1676.45,1000,135.7,2927,397.22,3631,503.32
300821.SZ,20221019,19857,2744.66,19697,2724.71,25616,3543.86,25475,3523.0,12199,1684.47,12263,1692.78,2071,285.93,2307,318.43,-5844,-800.95
300821.SZ,20221018,22286,3081.58,20737,2869.67,23319,3225.45,20645,2856.96,9803,1357.75,14004,1935.34,768,105.98,790,108.78,-7494,-1033.11
300821.SZ,20221017,22403,3080.86,19464,2678.39,23302,3207.69,21785,2997.28,10476,1442.57,15640,2152.66,709,97.2,0,0.0,677,96.78
300821.SZ,20221014,27448,3762.89,31273,4293.59,34606,4750.18,34298,4705.19,23000,3161.14,18558,2546.49,806,109.6,1731,238.54,10052,1378.58
300821.SZ,20221013,23212,3127.16,22499,3033.48,25109,3384.69,26079,3515.04,11098,1497.42,11264,1517.74,424,56.99,0,0.0,-6276,-844.43
300821.SZ,20221012,32029,4214.25,34849,4599.9,32293,4261.77,24913,3293.68,13746,1826.7,13857,1828.25,0,0.0,4449,580.89,4808,664.28
300821.SZ,20221011,26311,3405.23,27146,3522.24,24573,3187.44,23781,3085.04,8886,1150.92,9577,1237.33,3234,423.53,2500,322.51,12764,1660.14
300821.SZ,20221010,22023,2847.15,19206,2488.17,15275,1977.56,15434,1995.27,4937,639.96,8967,1157.02,2349,303.49,977,127.7,-7956,-1034.82
300821.SZ,20220930,19167,2532.05,17125,2262.64,15890,2099.28,13471,1780.2,4466,590.31,8319,1099.72,1212,161.11,1820,240.19,-2439,-316.18
300821.SZ,20220929,21460,2853.92,17089,2275.7,15780,2100.92,17479,2327.17,6990,928.59,9662,1280.56,0,0.0,0,0.0,186,28.47
300821.SZ,20220928,29107,3918.85,16993,2292.28,19771,2666.0,23973,3231.83,6063,815.95,12637,1698.17,0,0.0,1339,178.53,-9037,-1222.33
300821.SZ,20220927,19171,2632.0,16538,2274.64,20008,2753.42,18291,2515.12,9132,1257.24,12655,1738.77,802,110.92,1629,225.06,7573,1048.34
300821.SZ,20220926,22117,3048.17,20291,2801.01,19193,2648.07,18943,2611.54,6878,946.73,8954,1230.42,0,0.0,0,0.0,1031,146.64
300821.SZ,20220923,31946,4437.35,21479,2988.44,27813,3866.83,30674,4259.91,12269,1704.68,18721,2600.86,1033,143.28,2187,302.93,-9011,-1260.39
300821.SZ,20220922,18988,2712.91,14208,2031.67,18547,2649.6,15399,2201.71,5879,840.85,11405,1629.49,1167,166.92,3570,507.39,-3461,-491.02
300821.SZ,20220921,20750,2952.87,14000,1993.42,18248,2599.08,19176,2731.31,8437,1200.21,12272,1746.43,503,71.82,2490,352.81,5754,819.88
300821.SZ,20220920,20214,2921.99,19624,2838.33,26601,3846.41,24187,3497.69,10570,1529.27,15700,2269.86,2833,410.76,707,102.57,-5510,-787.92
300821.SZ,20220919,28007,4020.0,28627,4110.94,32148,4620.59,27795,3992.09,19319,2778.48,22726,3262.5,2970,424.06,3296,477.59,7812,1126.76
300821.SZ,20220916,23112,3285.77,20987,2984.71,19946,2832.34,20858,2960.62,7792,1105.62,10505,1490.08,1500,211.69,0,0.0,-9415,-1335.64
300821.SZ,20220915,46721,6838.03,26006,3807.82,33629,4918.81,37236,5449.55,9338,1363.12,25174,3683.11,3227,481.66,4499,661.13,-17242,-2547.34
300821.SZ,20220914,29434,4451.27,19904,3011.95,28163,4261.0,27006,4085.75,8664,1310.27,15315,2313.54,726,109.48,4762,720.79,-12272,-1847.84
300821.SZ,20220913,35099,5452.17,20247,3144.65,32945,5115.72,34241,5318.69,9224,1431.07,18100,2809.21,0,0.0,4680,726.4,-18389,-2851.69
300821.SZ,20220909,34579,5494.58,42479,6757.15,41507,6599.55,40234,6394.42,22348,3557.58,18381,2924.51,3527,561.61,867,137.25,3462,546.26
300821.SZ,20220908,24245,3780.57,18965,2959.73,26182,4085.63,26425,4122.27,8108,1264.91,13144,2049.11,0,0.0,0,0.0,-12428,-1934.72
300821.SZ,20220907,34167,5369.73,27198,4280.29,33470,5264.31,32800,5157.55,14049,2208.82,20145,3163.54,1242,193.96,2785,435.44,-7595,-1187.69
300821.SZ,20220906,29603,4613.31,39763,6210.86,37097,5788.42,35613,5558.35,23261,3641.12,13386,2091.24,7801,1218.56,9000,1400.96,12851,2002.91
300821.SZ,20220905,24237,3712.96,20685,3173.88,22224,3407.44,22477,3445.83,8861,1359.19,11369,1739.49,0,0.0,792,120.38,-9233,-1411.22
300821.SZ,20220902,35010,5351.25,46645,7142.16,41094,6292.6,37907,5803.78,20731,3182.05,13674,2094.76,2430,374.13,1039,159.33,9426,1441.38
300821.SZ,20220901,37324,5614.62,27322,4113.83,30629,4603.32,32762,4921.58,8224,1233.69,18094,2714.87,3246,487.01,1245,188.36,-23400,-3514.24
300821.SZ,20220831,42792,6591.7,27840,4293.97,29628,4559.26,37298,5739.14,11743,1807.94,19344,2975.45,2197,336.87,1879,287.21,-14229,-2199.32
300821.SZ,20220830,32928,5228.53,25703,4082.29,23309,3702.41,24555,3896.55,8594,1363.48,13175,2094.15,0,0.0,1398,221.43,-14710,-2335.52
300821.SZ,20220829,25978,4143.27,26926,4304.7,21353,3414.71,23236,3710.18,9458,1513.5,8352,1336.23,2623,420.95,899,141.32,1461,235.9
300821.SZ,20220826,36197,5862.69,27426,4444.84,33842,5483.91,27346,4429.76,6993,1133.93,22259,3605.94,0,0.0,0,0.0,-15562,-2512.21
300821.SZ,20220825,55120,8885.68,36645,5910.66,36370,5864.26,44064,7102.94,21400,3436.63,28169,4531.81,0,0.0,4012,641.16,-16654,-2672.46
300821.SZ,20220824,63630,10713.34,39705,6698.12,46156,7772.88,52088,8767.47,25535,4305.49,34716,5845.72,1541,253.51,10352,1733.9,-36069,-6090.56
300821.SZ,20220823,47245,8144.03,54223,9360.14,48369,8343.91,46586,8039.11,29607,5112.2,26617,4583.34,7306,1262.62,5101,880.18,-4388,-742.41
300821.SZ,20220822,36558,6184.84,40377,6843.75,35733,6058.22,34411,5829.67,21827,3704.79,19230,3257.42,0,0.0,100,17.02,4981,853.92
300821.SZ,20220819,77924,13353.43,45509,7801.62,54469,9335.82,66065,11315.62,24668,4219.55,41845,7162.87,5489,935.35,9131,1564.04,-50685,-8675.81
300821.SZ,20220818,51137,8958.65,45013,7892.42,49292,8638.0,46935,8226.61,26628,4669.75,34577,6055.24,2847,499.73,3379,591.87,-15272,-2666.54
300821.SZ,20220817,115508,20328.01,55362,9753.07,82012,14427.71,86283,15188.49,30774,5425.03,61483,10812.59,4134,730.07,29300,5156.69,-53641,-9437.68
300821.SZ,20220816,101513,18448.3,71956,13101.24,94992,17285.61,94836,17259.36,47661,8677.69,67310,12242.93,14592,2662.7,24656,4470.77,-30113,-5433.65
300821.SZ,20220815,98168,17775.12,142119,25818.44,134513,24415.9,134605,24467.29,88813,16160.6,63048,11434.64,29156,5330.78,10878,1962.03,30497,5640.47
300821.SZ,20220812,138593,24504.34,75827,13433.87,111028,19665.52,130824,23165.34,45315,8043.41,79676,14105.36,11263,1997.41,19873,3506.11,-27278,-4830.42
300821.SZ,20220811,121702,22117.53,112299,20484.71,148239,26999.92,141644,25797.03,77502,14141.94,89350,16246.31,16549,3024.16,20698,3755.5,-17865,-3127.28
300821.SZ,20220810,128248,23168.63,101494,18368.08,135422,24477.08,135665,24519.43,68055,12312.44,82117,14825.74,15253,2765.51,27701,5010.41,4675,942.37
300821.SZ,20220809,105258,18781.54,122771,21954.41,136575,24368.52,133597,23855.43,84303,15063.57,72995,13016.06,22851,4106.1,19625,3493.83,30676,5503.05
300821.SZ,20220808,55224,9495.37,73906,12728.37,74661,12843.5,74870,12879.35,45688,7867.28,32839,5651.37,15226,2626.44,9184,1573.5,16160,2780.72
300821.SZ,20220805,59554,9973.51,54556,9148.7,68411,11463.94,63576,10652.33,32583,5464.88,36767,6151.61,3000,500.26,8648,1449.95,-23088,-3829.14
300821.SZ,20220804,71320,12027.89,85874,14502.57,99575,16803.75,92828,15687.51,51129,8641.36,46354,7809.58,12279,2080.1,9247,1553.44,16970,2898.82
300821.SZ,20220803,67749,11095.17,69846,11470.07,69071,11330.29,68405,11220.96,33443,5494.62,35430,5790.26,9111,1485.0,5692,923.8,25017,4086.52
300821.SZ,20220802,70139,11266.86,40422,6508.73,60135,9649.99,62773,10096.71,20815,3338.14,38406,6147.9,3028,486.33,12517,1987.98,-17666,-2841.25
300821.SZ,20220801,40184,6696.33,40237,6727.08,40957,6840.59,44070,7359.3,22852,3828.42,21408,3568.43,2734,460.0,1012,170.52,13243,2233.27
300821.SZ,20220729,58287,9819.99,45760,7730.26,52994,8949.38,54523,9204.35,25829,4371.96,29981,5048.19,5715,968.02,12561,2126.55,-31515,-5306.1
300821.SZ,20220728,47352,7942.62,51652,8678.7,50500,8478.07,57020,9573.53,29488,4954.27,28801,4831.79,14963,2518.02,4830,808.95,24522,4133.93
300821.SZ,20220727,39046,6473.27,33068,5487.54,40683,6747.22,43608,7232.2,15870,2634.68,19957,3308.35,4574,759.93,3540,587.0,-2456,-398.19
300821.SZ,20220726,43536,7120.02,49327,8086.54,55232,9056.1,48869,8006.89,29612,4852.61,28495,4654.31,1334,219.54,3023,500.52,27546,4515.93
300821.SZ,20220725,44043,7079.24,26772,4311.89,32430,5226.12,40934,6583.11,13258,2128.65,20616,3310.09,2658,423.67,4067,652.59,-14075,-2257.91
300821.SZ,20220722,55670,9141.03,39610,6520.53,51223,8425.15,55625,9145.71,20404,3359.92,29395,4819.15,1000,163.4,3667,604.1,-17472,-2848.83
300821.SZ,20220721,47163,7862.23,34838,5809.49,44486,7420.12,45228,7542.82,17009,2837.9,26026,4342.04,1006,167.8,3572,593.69,-19114,-3168.23
300821.SZ,20220720,51460,8698.45,33390,5648.26,43102,7289.88,44482,7523.88,13772,2331.0,24672,4170.3,1542,259.23,7332,1236.12,-18552,-3127.08
300821.SZ,20220719,54330,9305.66,57948,9929.0,66125,11336.46,52971,9080.97,28899,4961.21,24755,4241.22,3368,580.93,17048,2933.08,-19432,-3305.26
300821.SZ,20220718,43212,7235.39,51278,8631.82,52109,8752.4,52403,8820.94,24755,4180.9,24853,4165.47,11588,1973.44,3130,523.9,4841,830.16
300821.SZ,20220715,51212,8684.02,42131,7152.27,46693,7927.09,49616,8423.95,22721,3862.08,26812,4547.36,1092,184.7,3159,534.3,-27066,-4566.54
300821.SZ,20220714,42855,7272.01,54445,9244.0,54259,9204.87,47592,8076.21,32707,5552.54,26591,4506.5,6953,1181.65,8146,1384.36,7101,1202.26
300821.SZ,20220713,37969,6282.13,34447,5711.19,39134,6484.09,36276,6005.48,17906,2970.77,21524,3561.52,1000,167.1,3762,625.9,2374,407.95
300821.SZ,20220712,41967,7004.75,34946,5840.87,36911,6164.62,41160,6875.0,17777,2967.4,20335,3388.85,1103,185.85,1317,217.9,-17672,-2936.3
300821.SZ,20220711,76906,12931.52,38092,6409.39,54057,9099.87,60544,10196.15,20716,3484.01,43584,7314.37,3205,539.37,12663,2134.86,-11396,-1901.83
300821.SZ,20220708,69776,12251.74,39688,6980.99,43702,7682.14,48649,8547.28,16164,2839.13,37201,6529.55,3804,672.05,7908,1387.22,-31302,-5488.08
300821.SZ,20220707,70509,12516.81,52865,9392.48,52786,9367.08,61034,10840.92,22147,3933.26,30641,5430.72,4972,880.38,5874,1033.41,17086,3040.77
300821.SZ,20220706,110926,19694.02,57911,10281.62,91466,16232.74,97645,17327.89,45092,7992.52,81636,14490.85,6743,1198.35,17034,3017.27,-57911,-10271.65
300821.SZ,20220705,86728,16132.8,60546,11282.84,85919,15988.87,91567,17043.13,46329,8627.97,54238,10082.29,1941,364.21,14566,2705.59,-53771,-9981.46
300821.SZ,20220704,89376,16776.36,88218,16597.19,115839,21789.57,116928,21993.52,64916,12224.75,64331,12076.09,10920,2039.77,11574,2163.64,12005,2316.01
300821.SZ,20220701,88032,16301.39,106166,19723.44,125630,23343.08,124377,23089.31,81377,15146.14,56614,10511.12,6731,1255.16,14614,2721.9,14775,2824.99
300821.SZ,20220630,93275,16870.92,77661,14114.43,101716,18455.08,100219,18161.95,52160,9471.58,65055,11781.06,5093,935.64,9310,1675.77,-2338,-369.58
300821.SZ,20220629,111673,20884.84,104296,19580.63,117246,21993.21,109933,20595.75,60490,11345.56,72843,13651.58,12637,2399.48,14974,2795.13,-38966,-7190.01
300821.SZ,20220628,85393,15684.71,75442,13894.96,86720,15954.91,94585,17396.29,53366,9828.72,59165,10879.45,17065,3148.83,13351,2446.47,-1412,-207.58
300821.SZ,20220627,98373,18136.72,80232,14815.49,101083,18657.0,107729,19870.43,52959,9779.5,64358,11876.44,9811,1816.8,9905,1827.66,-39299,-7218.13
300821.SZ,20220624,106767,19584.73,144637,26566.39,149617,27467.79,134630,24713.49,83314,15311.02,73764,13536.31,17768,3264.67,4435,812.02,23668,4407.68
300821.SZ,20220623,101546,17718.5,80857,14187.38,94839,16612.0,101744,17799.83,46375,8133.36,60002,10468.42,14175,2490.84,14333,2499.06,-4489,-775.4
300821.SZ,20220622,88647,15739.98,74112,13178.69,78766,13999.36,82822,14715.59,47044,8364.23,49457,8781.96,7817,1393.93,15883,2821.26,-8798,-1549.88
300821.SZ,20220621,175978,31342.45,90199,16064.35,123142,21929.17,138291,24639.98,62298,11101.56,110620,19694.63,11624,2067.55,33931,6041.78,-34869,-6216.64
300821.SZ,20220620,148264,27719.83,105578,19750.59,140129,26208.23,152898,28591.79,88154,16485.87,105282,19683.56,15479,2892.39,28268,5280.37,-41215,-7683.19
300821.SZ,20220617,179437,35056.28,178309,34891.38,211323,41326.03,198093,38721.7,126443,24790.05,140584,27478.37,40793,7969.45,41010,8050.35,10293,2132.65
300821.SZ,20220616,123175,22994.11,94152,17610.35,128017,23937.39,129061,24129.24,59812,11208.41,80752,15085.41,10886,2040.11,17924,3355.02,-45295,-8425.22
300821.SZ,20220615,180681,34232.51,159928,30379.99,200299,38022.35,209805,39793.67,143556,27282.93,141792,26906.76,35698,6812.76,48709,9270.13,-46601,-8646.32
300821.SZ,20220614,189380,35357.12,209478,39200.03,237018,44231.31,244600,45673.37,154578,28915.71,155831,29147.66,56991,10809.96,28058,5293.04,71925,13522.06
300821.SZ,20220613,133984,23485.88,114185,20072.41,163115,28618.05,155192,27236.1,82439,14506.53,104317,18276.63,16927,2967.59,22772,3992.9,-26889,-4698.43
300821.SZ,20220610,140652,23742.46,155259,26339.22,182593,30850.76,180809,30554.98,99894,16970.65,95931,16224.42,28698,4887.44,19838,3332.7,46812,7942.73
300821.SZ,20220609,102640,16529.53,138436,22349.9,142270,22942.14,142191,22941.83,84320,13629.08,69102,11116.02,28222,4566.66,7722,1259.65,34529,5590.4
300821.SZ,20220608,69859,10818.96,72403,11234.84,70548,10951.35,74125,11497.04,41910,6512.98,39124,6074.3,4129,647.17,794,124.28,-13139,-1976.47
300821.SZ,20220607,72980,11391.45,54973,8600.03,67061,10494.53,77974,12195.86,37109,5810.49,46719,7293.54,6058,940.05,3543,547.09,-16049,-2482.86
300821.SZ,20220606,75279,11642.43,82393,12761.27,87567,13549.99,85864,13292.96,48381,7501.96,41831,6462.69,5527,852.19,6666,1029.66,54992,8508.16
300821.SZ,20220602,39578,5940.54,30336,4558.76,41731,6266.71,40549,6090.58,22837,3432.51,28395,4264.3,6451,968.28,11317,1694.39,-11328,-1696.37
300821.SZ,20220601,50636,7631.61,35449,5347.67,52929,7979.01,54670,8243.19,23809,3592.68,31916,4810.09,3596,540.12,8935,1342.47,-23756,-3571.55
300821.SZ,20220531,61324,9458.84,57775,8922.15,77032,11886.23,69795,10769.73,41188,6354.0,46299,7136.79,3438,532.52,9112,1402.93,-18606,-2842.0
300821.SZ,20220530,56639,8514.27,44975,6770.41,64933,9767.49,62244,9366.63,32795,4938.87,45122,6779.29,6103,921.51,8129,1225.8,-30175,-4525.28
300821.SZ,20220527,77744,11861.17,89895,13738.91,98316,15012.22,97228,14862.62,53205,8142.65,48228,7359.44,13226,2037.3,7139,1092.36,28005,4304.52
300821.SZ,20220526,54546,8034.68,44768,6614.54,58394,8607.27,57443,8480.23,21659,3206.89,30679,4510.44,2106,313.94,3815,557.57,-4264,-599.12
300821.SZ,20220525,58864,8680.14,48825,7210.73,60037,8853.2,55244,8147.33,19186,2833.46,29999,4417.87,493,74.3,4511,665.17,-27436,-4045.98
300821.SZ,20220524,82149,12464.65,87462,13285.72,94925,14415.68,97110,14739.01,41910,6365.44,39044,5923.78,6233,945.64,1602,242.9,-10781,-1595.46
300821.SZ,20220523,41607,6221.44,36913,5525.79,48492,7253.53,47263,7069.58,26363,3946.21,30428,4548.83,0,0.0,1858,276.99,-6504,-962.0
300821.SZ,20220520,83094,12507.86,79888,12050.6,85479,12884.25,81419,12272.49,37165,5608.34,42272,6367.34,6201,942.58,8361,1252.6,-35818,-5389.77
300821.SZ,20220519,86730,12575.19,111776,16336.83,93703,13652.01,89887,13088.98,51344,7510.25,39493,5740.13,18866,2803.66,9487,1375.15,44940,6630.49
300821.SZ,20220518,37216,5278.92,31128,4418.4,30124,4276.05,30252,4293.07,11282,1600.37,17589,2492.68,543,76.57,196,27.75,-17211,-2434.55
300821.SZ,20220517,39410,5551.95,37686,5313.82,30642,4321.34,33260,4687.93,15414,2174.51,13504,1903.67,0,0.0,1016,142.37,11934,1696.12
300821.SZ,20220516,41302,5810.93,27871,3922.76,31435,4426.16,32452,4568.67,11320,1597.3,21702,3054.24,1201,169.51,3233,458.24,-19328,-2707.96
300821.SZ,20220513,31704,4466.41,40536,5720.5,35073,4946.46,32985,4655.48,20228,2858.76,13854,1952.07,1826,260.3,1455,203.88,-9183,-1283.74
300821.SZ,20220512,42308,5903.0,38456,5368.28,35051,4893.34,35476,4952.26,12195,1705.07,17902,2496.19,2281,315.32,0,0.0,-15642,-2175.15
300821.SZ,20220511,67746,9641.64,71560,10200.88,73394,10457.7,65521,9341.9,37481,5359.6,41474,5909.4,4553,647.89,4619,654.64,493,57.49
300821.SZ,20220510,33448,4537.89,31290,4250.73,30102,4094.11,31204,4241.62,18502,2517.43,16713,2268.45,4977,678.3,7822,1066.94,7311,999.72
300821.SZ,20220509,25725,3445.04,29329,3929.37,22057,2956.91,24498,3284.71,13083,1757.88,8166,1095.32,1128,149.57,0,0.0,-4160,-552.47
300821.SZ,20220506,40873,5404.62,26256,3476.59,26235,3470.62,29232,3869.38,6740,890.35,16132,2127.72,0,0.0,2228,291.89,639,84.53
300821.SZ,20220505,49882,6794.19,43464,5929.75,45386,6185.72,43306,5901.17,15115,2059.53,22270,3026.01,607,82.13,1949,264.64,-5652,-768.87
300821.SZ,20220429,47339,6308.47,52606,7011.8,46308,6171.43,48596,6486.13,22429,2995.69,17942,2396.21,6077,819.29,3008,400.72,1671,224.1
300821.SZ,20220428,55497,7194.75,41590,5400.01,46576,6042.73,46688,6059.5,17277,2244.56,30478,3947.42,1868,242.18,2462,317.29,-1675,-208.61
300821.SZ,20220427,60434,7523.24,55298,6929.95,50267,6269.75,52199,6515.94,29427,3684.43,31720,3943.67,4897,621.9,5809,709.77,27306,3405.49
300821.SZ,20220426,47926,5976.51,37490,4690.53,38885,4849.44,38390,4788.05,20173,2513.68,31953,3973.42,4467,563.15,3618,450.78,-3984,-494.31
300821.SZ,20220425,50821,6801.68,37896,5083.83,42033,5626.14,43420,5809.28,17088,2280.46,26353,3514.88,762,103.85,3035,404.13,-12148,-1619.45
300821.SZ,20220422,42713,6085.18,34132,4871.53,41219,5870.24,35540,5064.63,18816,2678.27,31351,4460.29,7827,1115.11,9553,1352.36,-11232,-1611.38
300821.SZ,20220421,49522,7430.73,34759,5226.85,39967,5998.29,42948,6450.5,14782,2225.54,27902,4178.77,1643,247.29,305,45.72,-21591,-3250.73
300821.SZ,20220420,35148,5497.71,40143,6290.1,40060,6271.27,42792,6698.77,21424,3358.14,13542,2115.49,1251,196.88,1406,219.64,-9160,-1418.68
300821.SZ,20220419,48259,7576.9,34946,5499.47,40452,6352.25,43201,6785.94,16182,2550.67,25122,3944.9,1092,175.7,2716,425.21,-7594,-1166.81
300821.SZ,20220418,42951,6634.64,42438,6574.55,46030,7131.85,45722,7082.02,21641,3356.61,23010,3554.62,3712,579.7,3164,491.62,-321,-26.94
300821.SZ,20220415,54403,8281.06,72188,11037.57,72816,11121.97,61906,9456.14,44315,6775.8,34899,5300.65,3294,505.54,5835,890.02,3673,579.73
300821.SZ,20220414,27682,4119.63,25435,3785.4,27306,4063.41,23117,3442.24,12812,1905.18,16767,2493.35,1597,238.62,4078,605.85,-683,-91.44
300821.SZ,20220413,30934,4596.56,30577,4548.55,27957,4161.54,27150,4033.78,15115,2248.03,17864,2656.07,2364,349.81,780,117.55,-10063,-1486.48
300821.SZ,20220412,36557,5362.7,30346,4473.37,30747,4521.25,32781,4819.82,18610,2745.09,20807,3047.14,306,45.59,2286,334.31,4742,699.52
300821.SZ,20220411,46396,6962.85,30425,4582.57,33447,5021.51,41896,6287.43,13414,2017.01,24143,3616.0,7146,1073.97,3939,589.34,-24605,-3703.03
300821.SZ,20220408,43010,6622.7,35308,5451.61,33748,5203.26,37883,5840.86,15964,2462.51,22094,3398.03,4100,636.85,1537,234.83,602,97.97
300821.SZ,20220407,47912,7492.5,39514,6188.69,34643,5418.75,38227,5975.26,19675,3077.91,21878,3419.25,0,0.0,2611,405.96,-24941,-3883.73
300821.SZ,20220406,55305,8744.52,33035,5230.27,40238,6365.78,39708,6281.24,13375,2116.42,30790,4866.15,0,0.0,5385,849.06,-7521,-1190.24
300821.SZ,20220401,32793,5320.89,31967,5190.77,30250,4910.76,27921,4530.16,13634,2210.77,14516,2353.1,57,9.28,2330,377.68,-10176,-1646.32
300821.SZ,20220331,59805,9831.68,35192,5785.85,43894,7217.01,47869,7875.8,17050,2804.38,32676,5368.39,701,115.81,5713,938.83,-29245,-4805.08
300821.SZ,20220330,41938,6988.1,53418,8925.1,45424,7579.14,45194,7542.75,30879,5160.08,23986,3992.05,9181,1535.06,4824,802.49,1049,195.74
300821.SZ,20220329,43774,7230.49,37610,6221.81,39783,6577.78,37098,6133.81,18427,3045.29,22905,3782.29,1149,190.46,5520,906.12,-16354,-2697.64
300821.SZ,20220328,60154,10000.11,44845,7468.4,47444,7890.69,47852,7962.48,16694,2780.3,27868,4624.65,3700,615.37,7427,1230.94,-6481,-1064.96
300821.SZ,20220325,65565,11328.27,51688,8937.69,50776,8776.98,49109,8488.48,20406,3530.35,33801,5838.8,3842,662.63,5992,1033.25,-33326,-5724.68
300821.SZ,20220324,81754,14225.86,56101,9775.4,58185,10130.68,60060,10456.95,25416,4429.63,43938,7644.38,533,93.86,5788,1003.3,-11033,-1890.97
300821.SZ,20220323,67613,12234.93,64176,11640.68,63079,11441.07,58615,10610.21,32233,5838.59,38461,6966.98,2784,507.02,4457,803.75,-17536,-3116.97
300821.SZ,20220322,74610,13511.42,64328,11664.53,60445,10957.6,57510,10426.68,31054,5634.48,33961,6153.92,2137,388.33,12447,2246.69,-44020,-7949.8
300821.SZ,20220321,61902,11266.29,60796,11088.37,64392,11744.37,61467,11204.49,37530,6844.84,41047,7476.32,3686,678.31,4199,764.63,-21556,-3899.62
300821.SZ,20220318,60685,11041.0,54724,9975.64,60124,10952.21,62112,11317.56,33593,6124.31,37091,6746.14,5558,1017.84,6033,1096.02,-5556,-991.84
300821.SZ,20220317,85246,15574.42,80215,14675.19,79428,14526.19,78631,14377.47,43665,7990.64,46083,8431.49,5343,983.84,8753,1590.95,-3301,-568.26
300821.SZ,20220316,66095,11564.88,66611,11678.52,72272,12647.16,72207,12641.46,39075,6858.1,43281,7580.39,13420,2361.56,8763,1531.34,2210,457.03
300821.SZ,20220315,87484,15538.36,59280,10569.83,63301,11233.05,72525,12878.47,32377,5767.33,47245,8377.36,3665,661.39,7777,1374.47,-20080,-3551.84
300821.SZ,20220314,88683,16405.09,57975,10742.4,65514,12131.12,68561,12683.36,31191,5776.15,52928,9786.04,5209,957.33,11133,2057.89,-35368,-6520.08
300821.SZ,20220311,100088,18630.53,66164,12386.17,76722,14328.58,82741,15466.93,44081,8266.61,62844,11697.4,7733,1459.02,16875,3134.22,18421,3509.07
300821.SZ,20220310,100295,19031.47,87032,16542.46,96880,18405.61,111745,21223.77,68360,12999.19,70235,13341.19,22725,4322.09,19248,3650.93,-1056,-149.72
300821.SZ,20220309,138658,25924.69,82807,15501.82,123328,23064.21,126134,23551.87,61088,11416.08,100585,18812.81,12205,2313.52,25753,4852.0,-37795,-7135.71
300821.SZ,20220308,103874,20695.42,79255,15831.75,125213,25001.53,109524,21835.03,56680,11306.81,81830,16323.71,8791,1754.38,23948,4767.65,-15180,-2901.64
300821.SZ,20220307,92565,19174.93,108146,22434.38,128708,26692.21,120358,24966.06,96706,20070.41,94136,19514.68,24444,5080.59,19782,4103.02,-25961,-5317.09
300821.SZ,20220304,120018,24596.5,72827,14943.43,124202,25454.82,120042,24604.25,82300,16886.9,105375,21612.71,18790,3843.51,47065,9621.34,-43797,-8946.38
300821.SZ,20220303,148882,31958.49,109196,23567.93,168278,36236.75,175629,37820.68,121785,26298.64,144112,31036.81,50332,10887.16,60340,12955.63,-20041,-4120.6
300821.SZ,20220302,128284,26959.53,174973,36948.4,204053,42974.93,227871,48045.82,189008,39801.19,153228,32253.32,73664,15687.06,38937,8175.18,76462,16567.18
300821.SZ,20220301,108126,21793.47,160659,32445.34,162514,32841.65,176455,35682.33,138836,28142.97,103596,20993.59,58973,11979.75,27738,5636.59,61746,12683.27
300821.SZ,20220228,80017,15411.67,63060,12176.21,82541,15926.42,80306,15489.67,41888,8074.65,52321,10075.46,7562,1474.28,16321,3145.68,-7860,-1495.55
300821.SZ,20220225,116619,22862.49,98829,19399.37,126823,24890.83,127994,25139.01,63524,12488.67,73757,14462.35,12401,2435.5,18788,3676.75,-56093,-10960.32
300821.SZ,20220224,192003,38624.53,149881,30319.76,229908,46440.55,221900,44773.12,144463,29352.46,183581,37045.21,46277,9396.45,57288,11675.89,8249,1800.4
300821.SZ,20220223,138072,27091.23,179245,35154.69,178308,34966.07,196654,38664.1,129630,25461.78,115638,22788.53,65056,12935.95,19530,3847.72,79957,15723.16
300821.SZ,20220222,76697,13948.52,84077,15357.36,91322,16668.37,87492,15953.07,47197,8633.69,48234,8784.24,13740,2509.02,9153,1664.92,16433,3107.49
300821.SZ,20220221,55668,10047.31,47681,8627.05,58617,10593.03,58979,10661.41,33477,6062.07,37795,6819.87,3253,588.68,6560,1182.77,-17977,-3216.81
300821.SZ,20220218,56192,10159.04,45104,8161.36,58184,10523.98,62001,11215.02,32830,5941.02,40597,7339.43,3764,682.06,3268,590.29,-10972,-1971.25
300821.SZ,20220217,94108,17063.57,100067,18185.4,113253,20558.68,109086,19807.99,63131,11480.79,63501,11521.43,12371,2256.56,10209,1844.78,20648,3808.52
300821.SZ,20220216,59971,10645.54,57319,10192.76,68743,12212.29,71816,12759.52,42263,7522.08,33506,5949.44,3870,686.81,12206,2165.01,3727,690.16
300821.SZ,20220215,58736,10302.81,68078,11943.28,78540,13779.19,70861,12425.77,47324,8304.94,45041,7906.35,5340,938.33,5959,1049.86,40634,7130.39
300821.SZ,20220214,39407,6735.34,31760,5432.98,35370,6048.25,40451,6914.09,20810,3558.76,22633,3867.81,618,105.55,1361,233.03,-23383,-3994.35
300821.SZ,20220211,56700,9877.53,60624,10597.13,65734,11486.17,61013,10642.96,30456,5323.16,32027,5583.29,5221,908.72,4447,772.2,-10054,-1720.12
300821.SZ,20220210,61175,10722.83,48866,8572.18,57385,10062.08,56571,9919.18,26386,4628.05,35256,6176.53,2375,416.23,6627,1161.3,-13745,-2393.72
300821.SZ,20220209,73838,13230.96,89226,15990.38,87819,15739.78,73099,13110.13,45528,8171.29,43372,7768.99,5613,1007.99,7101,1280.52,-12956,-2299.59
300821.SZ,20220208,57477,9970.8,67701,11763.41,69368,12056.57,56108,9750.58,32790,5702.22,34689,6018.56,858,149.62,1996,346.66,-12321,-2104.22
300821.SZ,20220207,70501,12140.92,81948,14141.54,79862,13776.33,79649,13721.72,47585,8217.24,38080,6571.04,6084,1052.48,4355,752.67,-8105,-1338.61
300821.SZ,20220128,66570,11101.6,59846,9986.88,54778,9143.09,57700,9630.37,24418,4074.21,26076,4342.93,4069,679.92,6213,1038.63,-16481,-2735.56
300821.SZ,20220127,123823,21198.6,85005,14552.59,102094,17488.83,99463,17026.52,51993,8905.76,72897,12490.29,15618,2710.25,36164,6234.04,-51653,-8822.74
300821.SZ,20220126,127902,23216.82,139596,25424.35,141574,25804.57,158207,28835.72,100199,18275.6,93533,17087.1,39546,7311.0,17886,3260.82,49952,9279.72
300821.SZ,20220125,53193,8815.69,37031,6149.3,35096,5815.77,39877,6606.43,12680,2105.85,19544,3230.85,1000,168.49,5517,919.22,-15929,-2616.52
300821.SZ,20220124,42784,7199.68,43024,7246.4,29006,4886.49,30256,5093.48,13605,2300.35,12517,2113.26,3245,546.07,2843,479.45,22500,3796.5
300821.SZ,20220121,47748,7948.74,35467,5903.83,25772,4289.13,28467,4737.4,8267,1372.87,17243,2868.07,2660,440.46,3270,541.89,-6383,-1052.76
300821.SZ,20220120,59453,10257.03,45598,7864.83,36853,6338.36,44068,7587.68,18126,3118.14,24789,4268.66,3448,590.29,3425,582.66,-37966,-6545.24
300821.SZ,20220119,52966,9396.35,36039,6395.45,31279,5549.78,38599,6846.79,13041,2311.85,23019,4081.0,539,95.23,168,29.97,-19960,-3540.96
300821.SZ,20220118,48147,8748.03,33324,6059.5,37828,6879.41,39970,7268.25,18839,3423.09,28081,5102.18,2057,372.49,5496,993.08,-12315,-2226.26
300821.SZ,20220117,51208,9286.07,45427,8256.1,51203,9304.24,51194,9299.32,22205,4039.99,30134,5459.47,2739,494.34,600,109.74,6965,1296.39
300821.SZ,20220114,37732,6842.8,43023,7815.08,40627,7381.1,37319,6778.96,31514,5729.27,28445,5165.64,3103,564.81,4189,758.3,-1281,-219.28
300821.SZ,20220113,62882,11481.63,40631,7415.24,43706,7979.65,51812,9463.57,20511,3742.56,29384,5364.19,628,115.3,5899,1076.14,-28888,-5254.11
300821.SZ,20220112,64441,11908.74,75389,13944.96,71300,13180.28,68289,12630.73,40789,7545.86,32111,5935.16,11310,2096.15,12051,2220.19,7992,1495.72
300821.SZ,20220111,90440,16637.36,103876,19125.5,110686,20405.94,95957,17693.95,62612,11536.69,57051,10506.96,8097,1499.82,14951,2753.4,-11088,-1974.48
300821.SZ,20220110,47537,8307.15,56855,9962.69,47068,8248.35,42648,7476.46,21732,3814.72,22906,4015.86,8539,1513.77,2467,428.99,30145,5321.27
300821.SZ,20220107,49852,8720.03,35966,6290.79,34542,6039.48,36960,6460.07,14403,2516.17,22782,3984.22,2799,488.25,5888,1028.85,-32002,-5579.06
300821.SZ,20220106,39880,7064.3,33698,5973.48,30288,5369.49,36099,6400.87,12683,2250.94,9164,1621.46,0,0.0,3890,688.94,6103,1089.97
300821.SZ,20220105,57322,10139.74,36578,6477.67,36819,6514.33,41520,7349.8,12851,2277.9,23686,4185.08,1865,329.23,7073,1248.63,-25998,-4596.0
300821.SZ,20220104,48173,8697.45,45743,8264.92,37770,6821.07,35002,6322.14,14358,2593.68,22186,3999.33,5539,999.95,2909,525.78,-13062,-2353.98
