ts_code,trade_date,buy_sm_vol,buy_sm_amount,sell_sm_vol,sell_sm_amount,buy_md_vol,buy_md_amount,sell_md_vol,sell_md_amount,buy_lg_vol,buy_lg_amount,sell_lg_vol,sell_lg_amount,buy_elg_vol,buy_elg_amount,sell_elg_vol,sell_elg_amount,net_mf_vol,net_mf_amount
601077.SH,20251231,325301,20912.9,267691,17199.04,343813,22073.16,290132,18626.4,96416,6188.79,164245,10558.78,26155,1682.46,69618,4473.09,322619,20731.88
601077.SH,20251230,227464,14325.76,230705,14524.81,226462,14258.06,206522,13004.55,82722,5207.4,103649,6526.86,9974,627.42,5746,362.42,-32044,-1980.81
601077.SH,20251229,224960,14154.1,228731,14386.79,258245,16244.44,267854,16847.3,99168,6231.59,104859,6593.12,45169,2837.5,26098,1640.43,-88382,-5522.65
601077.SH,20251226,158813,10100.24,180462,11473.45,117172,7450.26,111199,7071.14,62737,3988.23,66584,4235.92,30141,1915.95,10617,674.18,-144531,-9181.35
601077.SH,20251225,151440,9727.18,144697,9290.94,111662,7166.76,122740,7877.87,79288,5087.36,72448,4650.81,64236,4109.86,66741,4271.55,-5256,-313.57
601077.SH,20251224,170504,10933.08,216759,13883.64,168008,10770.89,133587,8573.32,56066,3596.83,59275,3812.6,29935,1923.96,14892,955.19,-56039,-3550.12
601077.SH,20251223,164730,10581.87,165148,10606.38,119051,7650.72,123316,7926.74,70395,4524.1,54252,3489.71,3575,229.83,15035,963.69,49176,3170.83
601077.SH,20251222,191437,12224.38,230732,14729.28,140827,8991.54,130023,8303.09,72618,4631.12,57272,3650.58,13144,835.91,0,0.0,-161990,-10325.32
601077.SH,20251219,226425,14698.62,208537,13529.56,170713,11080.01,181105,11756.02,74914,4860.04,87767,5698.35,29892,1939.01,24536,1593.76,64534,4208.19
601077.SH,20251218,342592,21841.56,294682,18790.04,277789,17697.92,269117,17143.67,126574,8034.87,159985,10165.77,22512,1440.4,45683,2915.27,277365,17668.4
601077.SH,20251217,237167,14867.09,277380,17380.28,252298,15820.34,239652,15029.91,116689,7309.61,85645,5368.09,7068,442.34,10545,661.09,-99147,-6193.38
601077.SH,20251216,228897,14383.62,245449,15413.73,195829,12309.61,219561,13807.24,127551,8018.84,95226,5990.24,17243,1083.1,9283,583.96,15879,1029.44
601077.SH,20251215,308669,19277.57,390610,24383.2,222386,13878.28,251870,15716.9,135625,8462.14,89932,5613.9,75812,4726.19,10080,630.18,-178651,-11113.89
601077.SH,20251212,653951,41345.91,625807,39562.61,422868,26728.73,482725,30514.34,150525,9506.46,140610,8880.54,104696,6620.32,82898,5243.93,-211456,-13330.8
601077.SH,20251211,239515,15150.48,247492,15647.43,238072,15049.6,263698,16671.56,105234,6654.37,57063,3608.92,19552,1233.14,34120,2159.69,-55413,-3482.09
601077.SH,20251210,238008,15207.44,249635,15948.34,170522,10894.19,183966,11746.69,61691,3938.92,57977,3705.39,25487,1623.18,4130,263.31,-112372,-7147.55
601077.SH,20251209,213413,13814.12,203122,13142.17,193317,12520.65,200544,12982.33,61521,3983.94,72434,4693.84,39624,2563.19,31775,2063.56,-48893,-3126.89
601077.SH,20251208,187414,12227.86,189629,12367.44,191842,12517.35,177230,11561.07,97019,6328.87,97588,6366.51,31143,2027.6,42971,2806.66,-114689,-7456.97
601077.SH,20251205,197324,12960.07,204072,13394.77,164259,10789.64,206776,13578.68,110517,7258.48,86093,5654.8,56548,3724.04,31708,2103.99,-63618,-4130.71
601077.SH,20251204,139891,9296.61,147211,9778.34,79810,5304.85,88365,5874.65,47461,3153.24,39114,2598.9,24970,1658.67,17442,1161.47,-14989,-979.0
601077.SH,20251203,185930,12473.24,208622,13997.2,202017,13561.55,181064,12154.81,68956,4628.06,56020,3760.88,11137,745.71,22334,1495.67,-84796,-5648.86
601077.SH,20251202,269473,18051.13,244601,16377.19,169286,11338.27,197251,13206.61,54826,3663.89,80219,5372.64,44785,2997.06,16299,1093.91,53757,3627.88
601077.SH,20251201,294020,19414.56,298425,19697.18,224797,14845.64,206585,13647.79,101591,6711.23,78003,5156.91,18776,1242.18,56171,3711.73,152776,10119.71
601077.SH,20251128,170399,11091.66,184762,12022.48,96040,6248.48,92033,5989.14,29135,1894.81,39383,2563.53,25212,1639.71,4608,299.52,-12219,-783.07
601077.SH,20251127,180964,11813.6,177658,11595.17,135359,8832.83,143682,9373.08,55035,3587.18,52989,3460.89,30164,1966.95,27194,1771.43,5120,361.44
601077.SH,20251126,181299,11861.31,180781,11821.38,102058,6673.3,110907,7254.65,43641,2853.37,54792,3584.96,28304,1851.45,8822,578.44,-3300,-196.08
601077.SH,20251125,211777,13784.92,214014,13927.59,117398,7644.39,114092,7428.43,62393,4060.38,54707,3560.63,7305,473.64,16060,1046.67,51950,3400.56
601077.SH,20251124,313359,20372.02,295765,19221.35,171802,11159.6,191414,12436.9,76709,4980.51,60217,3914.3,36370,2363.72,50843,3303.3,14313,953.5
601077.SH,20251121,307340,20397.38,289038,19167.7,203077,13459.64,209270,13877.19,88496,5855.83,100950,6678.92,38101,2522.1,37756,2511.14,-124792,-8217.32
601077.SH,20251120,249392,16956.51,242324,16462.44,179298,12185.59,180279,12252.76,53318,3616.94,53542,3641.66,6241,423.07,12104,825.25,44295,3070.04
601077.SH,20251119,247234,16667.78,198539,13377.53,97178,6540.63,125894,8483.64,30128,2027.35,40080,2699.44,4971,333.7,14999,1008.86,72476,4902.12
601077.SH,20251118,242391,16329.11,238273,16050.37,168099,11320.35,171073,11517.96,102447,6888.41,117645,7915.51,34862,2345.56,20807,1399.59,-107574,-7221.38
601077.SH,20251117,223082,15343.01,247176,16999.55,160697,11050.15,167148,11489.34,85379,5862.96,52951,3637.54,7662,527.3,9545,656.98,-90512,-6198.38
601077.SH,20251114,156866,11046.48,154855,10898.52,114603,8073.01,118282,8332.38,51719,3641.16,58324,4108.24,16536,1161.85,8264,583.36,39064,2789.01
601077.SH,20251113,241837,16964.25,258086,18101.8,176957,12414.86,189364,13291.12,79302,5563.37,76046,5345.05,37408,2638.59,12008,843.08,-99276,-6927.24
601077.SH,20251112,296046,21076.57,305640,21749.66,272139,19381.62,247920,17655.33,145395,10360.0,153547,10932.53,73235,5204.83,79708,5685.49,29781,2183.68
601077.SH,20251111,186485,13056.59,144671,10124.44,149577,10473.16,129449,9062.5,59119,4138.73,94236,6600.54,9809,686.92,36634,2567.92,18065,1283.61
601077.SH,20251110,269434,18881.07,223181,15629.01,260348,18254.21,229717,16103.98,98522,6907.82,169485,11893.79,5379,376.94,11300,793.26,-47491,-3291.96
601077.SH,20251107,244063,17120.61,276792,19401.62,192813,13518.69,174464,12238.12,105974,7425.18,83393,5849.37,23134,1620.91,31335,2196.26,-73262,-5097.26
601077.SH,20251106,234999,16583.48,200065,14114.42,208086,14684.76,196270,13849.76,90986,6421.66,150152,10596.65,24897,1752.65,12482,881.74,335,58.15
601077.SH,20251105,179886,12868.9,164091,11730.98,109480,7833.4,99587,7126.08,50865,3638.98,56941,4078.21,5091,362.02,24703,1768.03,42797,3089.34
601077.SH,20251104,214461,15352.73,230261,16475.1,106406,7617.73,94323,6753.7,62699,4485.49,59092,4230.21,28212,2015.97,28101,2012.92,29782,2157.62
601077.SH,20251103,381547,26928.92,372150,26278.14,300348,21258.27,263311,18606.1,134051,9505.72,155572,11040.4,40585,2870.41,65497,4638.69,225473,15983.27
601077.SH,20251031,261466,18002.36,267086,18380.43,167903,11564.38,173333,11941.03,52663,3631.61,51706,3570.7,10092,693.81,0,0.0,93703,6485.25
601077.SH,20251030,250223,17274.47,256969,17733.78,155332,10729.03,151650,10474.65,52207,3602.28,49299,3407.0,10679,736.4,10523,726.75,26060,1826.97
601077.SH,20251029,371872,25452.79,373430,25566.04,299444,20489.52,374175,25612.82,193235,13233.3,131396,8990.98,65927,4492.8,51477,3498.57,-43659,-2900.78
601077.SH,20251028,222932,15536.12,211417,14725.99,135240,9412.96,161017,11210.54,55322,3850.88,60074,4182.84,22087,1534.45,3072,215.04,16833,1199.33
601077.SH,20251027,314827,21963.51,321637,22437.22,250964,17519.06,228928,15979.66,82631,5770.47,86968,6073.52,3342,232.23,14231,994.88,97507,6858.07
601077.SH,20251024,249283,17326.48,249979,17366.89,141230,9812.19,148899,10343.77,96586,6703.15,97006,6734.03,78974,5470.22,70190,4867.35,-70820,-4887.65
601077.SH,20251023,292996,20577.94,284834,20004.14,195571,13736.47,208669,14648.35,94752,6647.28,94914,6654.93,30965,2165.12,25867,1819.39,-76167,-5294.6
601077.SH,20251022,185914,13151.71,188039,13297.22,114394,8090.82,118628,8388.9,53206,3764.31,52983,3751.56,17415,1229.84,11278,799.01,34756,2477.92
601077.SH,20251021,329939,23386.14,300824,21313.66,203450,14407.89,214270,15183.29,73165,5176.28,90668,6413.47,15940,1124.1,16733,1183.98,-74230,-5230.54
601077.SH,20251020,384557,27449.25,379137,27055.76,261624,18657.44,269436,19215.96,122703,8736.57,113512,8087.6,16222,1157.78,23021,1641.73,-57543,-4081.67
601077.SH,20251017,298357,21775.07,279728,20414.86,164076,11981.57,183231,13381.7,97674,7126.97,96646,7050.63,25825,1883.31,26327,1919.74,64159,4752.45
601077.SH,20251016,377346,27286.13,309293,22362.3,291527,21062.2,254177,18359.71,127262,9209.7,194116,14035.8,13597,986.97,52146,3787.17,282755,20497.61
601077.SH,20251015,385819,27619.67,369779,26460.05,256227,18341.12,294012,21045.68,192018,13745.13,163272,11699.83,68878,4936.18,75878,5436.54,5531,452.82
601077.SH,20251014,726768,50640.74,647830,45148.19,536124,37334.93,502735,35006.25,294353,20469.32,332622,23173.08,86354,5960.46,160413,11077.96,515425,36059.15
601077.SH,20251013,597052,39587.91,552823,36656.39,491254,32645.03,475741,31580.25,192366,12816.88,222014,14793.64,55467,3687.94,85561,5707.48,325944,21745.54
601077.SH,20251010,350299,22866.67,339166,22137.47,265052,17296.08,247289,16137.9,103161,6724.51,129118,8419.77,20759,1353.62,23700,1545.73,98359,6455.71
601077.SH,20251009,301465,19350.12,386213,24782.89,198210,12721.16,198946,12778.08,114195,7335.46,65487,4215.56,41199,2654.12,4423,284.33,-98315,-6285.72
601077.SH,20250930,375540,24283.29,442710,28611.06,270520,17499.93,275541,17844.3,163198,10585.27,117230,7607.76,58503,3802.0,32280,2107.36,-111783,-7112.88
601077.SH,20250929,437164,28731.08,391556,25722.32,395177,25976.99,350390,23026.41,123226,8094.99,168915,11112.48,39390,2592.48,84096,5534.33,198899,13134.12
601077.SH,20250926,339194,21791.04,305610,19633.75,275867,17727.24,264303,16979.18,89428,5751.45,104436,6714.57,25689,1653.83,55828,3596.06,126846,8167.25
601077.SH,20250925,309838,19768.71,319714,20384.73,269787,17210.15,275374,17570.88,154950,9874.95,171744,10954.69,52613,3350.63,20357,1294.14,-167682,-10644.56
601077.SH,20250924,375750,24626.54,360299,23606.54,343687,22514.0,310533,20344.02,113368,7420.25,145085,9503.62,20605,1345.6,37493,2452.2,174159,11439.85
601077.SH,20250923,464737,29498.12,401724,25474.47,275632,17477.23,326741,20745.38,104521,6622.76,129443,8212.69,36470,2319.69,23452,1485.26,176430,11262.69
601077.SH,20250922,174421,10885.45,173822,10844.05,122619,7653.37,131231,8191.01,47399,2954.28,46175,2881.9,25262,1576.24,18473,1152.38,-533,-14.47
601077.SH,20250919,225886,14171.03,249021,15611.38,161077,10096.64,177319,11117.87,74038,4636.32,53103,3331.15,31535,1976.42,13093,820.01,-131885,-8245.01
601077.SH,20250918,362558,23345.23,404121,26016.06,281500,18136.98,294843,19000.23,177796,11463.59,120267,7762.36,7221,464.76,9843,631.91,-137829,-8796.69
601077.SH,20250917,298903,19211.73,314564,20205.07,281071,18052.83,259247,16651.32,109928,7061.9,102594,6601.5,2251,144.29,15748,1012.85,60279,3934.04
601077.SH,20250916,417315,26664.93,439955,28085.97,454269,29065.28,421488,26961.79,149737,9580.96,144055,9242.61,17757,1133.91,33580,2154.72,102927,6766.17
601077.SH,20250915,281500,18009.73,304807,19494.81,190782,12203.08,242627,15515.1,87924,5617.83,55986,3582.76,52754,3373.86,9540,611.83,-134758,-8585.39
601077.SH,20250912,279229,18229.77,311349,20318.53,195377,12752.34,192982,12597.22,71030,4631.35,56276,3671.59,17282,1126.18,2311,152.29,-209302,-13644.75
601077.SH,20250911,359810,23958.84,323621,21537.63,270075,17979.14,294008,19560.33,138193,9191.51,154812,10315.32,24146,1599.65,19784,1315.85,-5936,-313.69
601077.SH,20250910,442931,29337.31,343211,22707.65,401458,26570.0,422670,27976.69,196478,12979.03,234820,15532.56,20045,1328.82,60210,3998.27,212240,14097.51
601077.SH,20250909,288887,18723.69,291667,18897.6,200365,12987.55,220097,14265.72,106799,6925.26,82767,5368.88,36267,2348.16,37787,2452.46,-73822,-4743.24
601077.SH,20250908,368031,24083.86,327666,21435.38,305313,19972.42,320428,20974.7,136164,8904.56,167815,10976.11,27320,1793.94,20918,1368.58,95966,6304.27
601077.SH,20250905,317541,20496.57,295295,19052.68,254847,16445.25,270033,17426.82,163431,10538.63,139474,8996.65,6582,424.63,37599,2428.93,54238,3535.13
601077.SH,20250904,409938,26283.09,439255,28159.24,331333,21230.99,405593,25994.75,226842,14532.68,163924,10519.36,74708,4813.2,34048,2186.61,-108438,-6893.56
601077.SH,20250903,392331,25735.46,410475,26916.65,299792,19666.3,295680,19391.28,132326,8668.25,132802,8719.36,30718,2023.3,16211,1066.02,-120975,-7898.95
601077.SH,20250902,625671,41237.7,592896,39075.08,628331,41363.88,628501,41395.9,317471,20912.48,349782,23013.7,111533,7342.0,111827,7371.37,402892,26500.4
601077.SH,20250901,509008,32488.19,445464,28407.31,468431,29902.74,449196,28660.79,201556,12830.93,244621,15594.68,31262,1971.63,70976,4530.71,264580,16993.73
601077.SH,20250829,371847,23710.22,328378,20921.47,300980,19193.57,315556,20121.85,148387,9455.63,173709,11076.2,44428,2823.56,48000,3063.46,20968,1458.52
601077.SH,20250828,335335,21153.42,327564,20651.98,239618,15106.19,245147,15460.17,144960,9138.35,123679,7800.29,24689,1555.01,48211,3040.55,89060,5660.91
601077.SH,20250827,339597,21623.18,408160,25983.43,345218,21990.69,337621,21508.78,265588,16908.14,276728,17625.26,117828,7500.74,45721,2905.27,-319449,-20337.77
601077.SH,20250826,196067,12653.1,217633,14039.66,148465,9578.24,144994,9355.61,101607,6553.17,87281,5632.29,40775,2631.65,37006,2388.6,-54482,-3496.53
601077.SH,20250825,314371,20365.95,305245,19765.97,232166,15033.11,216961,14048.55,107730,6971.86,135182,8753.99,69680,4508.26,66559,4310.66,19389,1289.06
601077.SH,20250822,354003,22873.71,387581,25042.11,311641,20138.73,313844,20281.37,166777,10765.64,188814,12185.33,78007,5038.05,20190,1307.32,-254719,-16429.01
601077.SH,20250821,217326,14290.39,239386,15731.39,183548,12066.66,190753,12543.11,115253,7574.62,88021,5789.42,42752,2812.04,40719,2679.79,-56245,-3671.08
601077.SH,20250820,341031,22428.99,360340,23687.57,337038,22155.91,345373,22708.5,181590,11937.82,153578,10097.18,30849,2025.37,31217,2054.83,141569,9357.34
601077.SH,20250819,222837,14492.89,233481,15178.38,206331,13411.65,195799,12728.94,91122,5920.7,89367,5808.96,16250,1056.25,17893,1165.2,-67706,-4375.47
601077.SH,20250818,331225,21508.25,388255,25203.3,304614,19777.76,289741,18807.2,130685,8488.85,103247,6713.95,52448,3405.45,37729,2455.85,-88403,-5687.74
601077.SH,20250815,318876,20749.31,343932,22376.57,247863,16125.93,258967,16845.52,133008,8651.53,127500,8299.03,60926,3959.37,30274,1965.02,-165735,-10752.88
601077.SH,20250814,333653,22243.9,411035,27391.81,303571,20234.35,286567,19100.42,128043,8539.51,106669,7113.55,73170,4862.32,34165,2274.31,-225448,-15005.49
601077.SH,20250813,294217,19789.34,291309,19584.04,204623,13757.9,212823,14309.49,89529,6017.48,102018,6862.87,36907,2478.55,19127,1286.87,-74662,-4987.78
601077.SH,20250812,257368,17440.66,239656,16238.22,186346,12634.64,198778,13473.15,90573,6136.89,107018,7260.04,20811,1411.38,9645,652.17,-66922,-4507.49
601077.SH,20250811,298366,20294.92,307599,20918.47,217091,14763.27,211376,14375.03,79282,5388.25,78911,5365.52,7816,529.66,4669,317.07,-116886,-7923.8
601077.SH,20250808,192014,13260.7,174171,12022.38,104474,7216.35,112136,7747.47,42575,2940.55,47238,3266.76,128,8.87,5646,389.85,18741,1313.55
601077.SH,20250807,231243,15989.73,198453,13718.07,145320,10044.11,138042,9545.06,68235,4714.83,88163,6094.66,5117,353.93,25257,1744.82,62119,4310.42
601077.SH,20250806,185545,12787.43,187789,12940.7,131422,9058.8,146458,10095.58,77170,5318.95,94081,6490.24,36348,2510.1,2157,148.77,-2017,-117.6
601077.SH,20250805,286579,19722.28,263378,18121.29,182721,12568.48,205030,14108.53,101335,6969.34,120389,8285.25,25232,1739.36,7071,484.4,62278,4325.41
601077.SH,20250804,346392,23649.91,312569,21333.39,269163,18364.56,307361,20974.49,137115,9351.0,154564,10548.65,42080,2872.27,20256,1381.2,201856,13797.45
601077.SH,20250801,245654,16568.14,294651,19862.34,186082,12560.05,159972,10805.98,85301,5761.67,65433,4426.68,26686,1797.19,23666,1592.05,-100957,-6751.51
601077.SH,20250731,306540,20724.14,293098,19800.12,174333,11771.87,200116,13519.11,78221,5276.76,70321,4752.24,11421,767.19,6980,468.49,-23997,-1560.06
601077.SH,20250730,350045,23992.27,325747,22312.41,292783,20067.37,277716,19042.44,87743,6010.69,112913,7752.22,17108,1173.19,31304,2136.46,156987,10826.24
601077.SH,20250729,286228,19536.46,317426,21658.22,235930,16094.35,234378,15976.11,122684,8350.49,99957,6803.46,34941,2377.71,28022,1921.23,-234866,-15883.97
601077.SH,20250728,360691,24991.76,312574,21646.57,241459,16724.56,250397,17342.98,88848,6153.21,137167,9509.25,26535,1829.83,17395,1200.56,136297,9510.54
601077.SH,20250725,265928,18206.24,249200,17055.14,217464,14885.03,216810,14840.28,100671,6888.75,119139,8157.28,30064,2056.06,28978,1983.38,114610,7871.07
601077.SH,20250724,420895,28672.17,421229,28693.53,380727,25930.13,363180,24736.22,240614,16366.76,268223,18250.01,54646,3725.45,44250,3014.76,-259747,-17661.17
601077.SH,20250723,307178,21415.04,315225,21968.95,285963,19938.02,307544,21440.96,161324,11241.62,141762,9883.26,46635,3255.77,36569,2557.29,-140182,-9718.92
601077.SH,20250722,372062,26045.39,371025,25974.37,275887,19309.01,294963,20643.29,144656,10125.06,121311,8489.65,58351,4078.88,63655,4451.02,-160859,-11260.82
601077.SH,20250721,235756,16908.89,259613,18609.68,201877,14495.19,176370,12669.09,89668,6435.94,79132,5687.84,7647,547.86,19834,1421.27,-67703,-4815.02
601077.SH,20250718,267213,19235.48,308721,22217.44,196780,14162.84,184303,13264.47,117246,8437.44,93912,6762.5,20158,1450.53,14462,1041.88,-132597,-9487.82
601077.SH,20250717,261231,18920.33,283837,20552.86,184215,13333.84,193738,14021.65,74506,5392.4,57357,4159.6,36586,2653.52,21606,1566.0,-143941,-10382.53
601077.SH,20250716,281852,20604.06,278522,20357.89,155889,11392.5,183370,13400.62,81219,5934.96,64812,4738.68,11527,841.52,3783,275.86,-114365,-8332.08
601077.SH,20250715,256877,19215.24,224750,16801.14,112862,8438.05,140257,10489.98,51018,3809.11,50362,3767.15,6103,453.69,11491,857.83,25938,1970.15
601077.SH,20250714,311954,23394.14,274140,20541.62,189255,14189.8,212106,15910.18,120998,9084.13,128315,9641.84,3586,270.02,11231,844.45,143948,10824.85
601077.SH,20250711,458875,34142.14,396546,29498.08,232659,17339.9,263378,19650.02,140163,10431.26,160366,11918.02,26307,1954.28,37714,2801.46,53059,4063.41
601077.SH,20250710,254669,19121.04,267067,20044.65,177408,13319.0,213168,16003.55,105583,7926.59,74312,5584.98,41717,3128.34,24830,1861.78,-45445,-3373.33
601077.SH,20250709,401898,30057.48,385895,28844.42,339606,25368.47,329364,24598.65,215818,16083.51,243316,18159.49,68372,5115.96,67120,5022.85,235111,17609.27
601077.SH,20250708,315628,23063.85,318940,23289.87,184769,13502.89,195222,14272.8,99997,7299.99,75238,5504.46,3773,275.06,14767,1074.66,-5075,-328.33
601077.SH,20250707,292752,21426.27,316207,23129.18,216434,15844.47,202663,14848.43,129881,9518.35,117000,8582.87,16394,1201.56,19592,1430.18,-111210,-8089.88
601077.SH,20250704,322867,23800.24,279469,20590.33,176035,12961.53,180418,13295.39,91395,6731.46,106932,7885.45,20606,1520.23,44084,3242.3,203588,15035.2
601077.SH,20250703,250579,18301.22,243318,17767.29,176067,12854.64,166308,12149.92,74336,5423.37,98659,7202.64,40401,2946.46,33099,2405.85,13672,1049.4
601077.SH,20250702,272356,19974.66,270327,19817.21,183320,13443.75,189348,13885.67,111296,8151.91,105838,7759.13,6694,492.41,8153,600.73,-31034,-2225.56
601077.SH,20250701,353747,25691.72,310506,22538.88,189868,13796.24,198551,14431.75,63976,4650.23,92856,6749.24,13272,963.81,18950,1382.13,207072,15089.64
601077.SH,20250630,374898,26715.36,403218,28728.01,232922,16601.03,193977,13830.1,105161,7497.45,90776,6473.26,14730,1050.93,39741,2833.41,-42141,-2972.66
601077.SH,20250627,356944,26134.97,405095,29633.56,311725,22872.08,306015,22474.24,165419,12126.88,136372,10009.54,41370,3038.27,27975,2054.87,-237040,-17319.39
601077.SH,20250626,295458,22133.28,310893,23304.07,195435,14668.99,200726,15065.37,128689,9657.53,128575,9646.69,35629,2688.09,15017,1131.75,64619,4888.16
601077.SH,20250625,310108,23196.14,305118,22813.36,188595,14101.2,212621,15893.44,113236,8458.7,84868,6348.09,25273,1883.58,34605,2584.72,-25535,-1864.2
601077.SH,20250624,324325,24293.59,339892,25454.77,200121,14982.86,212249,15880.9,106538,7963.73,96882,7253.04,37335,2791.69,19296,1443.16,64307,4862.15
601077.SH,20250623,475937,35413.0,412638,30686.42,267601,19859.7,292985,21763.84,113695,8445.93,137208,10195.88,23043,1711.39,37445,2783.88,123440,9189.37
601077.SH,20250620,338632,24663.11,321031,23370.02,191446,13939.75,207388,15101.16,101310,7369.2,101042,7362.54,60342,4401.6,62270,4539.95,84396,6184.57
601077.SH,20250619,230641,16631.97,261544,18859.28,175867,12679.95,170889,12327.14,110268,7954.1,98470,7110.03,39921,2885.2,25794,1854.77,-16283,-1151.74
601077.SH,20250618,311495,22447.95,281397,20271.09,189608,13665.3,204017,14704.86,56044,4035.6,95595,6880.04,43070,3086.89,19208,1379.76,90123,6550.4
601077.SH,20250617,353445,25403.09,344809,24780.9,220564,15848.23,242309,17408.03,100905,7244.4,72369,5197.52,33346,2386.72,48773,3496.0,-100664,-7205.64
601077.SH,20250616,572010,41297.74,604611,43648.92,352080,25408.77,354472,25584.46,192517,13891.1,169591,12240.91,49328,3566.92,37262,2690.23,-176814,-12695.05
601077.SH,20250613,1130829,81949.7,1015466,73580.81,1231877,89278.83,1319497,95612.99,545491,39506.34,620758,44980.43,417136,30226.57,369612,26787.21,251498,18347.03
601077.SH,20250612,395328,29518.01,364879,27226.68,399669,29844.92,443324,33105.03,148550,11080.78,156468,11673.37,76565,5701.72,55441,4140.34,-55308,-4021.23
601077.SH,20250611,261903,19584.34,303755,22704.64,165043,12337.68,167690,12538.58,75789,5663.52,55168,4125.58,28767,2148.73,4889,365.47,-49633,-3688.03
601077.SH,20250610,280651,21304.51,325369,24700.85,217098,16483.83,195140,14815.28,66937,5079.11,58197,4425.03,44094,3359.15,30073,2285.44,-93761,-7095.39
601077.SH,20250609,336955,25198.13,392349,29354.39,294742,22053.68,299605,22422.09,150573,11240.84,144837,10838.13,92754,7009.18,38234,2887.22,53221,3988.18
601077.SH,20250606,292434,21773.67,338599,25203.92,233741,17416.13,235411,17542.18,130333,9724.36,72459,5405.17,53746,4011.83,63785,4774.71,-17195,-1211.82
601077.SH,20250605,383488,28884.47,475876,35841.64,221027,16640.17,196807,14825.2,124901,9424.54,100502,7589.81,66239,5003.41,22469,1695.94,-258615,-19430.59
601077.SH,20250604,402692,30885.31,513188,39338.35,292908,22482.51,179384,13783.73,122369,9412.12,95697,7363.74,38804,2985.94,68504,5280.06,-76211,-5775.74
601077.SH,20250603,605924,46569.21,590983,45367.62,492480,37755.84,448590,34352.62,272825,20806.6,277591,21212.56,78268,5937.58,132334,10136.42,182765,14099.79
601077.SH,20250530,438397,31764.59,431755,31269.98,335954,24335.95,319484,23147.07,138859,10062.64,154283,11187.48,127657,9250.36,135346,9809.03,73795,5402.84
601077.SH,20250529,292979,20870.7,297010,21151.66,205037,14600.6,170438,12142.3,72676,5178.96,89961,6410.35,18247,1299.77,31529,2245.72,-42416,-2985.93
601077.SH,20250528,365903,26307.84,341353,24536.85,217201,15616.81,207288,14907.13,95768,6880.53,127304,9150.37,25692,1843.71,28619,2054.54,-87512,-6255.94
601077.SH,20250527,295291,21700.84,276072,20286.15,167192,12284.85,171889,12626.84,75053,5510.78,85835,6312.38,17373,1280.86,21113,1551.97,-21897,-1569.4
601077.SH,20250526,395851,29263.96,413568,30549.09,226275,16746.59,182735,13529.17,109355,8092.77,111250,8241.96,31600,2354.28,55528,4137.38,-88149,-6472.35
601077.SH,20250523,315431,24132.81,339021,25928.87,199727,15293.05,199184,15260.21,88609,6784.4,80496,6171.26,33943,2608.86,19010,1458.79,-58984,-4464.99
601077.SH,20250522,261578,19887.24,265871,20212.13,161391,12265.41,189820,14434.38,120003,9127.33,91491,6956.51,24852,1890.94,20642,1567.89,68646,5226.55
601077.SH,20250521,222810,16663.67,206570,15444.25,123643,9240.41,140197,10478.2,57293,4281.46,46786,3500.97,15852,1185.02,26045,1947.15,15773,1204.45
601077.SH,20250520,271945,20239.65,239593,17823.59,132693,9870.64,155017,11534.25,48842,3632.58,54960,4093.19,4669,347.71,8581,639.54,118893,8872.44
601077.SH,20250519,235846,17415.98,232200,17143.59,148994,10997.3,163169,12047.64,72832,5378.95,62978,4650.92,18998,1403.28,18324,1353.38,64416,4768.3
601077.SH,20250516,239028,17390.07,252981,18399.89,121497,8840.35,130292,9482.15,68222,4965.32,44601,3249.45,6695,485.83,7569,550.07,-24252,-1742.68
601077.SH,20250515,156847,11469.39,201133,14709.36,126695,9263.39,120544,8812.2,89076,6516.56,50813,3717.79,25860,1889.15,25987,1899.14,51390,3781.68
601077.SH,20250514,324974,23452.5,310787,22427.78,187422,13530.39,207393,14970.11,75492,5437.91,75060,5419.35,20518,1483.16,15166,1086.72,85116,6174.99
601077.SH,20250513,300374,21389.48,306309,21819.45,188448,13415.54,181171,12898.67,77210,5504.09,97831,6964.32,22310,1589.05,3032,215.73,76942,5539.47
601077.SH,20250512,334134,23785.97,342302,24372.76,210258,14957.96,173024,12311.46,78715,5588.29,90622,6423.12,6133,437.77,23293,1662.66,120916,8631.45
601077.SH,20250509,234891,16679.63,219317,15569.74,135098,9588.38,128851,9147.93,64611,4585.77,59868,4248.85,7057,501.23,33620,2388.48,94485,6725.88
601077.SH,20250508,289872,20148.69,286610,19916.12,193660,13463.16,191512,13319.31,107968,7516.31,108583,7550.51,34018,2366.43,38812,2708.65,218003,15213.7
601077.SH,20250507,220783,14936.36,224256,15183.31,214281,14480.03,194488,13146.91,107738,7285.72,136086,9193.11,30841,2091.85,18814,1270.63,65545,4469.47
601077.SH,20250506,420627,27847.21,358719,23759.72,325585,21537.03,348722,23052.45,138749,9173.86,167099,11064.2,17072,1132.78,27493,1814.5,-131817,-8642.04
601077.SH,20250430,353644,24129.67,299533,20434.63,243952,16632.48,283201,19322.32,140394,9570.31,162551,11077.9,29478,2014.6,22184,1512.21,29844,2084.29
601077.SH,20250429,167913,11539.67,173773,11943.7,154849,10644.5,145921,10029.88,107041,7358.16,109216,7507.79,18756,1290.5,19649,1351.45,34426,2383.75
601077.SH,20250428,223828,15410.21,245947,16942.78,158697,10923.96,220427,15169.58,181659,12507.79,120204,8271.36,54359,3742.58,31966,2200.81,64203,4447.77
601077.SH,20250425,202153,13572.48,203449,13671.27,132568,8898.2,156793,10519.67,86391,5806.68,74276,5000.59,34300,2317.36,20894,1403.19,-11783,-763.8
601077.SH,20250424,274608,18593.96,234319,15863.95,263853,17849.87,274060,18533.62,154851,10463.22,157989,10682.47,51427,3470.73,78372,5297.75,129184,8766.79
601077.SH,20250423,242489,16065.31,198041,13118.89,217859,14436.01,239979,15900.54,93606,6201.5,104364,6916.59,2913,193.13,14481,959.94,-21576,-1407.59
601077.SH,20250422,219603,14572.89,206254,13688.07,236480,15690.72,260575,17286.71,160941,10682.4,145868,9683.07,13189,874.11,17516,1162.27,17935,1224.06
601077.SH,20250421,228400,15075.15,230253,15198.95,165847,10952.81,161816,10687.4,51518,3399.53,56809,3748.61,10887,721.32,7775,513.85,107358,7132.23
601077.SH,20250418,162774,10657.33,165256,10822.13,117412,7695.72,143824,9429.22,83663,5487.94,69933,4585.93,33366,2190.11,18201,1193.82,83466,5485.67
601077.SH,20250417,190102,12325.08,152586,9893.94,99341,6438.74,111798,7249.82,64198,4161.59,75186,4872.04,6222,404.59,20293,1314.2,-13691,-868.39
601077.SH,20250416,224454,14626.66,210674,13724.96,183003,11925.21,196322,12791.09,134549,8764.17,118384,7712.19,71884,4675.94,88510,5763.75,25222,1660.67
601077.SH,20250415,304549,19461.96,258805,16545.7,201273,12852.36,259166,16554.48,190037,12140.06,159516,10173.31,36174,2302.51,54545,3483.4,275758,17647.96
601077.SH,20250414,222643,13899.14,205920,12832.84,195064,12167.68,186313,11617.39,100034,6232.85,110768,6916.54,36876,2297.76,51617,3230.67,85279,5325.7
601077.SH,20250411,225478,13742.87,238376,14526.6,244609,14894.16,210287,12809.31,132586,8090.6,144938,8843.1,37417,2283.17,46488,2831.81,164076,10052.53
601077.SH,20250410,221379,13295.54,206747,12407.86,165834,9945.39,158718,9529.22,99749,5981.08,105622,6338.78,27460,1648.73,43335,2594.89,60023,3615.78
601077.SH,20250409,279906,16561.18,302785,17910.05,219090,12962.59,218755,12939.01,122764,7258.54,111062,6576.25,30703,1823.57,19861,1180.58,59226,3548.59
601077.SH,20250408,385864,22941.79,429326,25502.7,345452,20525.48,327066,19440.23,203652,12109.28,170774,10162.24,41001,2443.16,48803,2914.52,79952,4816.2
601077.SH,20250407,383831,22457.0,355045,20712.38,284376,16638.77,265170,15547.99,128098,7493.25,149257,8773.73,33009,1950.42,59843,3505.33,-100831,-5847.66
601077.SH,20250403,116615,7150.98,133831,8205.18,103520,6341.58,91976,5638.51,57347,3516.71,62614,3838.24,22559,1378.73,11620,706.08,27243,1691.93
601077.SH,20250402,189794,11589.36,134056,8184.13,123175,7518.68,121315,7404.69,77494,4727.54,109814,6701.56,28916,1764.2,54195,3309.4,105005,6418.9
601077.SH,20250401,131555,7927.21,132536,7984.93,113558,6839.15,93446,5629.67,67095,4039.51,87379,5259.03,13227,794.95,12074,727.18,6764,421.11
601077.SH,20250331,208621,12628.04,185694,11248.3,178375,10803.69,203771,12342.47,125777,7627.11,125713,7612.8,39286,2383.52,36882,2238.8,67514,4127.81
601077.SH,20250328,207093,12392.83,202581,12118.41,213141,12766.39,193485,11587.13,104738,6270.75,108169,6481.01,31120,1860.15,51858,3103.57,128569,7732.81
601077.SH,20250327,246935,14730.08,252349,15039.52,180538,10768.11,168396,10051.26,77984,4649.28,102572,6121.13,33705,2008.19,15845,943.75,-180688,-10751.77
601077.SH,20250326,277601,16669.57,235743,14141.76,265579,15935.05,263758,15823.2,136736,8203.95,157109,9437.32,45617,2739.26,68923,4145.56,101509,6114.7
601077.SH,20250325,263761,15825.21,306212,18389.94,258768,15543.04,278435,16718.8,248971,14946.74,189735,11378.11,80827,4847.35,77945,4675.5,237645,14298.8
601077.SH,20250324,185627,10886.4,239049,14017.86,175931,10315.99,156775,9196.06,116372,6825.06,81298,4766.94,7405,434.89,8212,481.48,-99626,-5812.18
601077.SH,20250321,132336,7734.5,153600,8980.95,141158,8249.1,128997,7544.76,91668,5362.97,85406,4994.6,30859,1810.57,28019,1636.83,78752,4618.29
601077.SH,20250320,179847,10558.01,147450,8652.73,102642,6026.36,128726,7561.12,57787,3395.62,72187,4243.27,27626,1626.79,19539,1149.65,7060,432.9
601077.SH,20250319,224285,12998.73,229345,13301.87,261650,15169.26,267386,15498.0,187503,10873.95,208593,12104.66,141953,8243.92,110065,6381.33,408427,23711.76
601077.SH,20250318,122981,7006.87,105791,6025.0,97249,5534.67,101027,5755.01,58939,3356.41,71222,4056.22,15466,882.2,16596,943.91,8820,523.91
601077.SH,20250317,207959,11838.98,154429,8794.16,197757,11261.37,177170,10091.43,161537,9194.06,218392,12433.12,42275,2407.31,59538,3383.01,-5232,-275.68
601077.SH,20250314,235259,13366.99,329556,18717.2,338738,19252.35,247589,14072.71,186570,10601.64,182297,10369.41,83952,4774.63,85078,4836.28,85880,4918.44
601077.SH,20250313,226147,12707.48,199475,11205.09,195717,10994.24,200732,11277.88,135043,7584.88,145964,8204.51,40299,2264.36,51035,2863.5,161422,9101.08
601077.SH,20250312,177696,9922.07,245825,13712.58,180729,10093.27,146020,8160.28,109695,6124.97,88193,4929.91,40010,2232.86,28092,1570.4,-218304,-12156.1
601077.SH,20250311,156017,8725.99,176028,9850.25,201689,11282.41,211439,11828.89,106230,5938.85,116619,6525.48,74254,4157.6,34104,1900.22,184678,10355.32
601077.SH,20250310,151085,8358.69,154937,8570.18,123047,6805.78,115257,6377.02,75751,4190.12,90192,4988.79,41058,2270.32,30555,1688.92,6685,384.57
601077.SH,20250307,306512,17096.74,267702,14917.55,330071,18399.17,327710,18252.51,206226,11489.21,201536,11246.44,40247,2239.09,86107,4807.69,-345717,-19248.43
601077.SH,20250306,226547,12883.77,271635,15448.12,263503,14986.33,245870,13985.96,176760,10053.44,138140,7856.73,35240,2002.82,46405,2635.54,-98084,-5558.4
601077.SH,20250305,228582,13134.51,162206,9312.76,157432,9037.07,177840,10210.48,100688,5780.7,132799,7632.1,24689,1414.3,38546,2211.23,226703,13039.02
601077.SH,20250304,119047,6712.89,147989,8347.99,141557,7985.51,146394,8257.15,124946,7053.09,87121,4916.58,12402,700.57,16448,930.34,105622,5986.51
601077.SH,20250303,190176,10710.29,177522,10003.8,171855,9678.96,153266,8640.11,114902,6468.81,124542,7011.28,48155,2711.28,69758,3914.15,-69306,-3857.26
601077.SH,20250228,287376,16305.52,227079,12886.61,213653,12116.83,237928,13503.94,186071,10558.17,209569,11893.27,103762,5891.58,116287,6588.28,91889,5256.41
601077.SH,20250227,210499,11755.92,166008,9270.87,195140,10891.02,177679,9921.45,118907,6638.16,129492,7232.28,42706,2383.86,94073,5244.36,18171,1034.45
601077.SH,20250226,223285,12391.82,175395,9721.73,186357,10338.15,172081,9549.9,121105,6720.99,127337,7068.15,31305,1732.4,87240,4843.57,-124136,-6854.06
601077.SH,20250225,325777,18268.27,344422,19299.61,294936,16539.46,192422,10809.98,148698,8353.54,165127,9276.19,45000,2524.41,112440,6299.9,-321580,-17980.18
601077.SH,20250224,202098,11521.8,228805,13036.18,213513,12174.72,152042,8675.42,106237,6056.67,112065,6391.9,44159,2517.35,73095,4167.03,-139813,-7943.65
601077.SH,20250221,299858,17363.44,209261,12119.25,305453,17695.29,243791,14114.59,165257,9575.59,275096,15944.18,67848,3926.79,110268,6383.1,-337289,-19505.22
601077.SH,20250220,102126,6024.36,95248,5615.81,82634,4871.87,97945,5777.64,72114,4255.07,61099,3603.73,23319,1373.7,25903,1527.84,3358,212.91
601077.SH,20250219,131510,7770.74,141911,8382.69,157731,9318.4,145526,8598.69,97174,5739.01,84004,4963.04,27010,1593.36,41984,2477.08,-45551,-2667.95
601077.SH,20250218,192959,11446.09,146806,8707.35,171937,10197.53,172632,10240.75,85388,5065.49,113062,6703.37,26408,1567.99,44191,2625.62,102351,6079.73
601077.SH,20250217,204656,11997.68,229384,13446.47,193297,11332.51,171223,10039.14,107734,6315.56,97716,5729.06,36909,2162.43,44273,2593.49,-143082,-8351.45
601077.SH,20250214,142086,8374.07,175661,10351.19,138726,8175.53,128028,7547.13,104816,6178.59,87626,5166.17,15680,924.05,9992,587.75,-74361,-4372.34
601077.SH,20250213,197021,11729.2,148634,8844.98,126676,7539.81,134644,8013.35,81154,4829.06,77028,4586.14,0,0.0,44545,2653.6,-633,-22.54
601077.SH,20250212,171242,10186.2,168655,10027.18,163234,9705.57,160426,9538.86,95148,5654.24,105296,6258.41,70139,4168.79,65387,3890.37,-32047,-1882.27
601077.SH,20250211,244608,14488.91,194207,11498.04,194737,11524.28,223018,13196.89,120523,7125.89,143079,8468.45,70438,4166.06,70002,4141.76,232425,13759.1
601077.SH,20250210,177077,10364.31,181083,10595.79,166541,9748.45,142357,8332.81,79980,4679.72,91430,5352.62,21900,1282.61,30628,1793.87,-5685,-307.04
601077.SH,20250207,302528,17751.42,307980,18074.9,358422,21026.91,306612,17995.43,237235,13919.12,247415,14507.86,84651,4968.71,120829,7087.96,-176288,-10301.02
601077.SH,20250206,204863,12150.38,217729,12898.64,185844,11023.55,173580,10305.96,122399,7263.42,124654,7399.38,45543,2692.5,42686,2525.87,-110697,-6508.12
601077.SH,20250205,150781,9041.31,180815,10843.05,147893,8868.47,158379,9501.13,118723,7120.35,80374,4821.3,26222,1574.74,24050,1439.4,-12979,-759.21
601077.SH,20250127,206812,12480.51,166665,10057.15,112272,6773.78,134828,8136.19,72991,4403.67,76238,4598.36,2068,125.13,16412,991.38,89297,5400.66
601077.SH,20250124,198477,11755.33,181228,10720.86,168912,9983.77,182776,10813.64,77968,4605.04,79757,4719.09,22139,1311.46,23736,1402.01,94025,5604.9
601077.SH,20250123,231323,13612.75,164739,9701.17,196702,11557.6,197385,11607.93,138545,8143.39,181188,10654.61,75763,4449.38,99023,5799.41,200375,11797.38
601077.SH,20250122,161276,9673.04,179065,10742.09,150140,9009.56,152288,9142.49,107984,6478.81,89295,5365.54,34964,2105.88,33714,2017.17,-147285,-8826.69
601077.SH,20250121,199926,12141.11,180510,10960.45,141552,8596.41,172420,10471.23,106910,6491.89,103302,6274.24,31482,1913.69,23638,1437.17,61068,3745.71
601077.SH,20250120,140416,8482.83,151707,9164.41,156134,9430.63,122372,7395.79,87636,5292.54,103673,6263.28,31410,1901.15,37844,2283.66,-76013,-4574.88
601077.SH,20250117,163933,9952.1,167199,10142.87,133324,8092.05,139652,8475.38,81259,4921.86,82965,5029.26,29108,1762.92,17807,1081.42,42091,2582.65
601077.SH,20250116,216357,13116.39,175521,10626.19,138996,8409.8,161394,9776.63,106230,6429.02,135074,8187.19,76769,4652.68,66364,4017.88,195354,11872.48
601077.SH,20250115,225924,13579.03,230230,13835.2,203315,12227.54,176316,10601.31,140407,8438.23,136164,8193.41,39828,2401.27,66764,4016.15,143758,8671.57
601077.SH,20250114,263913,15527.27,206879,12163.79,188785,11103.26,210667,12389.68,109882,6454.44,124033,7291.29,44407,2606.38,65408,3846.59,87517,5173.31
601077.SH,20250113,329403,19114.92,384841,22334.25,406553,23592.56,340730,19782.7,202323,11745.65,240798,13978.62,94836,5512.88,66747,3870.43,-157084,-9095.14
601077.SH,20250110,242387,14443.86,271423,16163.65,248533,14792.08,213820,12715.96,126608,7515.67,134536,7991.86,51342,3044.13,49091,2924.26,-2246,-66.84
601077.SH,20250109,274501,16478.68,263437,15811.64,240645,14435.89,232772,13947.73,161958,9701.02,155153,9300.43,28541,1703.2,54282,3258.99,102186,6218.47
601077.SH,20250108,276385,16454.67,256528,15267.66,278573,16585.3,267702,15931.02,206859,12327.11,174193,10369.64,19449,1149.35,82844,4948.12,253213,15123.11
601077.SH,20250107,215353,12442.73,214739,12405.91,237576,13746.42,208396,12050.55,78307,4524.57,138532,8013.09,64720,3739.29,34289,1983.46,39864,2372.6
601077.SH,20250106,317134,18197.14,289910,16643.62,270840,15534.71,274727,15758.31,170483,9770.87,197085,11289.61,70759,4049.78,67494,3860.97,18393,1141.03
601077.SH,20250103,322189,18739.91,363401,21144.07,315080,18337.52,307163,17871.99,199037,11590.2,184649,10756.55,68146,3964.85,49239,2859.87,-184507,-10688.87
601077.SH,20250102,286146,17205.31,305350,18378.48,312808,18840.82,283358,17070.77,254686,15377.42,255789,15424.15,94203,5670.6,103345,6220.75,-48652,-2876.72
601077.SH,20241231,233693,14180.28,270916,16442.2,287368,17435.08,252429,15328.19,201319,12221.73,240542,14603.02,138109,8403.47,96602,5867.16,91962,5614.57
601077.SH,20241230,296279,17797.12,275042,16553.45,275235,16547.94,309254,18584.74,206884,12449.39,224098,13457.73,99016,5949.94,69021,4148.46,162842,9829.66
601077.SH,20241227,345906,20339.23,287951,16926.96,293646,17240.57,313644,18415.41,181370,10633.18,222650,13058.6,49526,2904.02,46203,2716.04,-161426,-9416.33
601077.SH,20241226,230018,13646.84,186208,11048.11,252400,14970.15,205930,12220.61,153072,9092.07,213703,12676.99,34642,2052.68,64290,3816.03,-123989,-7320.42
601077.SH,20241225,324665,19525.18,293867,17666.35,362325,21785.69,332006,19968.71,234788,14113.69,275139,16541.42,28060,1683.64,48827,2931.72,214451,12938.26
601077.SH,20241224,233491,13787.61,318337,18799.74,324906,19184.63,308099,18193.96,238810,14101.23,169567,10006.12,52628,3102.97,53832,3176.61,140648,8375.97
601077.SH,20241223,508739,29650.75,354267,20650.69,512360,29822.99,456536,26579.37,354431,20577.63,426523,24822.77,146920,8521.89,285124,16520.43,479258,27842.53
601077.SH,20241220,180742,10290.71,155021,8822.38,205954,11726.53,147902,8421.3,152199,8665.75,243231,13849.0,73422,4177.15,66163,3767.45,-66671,-3771.18
601077.SH,20241219,298585,17127.31,293627,16841.59,284186,16296.99,235201,13500.08,186339,10681.18,209005,11992.99,106207,6078.46,137485,7849.27,-122348,-6930.32
601077.SH,20241218,294502,16957.19,245345,14122.93,317457,18275.11,311483,17937.61,249346,14354.5,299478,17243.62,122369,7060.28,127368,7342.91,141236,8181.3
601077.SH,20241217,358552,20515.63,272094,15563.4,318272,18203.93,362982,20765.26,249807,14283.96,304922,17441.66,76182,4370.07,62815,3603.28,-122276,-6900.62
601077.SH,20241216,422216,24226.8,464437,26642.69,487517,27970.42,546666,31357.45,493934,28331.25,475502,27272.14,307183,17625.68,224244,12881.86,307729,17759.16
601077.SH,20241213,533571,30114.12,418340,23640.1,655211,37005.95,674535,38097.62,446974,25249.43,479313,27051.1,248171,13966.99,311739,17547.66,-254921,-14312.65
601077.SH,20241212,333626,18967.39,234580,13334.02,364593,20727.64,438689,24938.63,300120,17065.65,348639,19826.95,120730,6860.78,97160,5521.86,-258918,-14665.65
601077.SH,20241211,287365,16378.44,276252,15733.56,286462,16326.07,277718,15830.03,206686,11780.83,229890,13105.34,92683,5279.24,89336,5095.64,-196736,-11170.57
601077.SH,20241210,338799,19629.0,284340,16461.66,346742,20082.68,320670,18571.6,217937,12607.06,252636,14636.11,74474,4300.26,120306,6949.63,-80617,-4594.63
601077.SH,20241209,308543,17970.61,276554,16121.3,278716,16240.93,296229,17252.53,169719,9896.85,172534,10054.27,54416,3172.08,66077,3852.39,70542,4179.39
601077.SH,20241206,257701,14874.28,230030,13280.83,298797,17245.85,275048,15879.2,175074,10106.8,208570,12038.57,62029,3588.47,79953,4616.79,66970,3915.69
601077.SH,20241205,216178,12419.62,220658,12674.38,270139,15518.78,273700,15721.84,209496,12036.15,216364,12434.82,113846,6544.84,98937,5688.34,38566,2250.64
601077.SH,20241204,372364,21099.16,331510,18794.63,414559,23492.8,436275,24724.02,317304,17963.47,354354,20060.48,148422,8401.2,130511,7377.5,305657,17367.1
601077.SH,20241203,331231,18330.46,261530,14473.66,259407,14349.46,363074,20093.27,237671,13145.46,206519,11426.88,96903,5363.52,94089,5195.08,247493,13742.15
601077.SH,20241202,391143,21498.73,479111,26321.8,480475,26401.93,470419,25852.25,350224,19252.91,338728,18618.96,159105,8746.82,92689,5107.38,-409929,-22507.75
601077.SH,20241129,346865,19658.06,261243,14791.51,279218,15800.48,285738,16187.31,209621,11856.17,236835,13417.84,88747,5024.83,140635,7942.88,216984,12345.62
601077.SH,20241128,198540,11141.66,152350,8538.33,117571,6588.32,135618,7602.32,105112,5890.46,123804,6936.41,65487,3664.24,74938,4207.62,13921,812.81
601077.SH,20241127,225241,12538.6,174498,9705.87,187818,10446.69,198014,11016.63,134935,7497.65,153112,8515.26,46505,2586.23,68874,3831.4,96125,5406.91
601077.SH,20241126,267690,14814.21,192931,10672.67,240653,13316.28,302052,16713.01,166192,9185.97,157433,8705.3,28806,1593.85,50926,2819.34,109763,6106.88
601077.SH,20241125,161493,8866.33,184882,10146.45,187445,10292.89,210497,11568.78,170358,9356.91,160535,8814.41,109752,6023.02,73134,4009.51,63282,3500.8
601077.SH,20241122,241516,13348.38,191505,10578.17,231424,12791.53,213855,11826.97,131129,7245.66,168071,9290.11,40522,2249.0,71160,3939.32,-186645,-10288.49
601077.SH,20241121,176093,9825.72,172249,9608.68,133256,7433.45,139235,7769.96,97793,5457.2,109539,6113.05,85832,4791.31,71951,4015.99,-66182,-3674.66
601077.SH,20241120,158370,8868.97,180172,10084.32,144657,8097.71,166834,9342.27,133197,7460.02,114178,6394.39,70702,3956.13,45741,2561.85,-85374,-4758.67
601077.SH,20241119,247134,13852.17,251767,14108.08,290393,16271.22,282986,15867.5,227251,12742.43,228691,12815.2,57398,3219.41,58732,3294.44,-32656,-1764.42
601077.SH,20241118,452454,25719.94,517099,29440.74,556186,31666.61,670750,38152.33,464110,26400.52,420478,23875.39,240317,13631.62,104740,5950.23,155130,9017.35
601077.SH,20241115,268095,15022.32,297053,16645.24,262451,14711.11,273118,15313.65,189187,10613.56,154839,8687.78,67240,3778.56,61963,3478.87,124944,7051.6
601077.SH,20241114,277157,15529.45,291070,16317.79,268557,15052.23,319654,17928.55,292005,16382.37,248566,13939.86,139936,7860.36,118364,6638.21,93153,5288.41
601077.SH,20241113,273482,15135.88,388380,21477.23,434004,24015.86,411815,22808.26,393736,21793.18,308989,17104.07,146578,8121.31,138616,7676.66,328428,18238.93
601077.SH,20241112,303956,16576.04,391413,21345.18,368166,20082.04,333941,18219.28,240770,13140.78,223633,12202.08,90726,4951.47,54630,2983.79,-95074,-5129.87
601077.SH,20241111,355464,19504.63,442587,24269.27,354949,19488.62,283485,15569.61,268430,14745.12,221069,12149.26,109205,5976.91,140906,7727.14,-304252,-16646.64
601077.SH,20241108,461784,25987.06,453021,25468.13,563050,31682.42,527062,29691.66,422400,23783.48,453384,25517.77,196358,11000.21,210125,11775.62,-664300,-37343.82
601077.SH,20241107,242256,13921.93,264406,15193.17,291985,16780.65,281502,16182.71,224029,12875.53,223081,12823.77,90507,5202.04,79788,4580.5,207145,11933.81
601077.SH,20241106,251612,14306.73,287405,16343.19,249254,14178.32,212588,12092.76,219844,12504.54,192084,10925.96,30323,1722.95,58957,3350.63,-133989,-7592.7
601077.SH,20241105,286729,16450.06,274850,15767.53,228491,13105.04,233164,13376.13,186139,10679.5,169221,9707.96,46317,2660.24,70440,4043.22,-2360,-102.7
601077.SH,20241104,218981,12465.26,244237,13903.04,216719,12338.18,193627,11020.74,147955,8415.62,164797,9373.17,55066,3132.21,36060,2054.32,-42754,-2392.05
601077.SH,20241101,417635,23802.69,346273,19728.74,360477,20544.82,380357,21678.34,206417,11742.17,306760,17481.21,144389,8250.41,95529,5451.78,169782,9732.96
601077.SH,20241031,332598,18675.29,334062,18780.91,304661,17098.77,278211,15620.73,249755,14009.49,173743,9742.73,51630,2895.09,152628,8534.27,-276666,-15493.09
601077.SH,20241030,343392,19687.85,330821,18946.0,245196,14033.04,293828,16823.75,145345,8299.5,135672,7758.02,59313,3383.96,32925,1876.58,-128879,-7311.01
601077.SH,20241029,246144,14314.11,279946,16282.99,258060,15007.69,233315,13575.29,176103,10259.17,168398,9801.62,35525,2067.53,34174,1988.59,-22546,-1284.28
601077.SH,20241028,269995,15534.59,291338,16770.6,280538,16149.97,286740,16501.84,250262,14408.81,219746,12651.18,60466,3481.4,63436,3651.15,-40989,-2302.41
601077.SH,20241025,261403,15315.82,227915,13358.12,229875,13459.23,233695,13687.36,157206,9211.66,200628,11750.34,64034,3747.41,50279,2938.29,-178979,-10462.88
601077.SH,20241024,253431,15220.89,265417,15929.06,268347,16107.75,239786,14405.09,131308,7888.07,151350,9092.45,25032,1504.54,21565,1294.65,-14482,-805.73
601077.SH,20241023,286524,16990.28,332889,19770.53,325136,19305.71,357264,21234.75,331779,19729.97,240075,14248.1,64803,3850.06,78013,4622.62,-49252,-2813.24
601077.SH,20241022,341109,20307.34,396799,23630.31,351349,20926.17,324768,19342.6,237507,14145.37,242534,14462.6,90214,5398.26,56078,3341.64,97234,5868.44
601077.SH,20241021,452331,26140.31,398234,23059.29,400882,23177.61,433472,25075.77,305879,17692.01,307788,17775.5,92206,5349.7,111804,6449.08,-32901,-1771.95
601077.SH,20241018,622337,36006.26,543491,31427.49,671773,38874.4,500019,28931.27,465296,26911.05,380869,22027.26,243301,14092.85,578329,33498.54,123083,7308.28
601077.SH,20241017,638834,37916.49,707003,41920.57,638008,37902.07,633633,37636.91,455661,27095.49,436536,25924.58,275377,16293.98,230708,13725.98,-537641,-31748.11
601077.SH,20241016,524314,31615.49,592224,35874.85,645701,38995.48,710344,42942.02,553035,33425.59,489262,29494.1,312991,19002.61,244210,14728.2,352493,21106.17
601077.SH,20241015,659816,38634.82,611466,35819.47,795530,46691.37,635071,37281.61,568967,33426.02,483364,28399.58,259168,15279.77,553580,32531.32,-154363,-8846.32
601077.SH,20241014,685359,40577.37,781492,46375.05,881995,52188.12,1027963,60910.8,820014,48553.87,889453,52690.85,722279,43068.34,410740,24410.99,486033,28898.69
601077.SH,20241011,567812,31148.55,597201,32746.17,628443,34457.42,595508,32662.32,421917,23093.1,346413,18969.66,81458,4468.91,160507,8789.83,115685,6380.45
601077.SH,20241010,911145,49091.96,789849,42559.81,775939,41753.25,888357,47970.72,619493,33426.97,678926,36693.37,284259,15644.36,233704,12692.64,342397,18223.49
601077.SH,20241009,660085,34155.39,644738,33388.16,583551,30233.4,578509,29970.25,375948,19508.41,368596,19092.15,66724,3452.8,94466,4899.45,-105602,-5401.14
601077.SH,20241008,716772,39136.7,742270,40401.82,877363,48068.59,820495,44893.77,632338,34691.72,660359,36336.17,243445,13527.83,246793,13793.07,-393004,-21168.13
601077.SH,20240930,686091,36711.02,799786,42820.19,635110,34065.38,623947,33496.41,425572,22816.53,340361,18234.97,189113,10103.29,171792,9144.64,-70218,-3643.57
601077.SH,20240927,171043,9137.41,165815,8860.85,142675,7629.34,134017,7185.6,104038,5576.52,104009,5576.19,44125,2365.44,58040,3086.06,-28357,-1478.27
601077.SH,20240926,415702,21834.5,318726,16706.5,195239,10225.56,263352,13811.41,100885,5278.76,123048,6460.29,16498,869.01,23198,1229.62,195352,10355.47
601077.SH,20240925,324842,16961.58,343590,17937.34,304686,15938.15,269064,14066.72,164885,8637.51,145960,7653.0,43024,2257.5,78823,4137.68,97713,5183.39
601077.SH,20240924,343175,17213.8,316860,15883.98,199562,9984.95,284516,14236.08,172440,8649.66,136069,6839.71,34808,1741.2,12539,629.84,145977,7388.78
601077.SH,20240923,173649,8505.35,196044,9600.44,95328,4663.42,109182,5347.64,61301,3001.36,51098,2502.78,34463,1694.65,8416,413.92,83149,4079.71
601077.SH,20240920,193055,9319.93,161321,7785.6,117312,5660.08,118232,5706.04,59386,2867.43,64649,3122.1,41425,2002.33,66976,3236.02,93932,4548.99
601077.SH,20240919,245280,11740.28,260626,12468.83,207455,9938.84,175332,8394.96,100279,4799.7,95486,4569.22,32433,1552.98,54003,2598.77,-111,25.37
601077.SH,20240918,201578,9702.21,199123,9580.99,117851,5672.9,105324,5073.36,62703,3022.62,65802,3169.94,27483,1327.49,39368,1900.93,2071,118.34
601077.SH,20240913,302881,14633.94,311511,15039.72,168700,8163.01,191980,9299.97,103535,5013.94,89943,4356.02,40234,1942.57,21916,1057.75,34704,1725.89
601077.SH,20240912,409530,19649.0,425466,20397.88,303052,14523.94,323176,15500.27,165908,7952.77,159757,7656.77,49716,2378.05,19807,948.84,-95366,-4528.79
601077.SH,20240911,360303,17791.97,289747,14319.54,221349,10949.21,252556,12486.65,119982,5945.81,141708,6997.71,13746,676.26,31370,1559.35,-121158,-5968.22
601077.SH,20240910,210442,10673.5,203094,10304.69,174213,8838.2,167109,8476.77,80188,4067.18,78314,3972.76,1376,69.63,17701,894.29,9056,471.74
601077.SH,20240909,228110,11576.69,261671,13274.55,154223,7831.46,165804,8425.78,117475,5967.41,74935,3811.61,17212,878.39,14610,742.01,31403,1630.44
601077.SH,20240906,166326,8506.51,153328,7840.22,91066,4656.26,103836,5314.59,55511,2839.43,73325,3752.41,26470,1359.3,8884,454.28,28757,1484.08
601077.SH,20240905,186168,9401.78,214545,10826.79,123871,6249.24,94190,4756.23,43093,2171.61,37863,1910.42,2982,150.42,9515,479.61,527,49.59
601077.SH,20240904,199063,10094.33,198234,10054.99,156563,7945.55,170085,8627.86,95255,4828.68,109556,5555.26,45882,2326.34,18888,956.77,40844,2100.54
601077.SH,20240903,284551,14406.38,337253,17061.2,239357,12115.91,206529,10467.93,129962,6582.36,106258,5388.21,21280,1082.72,25110,1270.04,-38098,-1916.07
601077.SH,20240902,491948,25414.85,427250,22071.71,381768,19706.65,333403,17206.01,150400,7759.23,228815,11798.38,24606,1267.08,59255,3071.7,138809,7197.88
601077.SH,20240830,484435,24696.37,463102,23545.93,411615,20974.23,394189,20094.96,186697,9498.0,211095,10772.3,65108,3281.59,79469,4036.99,-215299,-10777.68
601077.SH,20240829,401376,20811.66,397747,20627.64,349612,18170.53,343033,17850.64,210078,10977.82,234942,12249.48,64473,3380.16,49817,2612.41,-23044,-1091.33
601077.SH,20240828,137716,7183.77,149894,7822.12,108143,5643.47,88359,4612.13,43916,2290.53,49332,2569.48,5207,270.24,7397,384.28,-34064,-1766.61
601077.SH,20240827,166446,8763.16,149502,7871.62,122316,6439.28,135972,7158.49,61031,3214.81,74875,3944.49,18099,954.82,7544,397.48,77388,4084.86
601077.SH,20240826,131928,6826.78,123014,6364.18,83649,4324.69,106997,5534.31,55400,2862.65,54602,2820.55,18624,962.8,4988,257.88,-5243,-255.14
601077.SH,20240823,125065,6514.67,107552,5599.36,83323,4339.32,101986,5314.3,49519,2574.12,49154,2556.31,20787,1080.45,20001,1038.59,-2149,-96.81
601077.SH,20240822,161911,8464.31,148565,7764.75,118582,6196.21,128274,6705.42,75801,3961.83,76622,4006.15,36197,1897.13,39030,2043.16,72551,3806.26
601077.SH,20240821,164056,8534.21,133527,6941.27,75957,3948.22,78674,4090.76,51121,2660.84,66875,3480.17,6609,344.13,18667,975.2,24881,1307.12
601077.SH,20240820,142233,7474.22,164161,8621.03,125353,6585.57,119682,6292.68,84833,4457.79,82553,4336.86,35093,1845.1,21116,1112.12,-66851,-3493.13
601077.SH,20240819,188646,9931.6,168389,8864.78,129747,6831.15,136887,7204.48,81226,4279.11,95338,5023.53,42808,2258.6,41813,2207.67,114337,6035.91
601077.SH,20240816,137570,7133.87,131255,6803.77,84188,4362.45,93726,4860.3,41501,2152.85,46270,2400.7,12173,632.96,4180,217.34,58290,3037.57
601077.SH,20240815,163880,8406.21,144916,7429.58,91816,4704.57,113401,5814.67,51792,2654.56,63759,3269.97,20491,1052.05,5904,303.18,94593,4862.5
601077.SH,20240814,104565,5302.11,114472,5801.63,79824,4046.47,67631,3430.89,32458,1645.35,34775,1763.05,5177,262.19,5145,260.55,25048,1280.47
601077.SH,20240813,170121,8642.23,150148,7625.97,139809,7102.83,146388,7434.31,71180,3609.39,80421,4084.98,3128,160.15,7281,369.35,98891,5028.6
601077.SH,20240812,206889,10248.53,163150,8079.62,153178,7585.78,129124,6394.04,88286,4368.8,121941,6036.18,13602,672.25,47740,2365.52,23271,1175.86
601077.SH,20240809,145705,7326.49,141313,7104.54,127383,6406.74,104885,5278.29,56452,2837.87,78613,3951.29,2008,100.6,6737,337.59,-78632,-3936.5
601077.SH,20240808,125430,6336.57,125378,6332.21,105195,5311.47,94701,4782.98,38768,1957.38,48565,2452.75,1988,100.2,2737,137.67,1785,103.72
601077.SH,20240807,182701,9180.11,149081,7484.8,137221,6886.31,149946,7530.84,63125,3167.3,78399,3935.24,2838,142.5,8459,425.34,12905,672.03
601077.SH,20240806,190397,9569.71,160357,8060.05,153784,7731.21,160657,8082.5,75056,3775.93,82490,4148.05,21448,1074.84,37182,1861.07,-70049,-3501.98
601077.SH,20240805,210591,10799.91,238484,12225.36,186807,9583.22,153848,7892.32,107183,5500.49,120655,6199.29,40982,2106.65,32575,1673.29,-139972,-7160.27
601077.SH,20240802,196706,10323.62,195222,10239.19,151135,7929.22,141156,7404.75,91455,4800.76,93026,4888.04,26513,1395.25,36405,1916.86,107822,5680.77
601077.SH,20240801,200549,10460.0,213130,11113.66,159833,8331.74,165802,8644.42,109984,5730.08,84621,4409.02,24187,1262.32,31000,1617.04,37130,1971.44
601077.SH,20240731,197765,10212.37,240146,12397.99,152988,7898.32,114496,5911.1,49194,2539.04,50203,2592.7,16787,866.44,11889,614.4,-14351,-721.46
601077.SH,20240730,151346,7873.41,176762,9188.09,111983,5826.18,93051,4849.45,67206,3499.05,60117,3130.49,13123,683.25,13729,713.85,-50895,-2641.68
601077.SH,20240729,196679,10243.81,192836,10043.71,160613,8363.03,173395,9027.3,91881,4783.84,97907,5110.99,36740,1921.46,21775,1130.14,74284,3878.1
601077.SH,20240726,208854,10687.72,195042,9982.51,121188,6205.57,109474,5606.64,70451,3604.94,90202,4614.11,14869,761.47,20643,1056.45,-71664,-3659.04
601077.SH,20240725,181954,9445.55,157886,8195.54,114676,5957.1,114662,5956.56,51572,2677.15,73972,3838.43,10345,534.59,12027,623.85,4754,259.03
601077.SH,20240724,167430,8834.22,213678,11275.52,104667,5520.87,116916,6172.12,78784,4157.87,59949,3164.52,51049,2700.72,11388,601.51,27993,1494.45
601077.SH,20240723,204196,10765.94,229995,12127.89,186918,9859.38,205001,10815.86,150693,7950.77,126546,6684.35,93371,4946.38,73636,3894.38,112538,5941.96
601077.SH,20240722,242740,12506.58,224250,11553.61,118715,6112.55,116128,5980.32,74370,3827.65,72406,3728.84,12608,647.87,35651,1831.88,8999,488.78
601077.SH,20240719,246018,12757.51,239544,12423.1,160715,8344.68,150675,7818.2,97785,5079.16,122958,6387.86,43783,2267.7,35124,1819.87,-24824,-1269.96
601077.SH,20240718,129642,6804.66,140952,7394.18,108567,5696.58,97981,5142.03,67414,3535.18,72588,3809.53,18348,962.27,12451,652.95,-28855,-1501.5
601077.SH,20240717,169456,8958.07,174206,9207.38,135258,7149.11,136036,7193.93,76154,4025.6,85392,4515.01,28537,1509.65,13771,726.11,-28951,-1511.04
601077.SH,20240716,229888,12144.64,211973,11196.81,142190,7510.84,154753,8178.71,111876,5913.66,131254,6937.79,47475,2512.59,33449,1768.42,54577,2909.79
601077.SH,20240715,225190,11833.28,191034,10036.54,144208,7571.38,148372,7790.67,104362,5478.93,137505,7223.28,39942,2102.6,36791,1935.69,176923,9309.1
601077.SH,20240712,178277,9203.72,203107,10489.68,181411,9370.01,172495,8909.45,112457,5810.87,98960,5107.83,31756,1640.63,29339,1518.29,89247,4639.34
601077.SH,20240711,191400,9779.23,203088,10367.61,155952,7963.91,142166,7265.64,73795,3769.65,70683,3612.25,7714,396.09,12923,663.37,-23700,-1178.17
601077.SH,20240710,171050,8850.06,173590,8975.31,113385,5862.24,113635,5879.47,58343,3014.65,62063,3209.36,17083,883.24,10574,546.05,5594,306.1
601077.SH,20240709,188053,9692.77,200751,10348.84,168328,8681.36,147448,7610.89,159121,8230.9,113714,5877.51,45039,2322.24,98629,5090.03,201650,10438.11
601077.SH,20240708,237526,12194.77,238737,12253.83,191138,9811.99,194554,9987.37,178936,9182.75,172138,8836.0,94465,4850.54,96637,4962.86,144009,7414.7
601077.SH,20240705,187987,9527.84,192580,9760.06,130153,6602.37,140650,7137.11,118177,6002.38,120148,6098.8,39298,1995.41,22237,1132.02,-85977,-4334.23
601077.SH,20240704,163990,8402.56,163124,8352.26,123965,6350.88,144071,7382.74,105462,5405.61,88349,4529.16,52431,2684.16,50304,2579.05,-9801,-477.23
601077.SH,20240703,169562,8690.75,159450,8171.36,115849,5936.79,115577,5927.05,74130,3800.22,76335,3914.05,23794,1218.98,31973,1634.28,-25450,-1281.42
601077.SH,20240702,242195,12381.01,243321,12445.58,262562,13442.79,235743,12058.38,227074,11638.13,201139,10292.8,68538,3493.63,120167,6158.81,157034,8058.13
601077.SH,20240701,242689,12238.98,230262,11612.48,149302,7529.13,177771,8969.81,98425,4967.0,109295,5518.55,91641,4627.24,64729,3261.53,58477,2980.8
601077.SH,20240628,316066,15817.25,344195,17229.31,293478,14672.01,296519,14830.51,221800,11089.53,242502,12127.14,182220,9097.12,130347,6488.94,220451,11039.64
601077.SH,20240627,318312,16658.05,314928,16479.75,306260,16011.84,292957,15323.35,201118,10515.88,229763,12013.88,118219,6184.25,106261,5553.04,223768,11725.97
601077.SH,20240626,257278,13168.18,286408,14671.74,269829,13816.55,270002,13833.97,178422,9146.89,174261,8920.78,77562,3975.92,52420,2681.05,196782,10107.76
601077.SH,20240625,216089,10856.73,234452,11783.57,196651,9882.05,230845,11615.55,178902,9002.36,186568,9384.89,121459,6125.62,61237,3082.74,226352,11396.69
601077.SH,20240624,211728,10515.55,169392,8408.92,105323,5227.14,131289,6521.52,92274,4579.83,97006,4815.76,16179,801.97,27817,1378.29,56979,2846.11
601077.SH,20240621,163944,8184.85,167697,8369.31,124841,6231.59,120181,6000.44,94115,4697.51,90991,4540.33,20781,1035.96,24811,1239.84,19849,1002.8
601077.SH,20240620,218921,10959.85,220464,11043.45,245717,12290.74,220618,11048.69,220862,11054.17,202737,10149.33,42430,2106.61,84111,4169.9,51540,2605.24
601077.SH,20240619,213648,10636.74,162670,8098.23,174349,8689.94,171673,8551.8,194803,9709.0,185184,9225.26,54238,2704.9,117511,5865.28,116114,5800.68
601077.SH,20240618,234239,11395.17,176963,8610.07,126012,6128.42,176959,8601.92,109748,5343.21,101766,4949.52,19283,938.4,33594,1643.68,93136,4575.16
601077.SH,20240617,250759,12203.51,232209,11294.0,211455,10292.56,209910,10209.22,208695,10141.26,207253,10095.31,34742,1700.7,56279,2739.5,-141506,-6831.95
601077.SH,20240614,252430,12412.89,237455,11676.79,160413,7886.91,177052,8710.12,134680,6625.25,155860,7678.19,78784,3890.34,55942,2750.29,22920,1149.11
601077.SH,20240613,290058,14334.69,326426,16133.17,319072,15792.69,264389,13063.23,209851,10399.04,189054,9373.66,46111,2272.36,85223,4228.72,-149252,-7371.17
601077.SH,20240612,318960,15995.68,289660,14525.44,295759,14837.84,281304,14111.76,236387,11853.58,222211,11155.82,32460,1640.17,90391,4534.24,143172,7268.13
601077.SH,20240611,273872,13740.86,218360,10949.36,290851,14584.5,258443,12959.02,171328,8591.81,203216,10191.57,59972,3002.26,116004,5819.49,37794,1940.14
601077.SH,20240607,162920,8162.39,165995,8312.93,126745,6349.9,125464,6287.68,110488,5535.7,111935,5608.95,33957,1701.34,30716,1539.76,44438,2240.91
601077.SH,20240606,190839,9557.03,229378,11484.84,149060,7465.54,151330,7576.56,107370,5378.09,101093,5063.78,56223,2811.13,21692,1086.6,6142,337.04
601077.SH,20240605,155876,7845.72,228918,11516.81,147526,7425.5,140511,7070.68,139323,7011.26,99836,5023.33,66806,3354.67,40265,2026.31,-40932,-2031.73
601077.SH,20240604,217516,10964.15,186260,9382.72,148921,7501.16,131613,6632.65,65496,3299.49,98056,4942.64,28674,1445.63,44678,2252.42,40055,2041.2
601077.SH,20240603,459449,23042.61,459337,23044.24,430755,21610.51,393070,19727.03,245321,12307.31,276755,13888.77,110859,5571.05,117222,5871.43,-277291,-13858.27
601077.SH,20240531,291549,14966.71,294908,15157.38,340847,17507.54,296077,15193.88,260703,13394.56,266027,13655.77,99953,5129.65,136039,6991.42,263911,13541.93
601077.SH,20240530,211774,10693.44,183738,9270.38,143457,7240.85,155595,7858.81,106688,5387.21,127175,6418.09,49739,2503.85,45150,2278.08,-62972,-3150.88
601077.SH,20240529,211175,10692.49,169133,8563.97,131649,6663.64,147964,7493.7,73396,3714.06,94390,4778.27,37938,1920.94,42671,2155.19,-3266,-136.26
601077.SH,20240528,189972,9612.79,194391,9833.59,152365,7708.01,142801,7226.68,114235,5781.37,126290,6389.3,25183,1272.2,18273,924.79,-66048,-3318.51
601077.SH,20240527,250661,12754.41,244884,12459.28,184489,9384.86,207539,10560.97,108829,5536.76,113583,5779.75,59861,3048.63,37834,1924.66,79162,4062.1
601077.SH,20240524,230968,11754.32,244301,12426.89,238920,12152.87,200940,10227.19,135886,6912.61,150034,7636.11,54790,2786.75,65290,3316.36,115303,5905.17
601077.SH,20240523,329035,16621.7,302888,15289.37,269580,13604.53,256016,12921.32,203160,10255.54,211483,10676.25,66279,3345.47,97667,4940.31,166974,8478.62
601077.SH,20240522,395226,19788.08,323898,16207.52,257674,12877.41,268333,13418.25,188719,9420.15,229187,11445.54,69457,3464.51,89657,4478.84,317299,15877.84
601077.SH,20240521,271454,13257.59,239435,11685.84,211289,10313.65,215550,10520.09,157313,7686.16,192409,9399.69,75306,3668.26,67968,3320.03,222507,10901.44
601077.SH,20240520,267679,12950.22,285259,13795.16,204967,9910.3,228800,11068.37,154524,7473.14,124159,6012.37,59469,2875.72,48421,2333.47,-177975,-8567.97
601077.SH,20240517,249260,12069.29,251924,12193.24,136190,6592.13,158556,7680.64,121915,5904.49,114457,5545.36,48780,2363.55,31208,1510.23,29607,1466.4
601077.SH,20240516,256430,12394.79,329901,15941.69,268876,12994.5,260235,12573.98,241545,11658.65,217028,10489.19,155927,7542.86,115612,5585.94,292298,14164.83
601077.SH,20240515,175786,8347.75,159408,7564.99,115397,5475.11,110617,5252.1,81120,3849.39,95376,4526.82,36605,1737.82,43506,2066.14,10264,503.41
601077.SH,20240514,236027,11245.19,244949,11662.6,229264,10931.78,203684,9706.52,127979,6102.7,148604,7090.68,57404,2731.84,53435,2551.7,55719,2696.16
601077.SH,20240513,301867,14212.07,263339,12389.45,193262,9101.73,243135,11444.49,154278,7251.2,142205,6691.32,43994,2063.61,44722,2103.36,92098,4408.51
601077.SH,20240510,211604,9920.16,215125,10082.28,150078,7032.69,189849,8897.65,122885,5759.35,100029,4689.95,52971,2483.84,32535,1526.16,51933,2455.52
601077.SH,20240509,329705,15394.21,297837,13899.66,232775,10853.24,300700,14030.0,235386,10982.81,182452,8508.65,71124,3309.82,88002,4101.77,305164,14248.45
601077.SH,20240508,186924,8620.67,243704,11232.77,130493,6015.86,120336,5547.71,129681,5978.04,71144,3281.49,31147,1435.79,43062,1988.39,-41189,-1880.22
601077.SH,20240507,272840,12575.6,333344,15355.98,233983,10789.14,212764,9807.2,169572,7824.26,136306,6293.92,69552,3204.71,63533,2936.6,-235031,-10811.36
601077.SH,20240506,319689,14947.32,413198,19306.44,260678,12182.74,310265,14501.95,378866,17700.91,177728,8306.75,70822,3308.29,128864,6024.12,29998,1437.3
601077.SH,20240430,363662,16832.02,287321,13291.8,313789,14515.66,304136,14065.91,243287,11251.25,259965,12024.62,76699,3548.22,146017,6764.81,212020,9818.42
601077.SH,20240429,422834,19235.28,393618,17907.59,361251,16394.94,328030,14912.19,237116,10759.93,272665,12376.01,79374,3608.44,106263,4802.8,85175,3924.66
601077.SH,20240426,434294,19720.92,422951,19200.01,463595,21068.91,466991,21226.19,491626,22323.93,411211,18675.72,144898,6595.31,233260,10607.15,-301560,-13657.31
601077.SH,20240425,268479,12348.25,240206,11035.47,250610,11504.28,229804,10572.75,206145,9460.37,192818,8851.77,61150,2815.93,123557,5668.85,192588,8933.03
601077.SH,20240424,282538,12884.56,255665,11650.71,216331,9862.09,177772,8105.14,154518,7042.44,165842,7562.09,48556,2214.56,102664,4685.7,-63206,-2850.44
601077.SH,20240423,262209,12047.98,292735,13447.07,265935,12217.78,240851,11068.23,217797,10013.59,208458,9583.93,96054,4419.85,99951,4599.97,-117786,-5368.01
601077.SH,20240422,233748,10905.68,272888,12723.87,274829,12817.55,219357,10236.25,180774,8439.0,185873,8678.32,54926,2563.26,66159,3087.05,-41633,-1906.05
601077.SH,20240419,288136,13502.49,237903,11143.83,178668,8368.92,222186,10415.06,158015,7403.25,170130,7975.68,59027,2767.89,53627,2507.98,3882,215.11
601077.SH,20240418,336927,15819.65,316382,14853.03,300191,14088.07,305460,14342.85,229977,10796.73,263181,12357.51,112995,5309.87,95066,4460.94,203031,9554.28
601077.SH,20240417,293588,13487.55,358421,16443.98,274222,12590.11,300873,13821.98,214803,9859.18,170404,7823.16,111117,5097.85,64031,2945.56,54883,2578.3
601077.SH,20240416,393046,18115.22,351923,16210.93,275907,12706.52,361879,16668.47,253129,11661.88,238188,10977.55,89263,4108.28,59355,2734.95,-133210,-6086.15
601077.SH,20240415,308826,14287.42,216261,9994.09,215308,9955.37,200295,9258.96,183892,8485.26,202821,9377.7,76731,3556.39,165380,7653.69,195055,9071.22
601077.SH,20240412,225736,10356.99,207698,9518.22,168241,7714.81,192291,8817.91,142368,6523.91,145048,6655.52,44994,2062.46,36301,1666.51,-126653,-5778.73
601077.SH,20240411,275214,12636.82,231005,10601.34,189774,8702.36,244933,11234.05,134246,6154.23,146324,6713.11,54738,2513.59,31712,1458.49,6875,344.58
601077.SH,20240410,327594,15102.86,296287,13671.38,315667,14557.39,379789,17533.81,224931,10379.37,205162,9455.56,89279,4121.49,76234,3500.35,-286717,-13177.63
601077.SH,20240409,192278,8995.78,253362,11848.33,198627,9291.55,181210,8481.29,151495,7091.06,112591,5269.21,25175,1177.63,20412,957.2,-68787,-3191.12
601077.SH,20240408,253890,11975.52,263160,12412.88,215506,10160.11,217107,10239.94,146782,6915.97,153514,7233.31,37391,1763.36,19788,928.83,56717,2705.87
601077.SH,20240403,254990,11932.55,217893,10193.73,179795,8412.4,174485,8163.3,116077,5426.84,133371,6238.17,12434,581.8,37547,1758.39,144549,6785.76
601077.SH,20240402,204945,9530.95,260916,12127.61,203320,9450.96,188064,8743.78,179103,8322.81,163302,7593.82,52832,2455.37,27918,1294.87,-3028,-108.14
601077.SH,20240401,276363,12831.47,269413,12500.96,199540,9255.32,225860,10480.41,137196,6360.36,111281,5164.84,40817,1893.48,47362,2194.42,-87723,-4028.88
601077.SH,20240329,293458,13663.24,278421,12958.7,198051,9217.6,239330,11143.42,116331,5415.92,142301,6630.51,84239,3927.71,32027,1491.83,-35398,-1606.45
601077.SH,20240328,339736,15887.47,319951,14959.35,286202,13377.35,235948,11032.83,210805,9849.46,221970,10382.97,54590,2546.27,113463,5285.39,-171648,-7999.11
601077.SH,20240327,387704,18482.23,346994,16543.28,304585,14517.64,324765,15487.54,320253,15266.01,327202,15591.89,81199,3873.78,94780,4516.97,149146,7155.02
601077.SH,20240326,271401,12597.71,342029,15875.78,248712,11546.95,288730,13407.51,246431,11437.35,230162,10687.22,174738,8114.41,80362,3725.91,292577,13629.56
601077.SH,20240325,353667,16183.72,309248,14146.2,296274,13544.48,279745,12797.68,229878,10508.7,219775,10040.35,69253,3160.92,140304,6413.6,302438,13823.58
601077.SH,20240322,156985,7019.29,199158,8896.37,140510,6279.72,127804,5713.19,168394,7524.78,116397,5206.81,43571,1947.93,66101,2955.35,37519,1702.86
601077.SH,20240321,165168,7397.89,169156,7573.08,115835,5186.4,123950,5553.15,130673,5845.5,120238,5380.49,35490,1588.9,33823,1511.98,113032,5077.81
601077.SH,20240320,120848,5366.18,152840,6783.03,111816,4964.79,103089,4577.63,116918,5191.78,100309,4456.08,54088,2401.57,47433,2107.58,25646,1158.8
601077.SH,20240319,173494,7703.93,189155,8394.28,153820,6831.25,106755,4740.35,93748,4160.43,109415,4859.42,35271,1565.01,51009,2266.56,19362,878.89
601077.SH,20240318,215294,9584.76,251038,11168.69,206837,9205.27,203930,9077.93,148056,6590.51,117055,5214.01,62666,2789.87,60830,2709.78,-164867,-7318.28
601077.SH,20240315,218618,9783.95,200486,8972.1,197182,8822.04,161084,7209.75,202410,9052.41,188500,8437.62,110472,4941.33,178613,7980.25,153738,6892.76
601077.SH,20240314,200037,8869.45,198299,8787.23,171876,7615.82,136579,6055.44,155628,6899.59,119928,5317.03,32345,1432.63,105080,4657.79,71455,3182.98
601077.SH,20240313,246592,10908.21,269323,11908.36,225101,9956.84,179855,7953.83,155329,6869.4,139945,6191.92,99605,4402.46,137504,6082.79,-145709,-6414.5
601077.SH,20240312,398374,18006.05,399558,18058.57,438445,19828.06,325823,14718.34,348556,15768.33,410811,18592.32,162203,7326.16,211387,9559.37,-319919,-14443.11
601077.SH,20240311,244281,11296.08,225069,10390.39,220519,10173.85,189920,8777.27,144949,6678.76,172806,7980.05,34513,1592.88,56466,2593.86,64613,3057.8
601077.SH,20240308,189478,8713.5,164617,7569.34,140204,6447.76,150091,6902.0,97790,4495.05,117020,5379.07,61353,2817.24,57096,2623.15,141906,6535.27
601077.SH,20240307,143489,6565.76,144793,6620.09,112076,5125.69,134411,6150.64,129291,5915.72,97029,4440.7,39738,1815.25,48360,2211.0,10157,483.0
601077.SH,20240306,223836,10274.16,238369,10938.35,197381,9056.53,175929,8074.19,146261,6713.31,152943,7022.48,51931,2386.53,52168,2395.51,33892,1586.34
601077.SH,20240305,314558,14300.37,332720,15123.04,232868,10576.22,271605,12349.32,213610,9706.14,205241,9335.76,137751,6278.66,89220,4053.26,285613,13023.11
601077.SH,20240304,217448,9732.79,209146,9352.56,166944,7469.59,137497,6153.79,105070,4694.58,120268,5382.21,35459,1583.48,58010,2591.87,70641,3192.13
601077.SH,20240301,196588,8814.23,195217,8747.97,118002,5288.43,134049,6007.77,72850,3263.27,86162,3862.45,59932,2683.85,31944,1431.58,15125,695.66
601077.SH,20240229,319131,14233.45,236133,10522.09,228254,10170.57,207311,9238.5,160332,7144.36,207979,9270.28,65432,2914.34,121726,5431.84,181301,8092.39
601077.SH,20240228,268996,11899.31,238923,10556.47,191072,8446.22,183085,8094.47,204828,9052.07,205576,9093.05,85937,3802.03,123249,5455.65,33807,1537.59
601077.SH,20240227,237290,10490.18,264621,11686.0,204665,9042.74,137702,6085.77,167692,7407.66,140309,6202.57,37597,1659.62,104611,4625.85,43495,1950.06
601077.SH,20240226,270661,12081.89,338934,15136.7,290825,12984.77,264658,11828.78,240863,10765.47,216791,9687.04,139885,6273.92,121851,5453.52,-223759,-9999.57
601077.SH,20240223,347517,15746.78,265765,12033.63,275242,12465.4,286532,12980.12,220278,9966.79,255127,11553.75,153501,6940.87,189114,8552.34,260597,11813.61
601077.SH,20240222,205106,9134.91,238102,10595.4,166828,7428.14,196284,8738.84,165002,7343.83,164431,7327.5,123041,5477.96,61159,2723.09,-7270,-298.41
601077.SH,20240221,358600,16097.4,363038,16270.32,345608,15496.69,331569,14878.05,356558,15964.97,291916,13078.45,144941,6491.92,219184,9824.17,76233,3510.44
601077.SH,20240220,300721,13278.11,260800,11505.75,246525,10878.15,271852,12000.39,218284,9629.32,208468,9200.36,91410,4037.63,115820,5116.71,109231,4855.55
601077.SH,20240219,403760,17608.07,491961,21440.45,281886,12285.75,375474,16369.37,293509,12791.06,162746,7098.31,115737,5041.93,64710,2818.67,32380,1456.97
601077.SH,20240208,629032,27500.05,517574,22645.0,531614,23216.23,454918,19881.5,280612,12253.86,401606,17511.65,69989,3055.37,137149,5987.36,345422,15142.49
601077.SH,20240207,806202,34608.62,782968,33575.18,524344,22504.91,525134,22541.63,328585,14110.13,357611,15373.98,112815,4842.55,106232,4575.42,-115067,-4825.82
601077.SH,20240206,597865,25727.61,498361,21434.41,329395,14156.05,362984,15605.14,191610,8225.31,269598,11596.5,77176,3316.27,65103,2789.19,151948,6606.89
601077.SH,20240205,601266,25663.69,399138,17020.56,369591,15775.29,410638,17524.95,228064,9725.72,337938,14421.57,77630,3304.33,128836,5501.95,7774,436.55
601077.SH,20240202,362856,15641.03,354447,15262.16,251759,10838.18,269781,11622.42,218521,9407.11,231933,9986.2,106118,4566.78,83094,3582.31,-7686,-235.2
601077.SH,20240201,299078,12830.81,297575,12754.19,196507,8419.36,199506,8549.03,146328,6268.83,170193,7298.24,44794,1914.19,19431,831.71,-64341,-2719.09
601077.SH,20240131,368799,15924.26,244988,10574.31,208243,8987.6,195172,8425.92,163918,7071.04,235973,10186.53,24163,1045.02,88989,3841.15,61835,2703.39
601077.SH,20240130,297329,12924.19,254733,11064.9,181979,7900.28,229346,9968.24,193732,8415.03,194600,8460.5,136675,5943.32,131037,5689.19,71300,3163.41
601077.SH,20240129,398642,17389.22,273965,11950.1,253901,11073.67,275882,12037.07,207851,9063.23,294915,12861.21,111670,4867.49,127303,5545.23,209424,9171.12
601077.SH,20240126,326724,14012.79,208796,8954.77,214048,9177.35,289261,12396.7,220225,9434.47,262299,11245.32,67555,2895.63,68197,2923.45,104005,4496.96
601077.SH,20240125,251553,10634.83,243698,10294.87,162450,6863.38,173635,7340.0,162493,6860.3,146893,6210.7,52210,2210.3,64479,2723.26,-70467,-2952.94
601077.SH,20240124,330749,13679.89,229477,9484.6,183009,7562.4,215455,8909.63,150783,6215.57,210753,8707.89,44937,1851.83,53792,2207.57,192256,7973.94
601077.SH,20240123,260658,10567.16,329264,13338.76,191278,7748.7,147537,5978.3,168861,6845.08,100307,4068.47,36170,1468.79,79858,3244.21,-85675,-3441.08
601077.SH,20240122,265045,10971.04,287132,11875.57,202708,8386.01,193601,8012.47,162180,6700.45,145656,6022.14,41198,1703.92,44743,1851.23,-203167,-8368.97
601077.SH,20240119,161293,6774.82,166578,6992.03,94643,3973.72,88014,3696.03,89308,3750.94,86234,3622.66,20222,846.48,24639,1035.24,-43055,-1791.79
601077.SH,20240118,251722,10540.73,290812,12181.0,237128,9943.82,210857,8834.01,183823,7706.69,164652,6909.84,65622,2738.73,71975,3005.13,-143335,-5981.12
601077.SH,20240117,250491,10816.53,242636,10470.62,299316,12924.6,244196,10542.49,250642,10796.28,262856,11341.92,98320,4239.47,149080,6421.85,75407,3309.9
601077.SH,20240116,236259,10096.91,192723,8233.8,145126,6201.81,193167,8253.03,141788,6053.13,177191,7572.0,76642,3276.69,36733,1569.72,164289,7038.05
601077.SH,20240115,129077,5464.09,115865,4901.45,79555,3365.94,93876,3972.07,69388,2932.96,58360,2469.75,12427,525.02,22346,944.75,38055,1624.27
601077.SH,20240112,106246,4492.53,105136,4441.52,85246,3603.89,67578,2857.28,98405,4161.35,106426,4502.69,33143,1400.6,43900,1856.89,28397,1210.48
601077.SH,20240111,154202,6522.4,171694,7255.86,106345,4491.83,111289,4707.34,96465,4077.34,77892,3292.66,42741,1806.61,38879,1642.32,-3548,-127.81
601077.SH,20240110,137927,5830.54,128566,5433.75,89138,3768.26,80861,3419.08,78489,3318.04,76983,3254.74,0,0.0,19144,809.27,-17867,-743.68
601077.SH,20240109,157839,6658.27,154658,6515.12,132720,5589.4,143785,6053.45,149503,6290.01,116516,4908.56,17572,734.95,42676,1795.49,78526,3334.91
601077.SH,20240108,166757,7029.73,192049,8093.67,139073,5865.09,141714,5974.69,104593,4410.19,102039,4309.35,54560,2301.78,29181,1229.08,-33608,-1399.44
601077.SH,20240105,263896,11253.43,244592,10429.94,193560,8248.18,232769,9928.25,206379,8792.96,188691,8042.24,84358,3608.94,82141,3503.08,218061,9334.42
601077.SH,20240104,138606,5816.99,140544,5896.41,75926,3185.73,84498,3548.04,84800,3558.63,81010,3401.49,31849,1338.1,25129,1053.51,31699,1343.09
601077.SH,20240103,206341,8640.2,163872,6858.45,86448,3617.84,90364,3782.51,62852,2629.76,83385,3490.5,29181,1222.37,47201,1978.72,99657,4185.15
601077.SH,20240102,259501,10795.19,236861,9850.25,183368,7623.5,231679,9631.76,162178,6739.07,186982,7769.69,91468,3799.0,40992,1705.05,209712,8724.2
601077.SH,20231229,162153,6622.41,186223,7602.61,128399,5243.17,114921,4692.43,91867,3750.28,81901,3346.0,35751,1459.96,35125,1434.79,17140,712.49
601077.SH,20231228,203884,8407.86,258045,10635.01,167764,6914.39,209984,8653.84,182120,7501.67,125775,5184.28,58836,2425.24,18799,776.03,-103544,-4238.04
601077.SH,20231227,133518,5506.71,133674,5506.76,107448,4426.92,85654,3529.45,68034,2799.81,94407,3890.15,26423,1086.77,21688,893.86,60332,2505.06
601077.SH,20231226,174433,7171.75,112592,4627.74,93337,3836.67,101820,4186.57,50191,2059.84,84744,3482.64,23018,945.23,41822,1716.55,44777,1856.73
601077.SH,20231225,181870,7429.71,157264,6421.42,110746,4523.72,116332,4751.73,93410,3814.39,79788,3259.18,26856,1095.08,59498,2430.58,-47616,-1934.19
601077.SH,20231222,187055,7742.45,151523,6267.4,92826,3842.4,113139,4682.6,84063,3479.17,107240,4443.61,11316,468.95,3358,139.36,15836,672.28
601077.SH,20231221,166656,6879.0,205487,8478.41,121077,4995.21,152314,6284.61,133333,5504.44,87415,3610.08,45085,1860.26,20935,865.81,-107366,-4417.29
601077.SH,20231220,141078,5899.35,144698,6043.62,99104,4139.72,118851,4966.71,100069,4179.21,103478,4325.05,40052,1671.76,13278,554.67,21292,902.91
601077.SH,20231219,141683,5871.8,179662,7439.8,136442,5649.71,138801,5748.49,126947,5257.99,92892,3851.02,25875,1072.07,19591,812.27,-123597,-5106.97
601077.SH,20231218,169536,7086.09,172155,7189.53,146892,6140.6,146692,6126.84,102690,4282.51,99520,4160.66,35782,1495.87,36533,1528.04,28200,1197.14
601077.SH,20231215,129129,5357.27,163283,6773.5,124700,5171.47,122007,5066.13,130366,5414.36,96305,3998.89,20180,840.25,22780,944.83,13708,586.63
601077.SH,20231214,110700,4620.72,122430,5106.33,85415,3563.69,99078,4133.47,101089,4216.2,79546,3320.23,16996,709.64,13145,550.21,-36326,-1504.52
601077.SH,20231213,148442,6219.22,115606,4840.73,91099,3814.17,105974,4438.24,60072,2513.39,73936,3096.63,6213,260.37,10311,431.56,6315,275.67
601077.SH,20231212,224009,9394.19,198385,8309.74,180947,7590.35,139910,5867.56,111879,4689.26,116593,4893.05,21047,883.53,82994,3487.0,-54485,-2268.97
601077.SH,20231211,298268,12338.69,306009,12649.99,222705,9202.36,267332,11041.61,247280,10216.61,195005,8066.31,57606,2370.5,57513,2370.26,96947,4066.38
601077.SH,20231208,292850,12185.9,346257,14407.95,392236,16309.13,305990,12743.8,347403,14441.07,259092,10789.71,116252,4803.45,237403,9798.1,173819,7217.33
601077.SH,20231207,239749,9884.45,253434,10451.69,221483,9134.09,244823,10098.68,227988,9404.67,189130,7796.21,64178,2646.23,66011,2722.87,159278,6574.87
601077.SH,20231206,145972,5951.31,187741,7647.74,149391,6087.06,145608,5930.97,138087,5618.73,102875,4190.52,22999,934.96,20225,822.84,-129112,-5235.65
601077.SH,20231205,157403,6488.1,162868,6709.93,180275,7434.74,118364,4876.4,89255,3678.18,97320,4012.8,47469,1954.47,95850,3956.37,-8424,-327.21
601077.SH,20231204,181370,7519.69,195088,8084.22,152569,6318.89,158300,6563.77,105618,4375.14,115048,4767.58,62456,2588.71,33576,1386.86,173784,7218.17
601077.SH,20231201,137374,5621.3,182623,7471.03,150311,6153.2,136547,5590.25,97499,3989.3,93825,3842.62,54521,2232.54,26711,1092.45,69527,2860.78
601077.SH,20231130,103375,4205.1,117739,4786.65,92161,3747.31,116306,4729.73,102162,4151.99,101595,4129.96,40420,1642.55,2478,100.61,53983,2200.73
601077.SH,20231129,126345,5098.24,171303,6910.99,129627,5231.58,93297,3765.19,80252,3238.69,63406,2560.79,9143,368.97,17361,700.51,-38239,-1530.24
601077.SH,20231128,160902,6548.23,221584,9011.2,154694,6292.32,137109,5580.27,159586,6488.26,104724,4261.82,71470,2908.58,83234,3384.09,-4346,-153.74
601077.SH,20231127,225732,9123.6,240296,9717.21,271499,10970.31,207869,8404.36,164214,6634.02,176851,7147.45,56253,2266.78,92682,3725.68,40640,1692.8
601077.SH,20231124,134476,5443.82,120594,4876.32,89147,3607.27,95003,3845.88,56352,2278.35,73627,2980.65,21890,885.35,12642,511.93,34147,1391.55
601077.SH,20231123,125299,5047.45,109138,4392.92,80119,3224.72,70429,2836.93,49339,1985.63,51878,2089.01,6000,241.8,29312,1180.74,37517,1520.65
601077.SH,20231122,116402,4685.65,109640,4410.24,105407,4241.42,84665,3407.3,79059,3180.83,49185,1980.47,27216,1095.13,84594,3405.02,49314,1994.76
601077.SH,20231121,142911,5756.45,141799,5708.48,89626,3608.04,97360,3921.33,71461,2876.14,65045,2620.35,27064,1090.03,26859,1080.49,-39241,-1568.02
601077.SH,20231120,107930,4320.73,99353,3974.74,83058,3322.5,82329,3295.09,63801,2553.13,62986,2521.0,29653,1184.98,39774,1590.51,19045,770.19
601077.SH,20231117,188238,7520.85,230636,9215.85,156859,6269.65,93422,3734.15,90476,3616.06,83794,3349.51,35387,1410.27,63108,2517.32,-274469,-10959.95
601077.SH,20231116,108494,4378.9,93157,3757.53,106673,4305.71,72235,2914.95,55820,2252.0,60199,2430.82,28548,1154.14,73944,2987.45,-9946,-390.49
601077.SH,20231115,121231,4925.05,145161,5892.73,113465,4608.0,89620,3642.33,61641,2503.55,61966,2518.57,12958,527.79,12549,510.77,-100743,-4082.34
601077.SH,20231114,146658,5956.37,153770,6245.52,158244,6427.69,134678,5471.2,71074,2887.77,89258,3625.35,17260,701.77,15530,631.54,60458,2469.57
601077.SH,20231113,284711,11456.1,205831,8275.97,151338,6084.04,161771,6511.28,77517,3117.33,131217,5278.27,33028,1329.8,47776,1921.75,158476,6403.39
601077.SH,20231110,141807,5695.88,132402,5314.65,87429,3510.32,91589,3679.52,76546,3073.02,69775,2802.85,6772,271.65,18787,753.86,-52336,-2088.56
601077.SH,20231109,158738,6390.5,138233,5561.59,101538,4085.9,116069,4670.81,86301,3470.76,103708,4176.0,23605,950.03,12172,488.78,4600,196.64
601077.SH,20231108,180989,7256.66,210461,8435.21,168306,6744.43,117432,4707.19,119039,4769.68,117531,4709.8,21386,856.18,44297,1774.74,-195014,-7799.39
601077.SH,20231107,217173,8740.3,227803,9164.85,163292,6569.06,150413,6054.09,97730,3930.55,84851,3413.92,35544,1428.75,50672,2035.82,-101602,-4068.68
601077.SH,20231106,315021,12799.67,371223,15072.75,330206,13414.65,284818,11575.65,233688,9494.04,196727,7995.25,70957,2885.5,97105,3950.21,-367178,-14884.8
601077.SH,20231103,212364,8795.44,186682,7727.99,183134,7581.13,147131,6094.63,142342,5892.16,122251,5064.05,21006,870.36,102783,4252.43,-109093,-4493.18
601077.SH,20231102,142174,5950.34,148094,6197.05,135544,5670.89,128837,5391.93,88675,3710.58,80767,3380.63,7733,324.87,16428,687.07,-73951,-3077.75
601077.SH,20231101,174444,7339.54,250368,10533.98,163318,6871.25,133117,5604.1,131305,5529.87,91405,3846.46,23346,978.67,17523,734.79,-103751,-4345.28
601077.SH,20231031,253430,10787.55,316912,13488.13,288044,12252.37,227209,9665.18,242567,10321.65,223625,9517.58,86897,3703.3,103191,4394.0,12135,522.65
601077.SH,20231030,253852,10582.99,369351,15397.4,290028,12087.55,228511,9528.94,252771,10531.36,175667,7319.75,85569,3567.26,108691,4523.07,-105384,-4354.33
601077.SH,20231027,179332,7538.24,198007,8319.77,143860,6048.94,173245,7282.58,140390,5899.16,156316,6572.65,115346,4845.31,51359,2156.64,-5615,-211.11
601077.SH,20231026,176935,7425.83,219654,9215.9,194790,8186.15,192740,8092.34,186259,7822.01,190988,8023.31,93612,3925.22,48214,2027.67,61318,2603.1
601077.SH,20231025,204563,8492.92,256771,10650.41,235473,9771.12,230923,9583.52,246680,10229.62,230835,9587.61,93270,3872.37,61458,2544.5,-10823,-415.15
601077.SH,20231024,259456,10810.57,314549,13100.85,315457,13150.86,302094,12593.94,325278,13555.58,336266,14018.35,99347,4139.12,46630,1942.99,-134513,-5570.72
601077.SH,20231023,194663,8101.77,246034,10231.63,232348,9659.45,225195,9365.92,186520,7755.54,143774,5980.82,35655,1482.26,34182,1420.66,-105292,-4353.25
601077.SH,20231020,242963,10131.97,229057,9549.16,225871,9401.51,259575,10804.72,235118,9772.23,224343,9335.37,119886,4988.21,110864,4604.68,-112699,-4649.56
601077.SH,20231019,442814,18537.0,252334,10562.17,317150,13272.03,306890,12853.24,234682,9824.43,316449,13245.61,64480,2700.19,183454,7672.63,-151433,-6298.71
601077.SH,20231018,264665,11390.17,209311,9007.87,254863,10959.88,321431,13827.04,279307,12007.23,307672,13224.28,138278,5940.97,98698,4239.07,-233180,-9991.76
601077.SH,20231017,322305,13841.98,298329,12807.87,266248,11427.78,305864,13131.84,168152,7212.74,194747,8353.61,92856,3980.38,50621,2169.56,205467,8872.9
601077.SH,20231016,276251,11696.0,235986,9988.33,235643,9979.31,287086,12152.7,199980,8463.52,191437,8108.93,83210,3517.09,80574,3405.95,137416,5853.35
601077.SH,20231013,260874,10947.96,275641,11563.87,273407,11466.67,302477,12690.27,255269,10699.93,223644,9378.0,136150,5709.44,123938,5191.85,48829,2068.09
601077.SH,20231012,586004,24327.73,373365,15490.43,354192,14690.4,420753,17444.25,308275,12758.55,425352,17619.15,117714,4848.93,146716,6071.79,527274,21904.06
601077.SH,20231011,156868,6358.7,209829,8498.46,182359,7388.75,194252,7869.59,174733,7075.71,147924,5993.44,121909,4934.99,83863,3396.65,-250943,-10142.0
601077.SH,20231010,341074,13832.09,301954,12237.68,300248,12172.82,310078,12571.53,169827,6874.72,203646,8253.64,76850,3107.2,72322,2923.99,159492,6504.76
601077.SH,20231009,332445,13335.96,283664,11370.19,289786,11622.18,262555,10528.64,157410,6303.37,248439,9960.18,90734,3626.34,75717,3028.84,170133,6888.17
601077.SH,20230928,255101,10203.33,171853,6867.29,114295,4567.19,148447,5935.07,98796,3947.68,133057,5322.11,26153,1046.29,40988,1640.02,179126,7181.48
601077.SH,20230927,224180,8958.51,141841,5667.86,173477,6930.17,174032,6954.32,126832,5068.54,166612,6655.86,30173,1206.47,72177,2885.65,-82770,-3278.92
601077.SH,20230926,176563,7086.5,189420,7601.11,161690,6487.83,157372,6318.05,97659,3918.26,110705,4446.07,61622,2479.09,40036,1606.44,14544,605.85
601077.SH,20230925,249574,9973.25,198355,7924.08,222475,8887.88,196515,7853.04,137668,5496.54,186665,7459.4,75291,3011.78,103473,4132.93,198776,7964.0
601077.SH,20230922,217458,8637.97,199522,7923.95,180145,7153.64,182407,7247.53,209323,8313.08,213598,8486.74,86681,3445.33,98079,3891.8,110607,4421.1
601077.SH,20230921,260789,10356.72,211455,8394.43,190342,7561.01,166793,6623.33,162400,6444.27,156397,6208.19,42487,1686.59,121371,4822.64,71603,2873.06
601077.SH,20230920,270759,10778.05,231282,9203.74,160692,6394.91,153095,6093.02,93030,3701.64,124833,4969.78,24950,992.79,40222,1600.84,93788,3743.29
601077.SH,20230919,186063,7396.0,178039,7074.77,214264,8517.1,191464,7609.51,126165,5011.32,168736,6708.71,93285,3707.61,81539,3239.03,-62151,-2446.58
601077.SH,20230918,285682,11295.68,204677,8090.46,169492,6697.22,180578,7136.01,128100,5063.78,178988,7085.54,73034,2895.79,92065,3640.46,126659,5036.75
601077.SH,20230915,250084,9920.95,210376,8354.14,222717,8844.99,215126,8547.86,194108,7703.63,213474,8475.3,139447,5538.37,167378,6630.65,101340,4055.8
601077.SH,20230914,282652,11166.88,229903,9084.24,190033,7508.34,247048,9761.75,186725,7375.09,213886,8446.91,169665,6702.62,138238,5460.03,262395,10386.86
601077.SH,20230913,183871,7199.28,192890,7558.09,152765,5982.26,145942,5719.63,166861,6540.4,181849,7125.92,126805,4983.48,109622,4301.77,92638,3667.15
601077.SH,20230912,178874,6971.01,168350,6562.15,132184,5152.2,135684,5284.77,125577,4891.7,100218,3909.55,82557,3220.78,114941,4479.22,-107080,-4157.52
601077.SH,20230911,331730,13023.21,329716,12942.09,287000,11266.49,303714,11918.51,211864,8313.37,292928,11504.54,237072,9299.67,141308,5537.61,156693,6172.88
601077.SH,20230908,144057,5549.6,155098,5975.54,69283,2667.51,113300,4365.26,63624,2450.8,77017,2966.95,107485,4145.34,39033,1505.5,40075,1551.6
601077.SH,20230907,183481,7062.0,226259,8705.4,156596,6029.13,134687,5186.97,123986,4771.81,88972,3425.9,35014,1348.28,49160,1892.94,99662,3854.91
601077.SH,20230906,139354,5346.19,152435,5844.45,69859,2679.23,76838,2946.76,89857,3444.72,51760,1985.69,22339,855.52,40376,1548.76,-17203,-648.26
601077.SH,20230905,162608,6271.57,153443,5914.48,96892,3735.47,101308,3905.83,84316,3250.29,81325,3136.8,23110,889.94,30850,1190.17,-22342,-847.54
601077.SH,20230904,265315,10239.9,278344,10742.77,196305,7572.08,246890,9520.26,260160,10023.89,205206,7907.0,118909,4584.24,110250,4250.08,459144,17714.04
601077.SH,20230901,168789,6388.78,141415,5351.34,118721,4493.16,129179,4888.9,95143,3600.62,111636,4226.62,33251,1259.73,33674,1275.43,60208,2293.95
601077.SH,20230831,171149,6460.9,175976,6640.47,114689,4332.5,127274,4805.11,113018,4266.2,114376,4323.49,39663,1499.9,20894,790.42,-25992,-965.81
601077.SH,20230830,214578,8126.28,217139,8219.6,157814,5977.07,145879,5523.62,131520,4979.77,128326,4860.55,47197,1787.34,59765,2266.7,-135939,-5129.38
601077.SH,20230829,409033,15599.77,309610,11804.99,223402,8515.4,241834,9227.11,211442,8066.85,221294,8438.15,70725,2697.07,141863,5408.85,-75401,-2837.77
601077.SH,20230828,299244,11643.37,285425,11110.38,261605,10201.58,251379,9798.98,239361,9332.59,242644,9444.0,126657,4943.25,147420,5767.44,-160926,-6195.57
601077.SH,20230825,145972,5548.53,117597,4469.61,113736,4325.01,95287,3621.36,126209,4796.57,78535,2983.96,54048,2055.38,148546,5650.58,177690,6768.53
601077.SH,20230824,178720,6778.73,190173,7213.9,121171,4596.58,166700,6321.98,139762,5302.27,97514,3700.3,52281,1981.2,37547,1422.6,-158367,-5992.27
601077.SH,20230823,139223,5340.77,132720,5090.16,94663,3631.7,114013,4373.7,114189,4379.21,108954,4180.19,33419,1281.84,25807,989.46,-932,-19.33
601077.SH,20230822,150514,5739.61,156273,5957.29,98141,3742.49,105078,4006.0,81443,3104.13,77820,2966.53,23204,882.99,14130,539.39,-26501,-996.11
601077.SH,20230821,179931,6888.02,221005,8457.23,103103,3947.66,101664,3893.99,103862,3976.73,62754,2404.26,34484,1319.55,35956,1376.47,-30350,-1139.45
601077.SH,20230818,191325,7363.86,221649,8528.86,157030,6038.29,167526,6445.74,159504,6138.13,148097,5696.91,108182,4163.45,78768,3032.23,90292,3486.02
601077.SH,20230817,220606,8400.05,212636,8089.83,125296,4769.38,120876,4602.91,122909,4678.78,114417,4359.22,27518,1048.58,48399,1844.82,-88305,-3342.95
601077.SH,20230816,138965,5340.31,159589,6134.01,100603,3868.65,85315,3278.64,74733,2868.31,81105,3118.18,25124,968.04,13416,514.48,30290,1170.39
601077.SH,20230815,241158,9247.58,214616,8231.31,169703,6505.95,144234,5531.02,126303,4842.77,121735,4661.94,25030,961.67,81608,3133.7,111938,4301.44
601077.SH,20230814,202691,7684.51,198285,7513.5,113810,4314.98,112490,4265.67,100998,3827.87,89055,3376.33,47308,1793.56,64977,2465.42,-103332,-3907.95
601077.SH,20230811,167644,6481.52,123405,4769.81,124189,4802.41,96113,3715.4,94153,3639.8,140969,5451.83,54896,2121.74,80394,3108.41,-124015,-4779.48
601077.SH,20230810,110491,4306.22,111415,4340.51,95775,3731.6,63879,2489.05,52957,2062.74,60361,2352.56,14834,576.76,38402,1495.2,34246,1344.27
601077.SH,20230809,126734,4947.32,152385,5947.44,81608,3186.36,76251,2977.85,84496,3299.86,73244,2860.74,33234,1296.78,24192,944.29,24211,956.5
601077.SH,20230808,142421,5549.0,135443,5274.3,107415,4185.22,108518,4225.45,71479,2783.74,76933,2998.16,54452,2119.85,54873,2139.89,52721,2063.39
601077.SH,20230807,198559,7721.03,177843,6914.33,113812,4425.87,100237,3899.42,85354,3318.34,83050,3229.31,30374,1179.1,66969,2601.27,-96423,-3740.57
601077.SH,20230804,197859,7802.27,213880,8437.66,153669,6062.77,213456,8422.82,155319,6131.34,124200,4903.15,85909,3396.52,41219,1629.26,-56495,-2211.99
601077.SH,20230803,180751,7036.81,194830,7595.52,155824,6071.8,155720,6067.74,142136,5537.45,114974,4474.74,51212,1998.37,64399,2506.42,93198,3641.81
601077.SH,20230802,247402,9577.34,168357,6517.25,188788,7308.38,164881,6386.34,108643,4205.1,158512,6137.6,50298,1949.41,103382,3999.06,-134834,-5209.13
601077.SH,20230801,262131,10267.43,188589,7386.45,144800,5669.16,151534,5933.83,94913,3713.88,154201,6037.02,47065,1841.92,54585,2135.1,-87121,-3389.14
601077.SH,20230731,320724,12615.05,283300,11140.77,220129,8657.75,240906,9476.75,173477,6824.02,177054,6964.93,76631,3015.28,89701,3529.64,37163,1486.12
601077.SH,20230728,240528,9276.63,267318,10328.65,236947,9140.79,259894,10024.92,187782,7246.87,161190,6213.66,88910,3438.72,65765,2535.78,247719,9564.98
601077.SH,20230727,162916,6201.43,153365,5840.74,138956,5291.35,117296,4468.34,102488,3902.59,106988,4074.01,32028,1220.04,58739,2232.32,65487,2512.28
601077.SH,20230726,156151,5905.49,104501,3951.75,83926,3173.62,89437,3382.67,85774,3241.53,96747,3658.1,18960,716.04,54128,2044.16,-18072,-670.59
601077.SH,20230725,132663,5010.12,169073,6382.64,109459,4132.79,119137,4498.84,121854,4596.96,83371,3145.28,71127,2683.8,63522,2396.91,111862,4230.81
601077.SH,20230724,111202,4138.77,148229,5519.11,79303,2951.03,116241,4325.44,96174,3582.93,79393,2953.8,72494,2697.51,15310,571.89,128174,4773.76
601077.SH,20230721,99557,3673.0,96848,3572.44,75056,2768.44,85162,3142.1,91654,3381.71,83346,3074.93,39961,1475.13,40872,1508.8,20152,753.99
601077.SH,20230720,126879,4689.88,91156,3367.23,78516,2899.34,83544,3087.35,59308,2190.77,53122,1965.06,15441,571.66,52321,1932.02,1650,71.95
601077.SH,20230719,87287,3205.74,102856,3778.7,74400,2733.86,77577,2850.84,70457,2588.5,63773,2340.54,33246,1219.73,21185,777.74,57797,2134.79
601077.SH,20230718,129039,4728.29,104456,3825.46,90919,3329.9,86403,3165.37,76732,2809.63,70410,2578.56,12224,447.4,47645,1745.82,-53312,-1942.25
601077.SH,20230717,139211,5107.77,91770,3366.6,81332,2981.55,56499,2073.49,59197,2169.79,56570,2075.07,13551,495.97,88451,3239.92,-106337,-3887.78
601077.SH,20230714,130804,4828.92,126719,4675.89,89582,3304.73,97710,3604.33,69358,2557.68,58019,2140.72,15226,561.33,22522,831.7,-16408,-591.57
601077.SH,20230713,143639,5279.92,137742,5062.1,122560,4502.31,138417,5084.05,79444,2917.84,82077,3014.32,43460,1592.28,30867,1131.89,196368,7215.46
601077.SH,20230712,83787,3054.29,95386,3474.61,64827,2361.8,70680,2576.05,74709,2723.3,40998,1494.69,9672,352.04,25930,946.08,-19314,-695.25
601077.SH,20230711,120800,4396.67,95065,3458.26,134131,4881.2,128535,4677.24,81103,2949.7,116188,4228.93,44571,1621.44,40817,1484.59,57549,2102.7
601077.SH,20230710,78937,2863.05,107627,3902.45,77651,2816.72,61136,2218.89,50204,1820.56,46546,1688.71,23102,839.45,14585,529.74,-40213,-1449.7
601077.SH,20230707,69729,2529.39,91080,3302.72,68554,2485.68,74579,2705.05,40017,1451.37,40130,1455.12,55372,2008.6,27883,1012.15,-13588,-488.74
601077.SH,20230706,100727,3649.37,96931,3512.06,74119,2684.63,65417,2371.64,37665,1364.2,41547,1504.92,19907,721.85,28523,1031.43,-93340,-3375.23
601077.SH,20230705,87535,3193.51,99073,3612.71,78494,2862.9,64776,2363.25,48760,1777.39,49462,1804.05,10741,391.94,12218,445.72,-43620,-1582.42
601077.SH,20230704,145053,5310.23,134120,4908.07,113787,4165.1,108097,3956.72,46387,1697.1,62946,2304.49,8363,305.25,8426,308.39,60454,2221.39
601077.SH,20230703,245410,8950.91,198841,7256.74,188903,6885.78,163967,5982.09,124061,4523.44,166598,6066.5,5020,183.26,33987,1238.05,252634,9220.11
601077.SH,20230630,176630,6332.87,149512,5358.88,127423,4565.24,135885,4869.72,72319,2592.28,89479,3205.14,33670,1204.15,35166,1260.82,45052,1619.3
601077.SH,20230629,307846,10964.36,278223,9904.36,256318,9132.11,279619,9961.7,159994,5703.25,151977,5424.08,50089,1788.94,64427,2298.51,-114510,-4041.3
601077.SH,20230628,210858,8103.96,162229,6232.61,199301,7658.93,201921,7751.91,114249,4386.62,146838,5643.95,32156,1234.07,45578,1755.1,-102580,-3914.96
601077.SH,20230627,147746,5674.41,147524,5667.5,123670,4751.42,143162,5497.23,92943,3571.13,89305,3431.56,50968,1957.98,35335,1358.65,129013,4964.46
601077.SH,20230626,211233,8054.99,186181,7098.63,152792,5829.07,131034,5001.09,101777,3879.93,118629,4525.36,27761,1062.14,57720,2201.05,-94969,-3599.9
601077.SH,20230621,148090,5700.0,173413,6671.34,134981,5193.44,140646,5413.06,151572,5832.88,97534,3755.09,23618,909.82,46668,1796.65,71202,2757.09
601077.SH,20230620,202029,7768.37,212690,8179.82,156433,6017.29,131044,5042.17,90852,3493.86,91168,3506.27,31601,1217.74,46013,1769.0,-75589,-2887.16
601077.SH,20230619,187690,7276.25,168697,6537.11,137978,5350.52,107222,4156.84,72278,2804.01,84584,3281.47,17081,661.72,54524,2117.08,-83965,-3240.89
601077.SH,20230616,126660,4959.14,160023,6261.59,106276,4159.56,99534,3897.56,103476,4049.03,92987,3641.9,39011,1527.6,22879,894.28,-76009,-2961.38
601077.SH,20230615,123108,4807.75,108308,4229.03,70572,2755.54,63677,2487.6,58319,2276.15,70081,2736.69,28142,1099.63,38076,1485.74,-32179,-1250.63
601077.SH,20230614,243515,9550.93,222025,8713.54,180693,7090.25,134169,5267.91,135300,5314.44,158651,6224.64,36431,1431.34,81094,3180.88,-295426,-11586.01
601077.SH,20230613,132384,5248.67,104211,4130.53,70638,2798.53,75078,2976.52,44596,1766.57,44718,1771.49,13408,531.21,37019,1466.44,24807,991.92
601077.SH,20230612,229677,9145.7,190248,7567.82,176150,7019.67,162683,6480.51,140059,5579.53,160086,6380.9,41128,1633.59,73996,2949.26,-144714,-5756.15
601077.SH,20230609,159533,6452.73,169109,6836.21,162508,6572.91,131594,5320.68,112386,4540.43,110813,4482.51,25740,1037.16,48651,1963.83,64528,2626.09
601077.SH,20230608,208433,8348.39,188932,7564.4,166377,6665.76,183458,7353.82,161434,6469.4,147577,5927.12,31130,1254.03,47407,1892.24,153556,6177.96
601077.SH,20230607,193093,7646.62,183436,7260.65,170898,6769.13,126183,4997.46,82656,3269.11,116718,4618.41,50663,2003.17,70972,2811.51,201253,7976.08
601077.SH,20230606,198656,7846.92,240693,9506.6,169674,6699.91,157926,6239.12,145720,5751.22,115296,4556.69,68372,2706.3,68507,2701.94,12600,527.78
601077.SH,20230605,206654,8115.47,244600,9604.35,158337,6216.27,146202,5743.79,151124,5939.55,102911,4044.26,61678,2423.93,84081,3302.8,100756,3979.82
601077.SH,20230602,205952,8066.66,280088,10966.76,185534,7266.4,142061,5565.19,155903,6104.6,101449,3973.2,59856,2342.64,83648,3275.15,-69300,-2693.56
601077.SH,20230601,285298,11218.06,343651,13514.27,220429,8668.09,152191,5984.86,122812,4826.05,92787,3646.79,75953,2980.29,115862,4546.56,-67934,-2640.7
601077.SH,20230531,188491,7442.61,260716,10292.29,238562,9424.59,155132,6128.56,147577,5825.53,139088,5493.93,84381,3333.62,104074,4111.58,5680,248.94
601077.SH,20230530,178962,7074.21,157582,6224.96,136438,5393.17,108097,4275.41,69346,2740.12,81321,3217.87,14064,556.16,51811,2045.41,-2328,-82.7
601077.SH,20230529,262775,10373.66,353731,13950.84,218110,8608.16,171529,6782.13,122219,4827.08,91229,3607.72,60510,2399.68,47126,1867.89,12592,535.53
601077.SH,20230526,211418,8290.52,201597,7909.08,182219,7142.88,160265,6288.64,84528,3308.28,106797,4179.62,58555,2291.86,68061,2656.2,44860,1789.08
601077.SH,20230525,257524,10108.11,204462,8027.69,146576,5750.82,130606,5128.29,86514,3392.07,112768,4422.94,14904,584.09,57682,2256.17,-40206,-1558.52
601077.SH,20230524,520151,20624.05,231014,9166.3,347872,13800.1,243381,9653.0,227714,9022.83,339389,13463.77,123239,4889.32,405192,16053.23,-54038,-2137.22
601077.SH,20230523,217158,8868.29,167282,6836.39,232399,9484.37,164751,6725.96,152630,6221.46,170355,6951.83,74844,3045.58,174643,7105.51,-184357,-7518.66
601077.SH,20230522,156177,6446.42,143767,5931.52,152992,6315.11,134744,5562.92,83168,3430.84,111897,4618.52,39263,1621.47,41193,1700.88,66645,2766.37
601077.SH,20230519,170722,7043.12,169690,6999.48,152575,6293.54,138441,5712.63,120520,4970.54,128128,5284.04,29646,1223.05,37204,1534.09,-131436,-5410.16
601077.SH,20230518,238925,9995.68,204643,8561.35,204392,8549.81,209458,8764.9,140115,5861.85,187679,7849.43,53141,2221.37,34792,1453.01,80911,3403.36
601077.SH,20230517,239524,9935.45,188212,7802.59,127165,5271.13,156480,6487.88,84320,3495.08,101437,4207.27,24564,1019.42,29444,1223.35,-72079,-2963.29
601077.SH,20230516,347473,14545.56,339994,14224.35,319879,13387.49,269184,11265.69,203489,8518.03,275927,11551.31,101443,4239.48,87179,3649.21,76152,3233.12
601077.SH,20230515,342053,14024.76,237755,9754.06,286781,11762.5,269565,11058.98,209648,8592.18,260840,10694.78,45731,1876.76,116052,4748.39,-59824,-2390.76
601077.SH,20230512,205551,8537.77,213161,8852.82,183093,7602.58,211544,8788.11,198051,8221.96,201054,8350.06,115802,4812.73,76737,3184.06,-34670,-1413.01
601077.SH,20230511,263036,10931.75,310658,12913.04,344317,14311.05,284432,11826.05,258146,10722.07,232388,9658.06,112662,4688.61,150684,6256.33,-97338,-3994.09
601077.SH,20230510,613330,25655.58,374441,15701.47,534520,22378.85,511713,21453.36,443643,18630.59,605483,25349.86,199770,8424.2,299627,12584.53,-427151,-17861.86
601077.SH,20230509,676156,29566.06,627507,27476.41,720891,31519.53,773257,33842.88,840633,36752.29,761849,33341.78,530016,23227.67,605083,26404.49,122895,5545.85
601077.SH,20230508,603274,25773.85,727222,31081.76,748095,31939.83,975543,41604.14,880627,37527.95,811720,34584.55,720986,30703.81,438498,18674.99,739912,31532.18
601077.SH,20230505,428483,17621.45,393856,16191.45,469413,19315.22,454933,18719.78,369570,15205.38,406047,16714.35,148260,6100.7,160889,6617.16,119851,5002.78
601077.SH,20230504,584802,23576.61,725306,29173.39,853706,34353.66,791989,31911.89,733951,29552.42,705533,28391.75,310360,12446.83,259991,10452.5,911278,36744.81
601077.SH,20230428,266025,10269.51,241767,9330.8,194727,7516.29,229813,8868.75,202529,7814.05,211289,8151.36,142498,5493.88,122910,4742.83,250721,9682.32
601077.SH,20230427,196165,7461.96,188195,7153.13,172604,6567.4,148983,5663.95,161056,6123.64,122283,4650.71,62198,2363.87,132562,5049.07,100953,3864.61
601077.SH,20230426,394575,14976.63,242196,9188.32,201626,7643.66,257084,9754.5,177486,6725.04,243092,9221.03,155392,5886.56,186708,7068.05,-13286,-473.88
601077.SH,20230425,298985,11379.16,287880,10957.5,218025,8300.3,266083,10128.68,202366,7701.24,236268,8992.31,194834,7418.66,123977,4720.87,228510,8723.9
601077.SH,20230424,213856,8070.95,205255,7746.43,184330,6954.27,198939,7507.72,157338,5938.34,159994,6039.4,96588,3643.59,87925,3313.6,105485,4000.13
601077.SH,20230421,277377,10486.65,210455,7962.58,225262,8513.55,212629,8038.75,246272,9309.97,314912,11893.63,66798,2534.24,77712,2949.45,-94289,-3525.81
601077.SH,20230420,233083,8797.07,180510,6813.11,162627,6136.46,206381,7788.97,171182,6455.34,166433,6281.19,97857,3692.07,111425,4197.66,-8322,-281.31
601077.SH,20230419,271844,10246.68,234816,8857.13,208468,7861.85,218466,8237.96,182653,6888.65,166385,6269.93,77990,2941.67,121288,4573.83,96618,3671.22
601077.SH,20230418,239030,8967.26,214499,8044.59,171120,6417.88,173137,6494.07,144962,5432.15,138491,5191.08,70922,2659.54,99909,3747.08,114,22.39
601077.SH,20230417,203964,7576.05,217873,8091.62,191564,7115.26,233834,8680.81,155323,5764.83,119618,4442.23,96741,3593.8,76267,2835.28,23748,920.76
601077.SH,20230414,139421,5157.99,128277,4743.04,115060,4256.22,114020,4217.44,86433,3196.44,92510,3422.83,60582,2239.74,66689,2467.08,28466,1062.66
601077.SH,20230413,138685,5118.07,158557,5847.1,151791,5600.36,158363,5841.84,115413,4255.36,97159,3584.7,69070,2545.61,60879,2245.76,115023,4258.15
601077.SH,20230412,129116,4745.83,145318,5338.04,109720,4031.38,111667,4103.47,85346,3136.33,98870,3633.61,90895,3338.69,59221,2177.1,99485,3664.97
601077.SH,20230411,134864,4927.98,154391,5638.43,110700,4043.08,85007,3104.95,78033,2849.47,66959,2445.3,18172,663.37,35412,1295.22,-66510,-2416.13
601077.SH,20230410,116500,4263.84,103136,3772.53,82479,3018.49,66920,2448.48,69981,2561.24,59621,2182.45,22226,813.47,61509,2253.58,-19832,-716.82
601077.SH,20230407,92742,3402.03,100125,3670.59,73886,2709.67,63846,2341.04,75441,2767.39,46942,1722.16,45634,1672.88,76790,2818.18,-6207,-219.0
601077.SH,20230406,81774,3007.56,89858,3301.09,70685,2598.39,61932,2275.55,91996,3381.49,52786,1940.92,58414,2145.62,98293,3615.51,-60339,-2207.58
601077.SH,20230404,140013,5149.02,118118,4342.24,104517,3843.14,109894,4040.47,80720,2968.73,81886,3011.28,48219,1770.6,63572,2337.51,84015,3098.96
601077.SH,20230403,188943,6938.43,128688,4719.96,128622,4722.56,100447,3685.29,111268,4084.58,90473,3321.18,93650,3436.15,202876,7455.29,50129,1857.07
601077.SH,20230331,292720,10792.66,346753,12782.14,277949,10244.31,323285,11910.73,246927,9105.49,265014,9757.36,358856,13187.89,241400,8880.12,212484,7845.63
601077.SH,20230330,131959,4755.76,91048,3280.93,106913,3851.18,93753,3379.04,94279,3396.65,67977,2450.57,23801,856.91,104175,3749.95,35098,1274.35
601077.SH,20230329,121170,4368.68,97088,3498.37,93575,3372.67,79928,2881.01,66350,2392.82,45598,1643.72,9285,334.4,67766,2445.47,-138748,-4996.79
601077.SH,20230328,103791,3760.3,105251,3807.95,71764,2598.25,82946,3002.75,48488,1755.36,35595,1289.08,47526,1717.47,47777,1731.61,9235,348.99
601077.SH,20230327,187302,6772.76,195126,7055.04,147489,5334.56,135781,4912.06,121389,4390.32,106844,3863.57,36013,1302.35,54442,1969.33,-158877,-5740.3
601077.SH,20230324,120009,4382.18,86660,3161.03,93830,3424.13,86174,3145.37,81918,2988.14,92005,3358.54,60932,2223.13,91850,3352.65,-78735,-2861.07
601077.SH,20230323,111287,4069.18,105342,3849.95,105695,3863.09,97174,3552.68,93577,3421.69,75037,2743.75,56671,2070.8,89677,3278.39,-8244,-289.72
601077.SH,20230322,121287,4432.15,97109,3545.23,78938,2883.34,80228,2931.86,56283,2056.16,60753,2219.22,21105,770.11,39523,1445.45,50468,1854.03
601077.SH,20230321,148293,5409.92,158345,5773.99,122832,4479.89,139070,5073.84,128583,4688.61,112835,4114.89,73146,2670.11,62606,2285.82,-65327,-2366.35
601077.SH,20230320,151963,5580.11,145087,5323.47,153191,5624.86,138514,5085.94,115608,4245.77,130375,4788.84,126871,4660.88,133656,4913.36,-78921,-2880.42
601077.SH,20230317,142128,5211.11,175019,6413.21,107645,3945.52,152514,5590.24,102702,3763.74,97046,3556.62,158950,5822.03,86846,3182.33,-9932,-342.59
601077.SH,20230316,204956,7499.1,138635,5070.25,150789,5511.79,155488,5685.05,120877,4417.94,150044,5483.71,141823,5184.21,174279,6374.03,84333,3096.99
601077.SH,20230315,108620,3952.11,132070,4802.41,100821,3666.89,89730,3264.01,111417,4052.03,89573,3258.57,39886,1451.2,49371,1797.25,-24161,-867.34
601077.SH,20230314,143245,5184.83,89394,3235.33,117707,4261.07,110310,3992.9,79461,2875.29,103670,3753.11,32174,1165.41,69213,2505.26,-52812,-1899.17
601077.SH,20230313,122422,4443.15,108527,3937.54,114950,4171.58,97704,3544.29,113844,4129.11,102417,3716.17,33289,1208.48,75857,2754.32,14347,536.32
601077.SH,20230310,145036,5277.24,131494,4782.66,123492,4493.66,119119,4334.44,108346,3942.59,104897,3817.29,37691,1371.02,59055,2150.13,-165124,-6000.08
601077.SH,20230309,93942,3453.9,115053,4227.31,98886,3634.91,91018,3345.95,73591,2705.17,94681,3481.24,50772,1865.54,16438,605.02,-54615,-1999.44
601077.SH,20230308,173607,6349.19,120881,4420.45,143098,5229.46,144790,5295.51,120558,4410.58,142102,5198.41,49483,1811.78,78974,2886.64,51359,1906.6
601077.SH,20230307,211125,7779.5,291583,10754.26,290226,10703.07,316716,11682.49,282105,10409.05,215600,7946.83,137593,5070.19,97152,3578.22,123575,4581.24
601077.SH,20230306,157024,5747.06,155605,5691.01,169872,6215.54,141072,5160.71,119159,4357.47,117619,4302.26,45391,1661.41,77150,2827.52,-23656,-845.69
601077.SH,20230303,163050,5953.65,162702,5941.11,154976,5658.47,150285,5487.89,110919,4049.91,115781,4227.38,52901,1931.56,53078,1937.21,107412,3936.64
601077.SH,20230302,137367,5002.17,132387,4819.3,140356,5109.3,127103,4626.79,90063,3277.11,112328,4088.57,73419,2670.54,69388,2524.46,-1270,-34.31
601077.SH,20230301,131750,4779.31,96506,3499.34,106945,3878.33,107317,3891.41,81778,2964.78,97021,3518.02,23044,834.5,42674,1548.15,186128,6758.66
601077.SH,20230228,75804,2732.63,65690,2367.6,72028,2596.34,88259,3182.13,79366,2861.76,68625,2474.96,38440,1387.6,43064,1553.66,80190,2896.8
601077.SH,20230227,63601,2288.98,79574,2861.65,66449,2390.99,59336,2135.38,56669,2037.91,46770,1683.18,34039,1224.79,35077,1262.46,-87060,-3124.21
601077.SH,20230224,63635,2296.71,76165,2746.92,72640,2620.66,64195,2316.03,74779,2698.45,56913,2053.39,56776,2048.06,70556,2547.54,-11333,-401.81
601077.SH,20230223,105985,3826.74,94339,3404.31,117017,4224.74,92756,3348.69,86489,3121.14,89719,3239.98,17437,629.28,50115,1808.92,39928,1449.29
601077.SH,20230222,100457,3621.42,76318,2748.78,82012,2955.04,76634,2761.46,73111,2634.45,56115,2021.79,10067,362.41,56580,2041.29,-10516,-368.63
601077.SH,20230221,113560,4099.08,101481,3660.95,97637,3523.27,114361,4126.86,84303,3042.68,110206,3976.69,96616,3484.07,66069,2384.62,99649,3607.71
601077.SH,20230220,119002,4272.34,161893,5810.63,145656,5230.3,130775,4696.1,119070,4273.86,92120,3308.19,50789,1821.42,49729,1783.01,152966,5498.0
601077.SH,20230217,90993,3248.5,95156,3396.27,73049,2606.71,70690,2522.8,64711,2309.69,49506,1767.14,4423,157.79,17826,636.48,-70008,-2492.29
601077.SH,20230216,124662,4475.39,136855,4911.2,144844,5199.14,181339,6508.79,122509,4398.73,147299,5286.94,136445,4892.09,62967,2258.41,-22539,-781.99
601077.SH,20230215,74836,2681.65,88125,3156.23,90557,3244.02,66351,2377.14,78653,2818.68,51441,1843.75,25373,909.49,63503,2276.72,-123708,-4426.33
601077.SH,20230214,87575,3146.64,104778,3762.95,109120,3918.78,87590,3146.23,88464,3176.39,67809,2435.68,55420,1989.08,80402,2886.03,10170,373.61
601077.SH,20230213,84065,3012.61,103995,3723.99,99319,3557.45,81152,2906.43,84576,3027.93,87769,3143.59,58725,2103.57,53770,1927.55,-70429,-2512.06
601077.SH,20230210,72567,2597.83,79938,2858.82,69689,2494.31,67008,2398.05,73061,2614.9,58625,2099.2,31052,1111.1,40799,1462.07,25306,914.37
601077.SH,20230209,67594,2417.2,62520,2233.44,54011,1929.73,70456,2517.6,60566,2163.96,71567,2558.46,53529,1912.33,31156,1113.73,65944,2366.05
601077.SH,20230208,100189,3576.35,119904,4277.3,80640,2878.36,71869,2564.76,58749,2095.86,46423,1657.22,28394,1012.12,29775,1063.41,-10906,-380.01
601077.SH,20230207,63652,2272.05,104538,3730.14,77072,2750.15,54507,1945.38,82481,2943.95,32962,1176.28,21878,781.04,53077,1895.39,-58136,-2070.23
601077.SH,20230206,81282,2897.99,74927,2668.85,64014,2281.45,49707,1771.97,41713,1485.62,43431,1548.52,19080,680.01,38024,1355.72,-67993,-2415.03
601077.SH,20230203,104021,3723.74,107275,3839.03,120152,4301.28,83675,2995.22,110078,3941.15,97209,3480.55,46609,1666.84,92701,3318.21,-150131,-5365.81
601077.SH,20230202,101646,3661.63,119375,4296.2,112345,4045.43,87218,3141.43,96495,3472.85,84939,3058.4,20332,731.46,39287,1415.34,-30769,-1096.92
601077.SH,20230201,89032,3201.47,124854,4488.13,117371,4219.95,102125,3671.64,128873,4633.49,89514,3218.06,37113,1334.58,55897,2011.66,-34482,-1231.81
601077.SH,20230131,92696,3328.64,96164,3452.14,88346,3171.08,77653,2787.75,95405,3423.48,88392,3173.87,46309,1661.62,60547,2171.07,-89054,-3187.46
601077.SH,20230130,160473,5792.34,149855,5402.26,154407,5571.48,143284,5169.58,126430,4560.44,109696,3962.32,36124,1304.28,74599,2694.37,-85828,-3075.01
601077.SH,20230120,95509,3428.59,88227,3165.69,86930,3119.98,84837,3045.38,73926,2653.38,90195,3237.7,28857,1034.99,21963,788.17,15716,571.13
601077.SH,20230119,103378,3697.98,75184,2687.47,78054,2789.91,91242,3262.03,48324,1728.09,48091,1719.94,19364,691.91,34603,1238.45,9036,329.75
601077.SH,20230118,103335,3695.16,107024,3828.77,108508,3877.59,96878,3467.53,79214,2831.17,62125,2224.46,68965,2472.17,93995,3355.33,100424,3602.76
601077.SH,20230117,82629,2941.88,74723,2659.05,66320,2360.44,56098,1996.59,57513,2046.9,51085,1819.74,24988,890.14,49545,1763.98,-15459,-544.16
601077.SH,20230116,119193,4259.68,125918,4501.2,107626,3844.9,123999,4431.41,111739,3991.53,110839,3962.09,95689,3422.11,73490,2623.52,86348,3107.13
601077.SH,20230113,78384,2776.58,71705,2538.27,73360,2596.6,71520,2533.06,59258,2096.7,59773,2115.4,19431,688.04,27435,971.2,88525,3140.38
601077.SH,20230112,85828,3023.26,67099,2362.4,83356,2933.76,98144,3453.69,64088,2256.96,53451,1883.27,7325,257.84,21904,772.46,-67568,-2371.16
601077.SH,20230111,66123,2334.96,74275,2621.93,63377,2237.4,57932,2045.42,41746,1473.85,32550,1149.18,20191,712.74,26680,942.43,-21895,-769.07
601077.SH,20230110,84205,2979.0,66684,2358.18,69048,2442.43,62328,2204.21,78686,2783.91,76124,2694.0,9881,349.48,36683,1298.44,-128011,-4522.35
601077.SH,20230109,86593,3081.5,101575,3612.19,70359,2502.46,81179,2887.47,52660,1871.48,35038,1247.27,17280,614.81,9100,323.34,-16702,-586.02
601077.SH,20230106,64098,2281.41,66007,2347.47,52367,1862.64,47526,1691.27,48434,1723.05,60494,2152.79,24660,876.59,15532,552.17,-20963,-739.22
601077.SH,20230105,116155,4146.98,128740,4592.59,100204,3575.97,97608,3483.35,73244,2613.58,65501,2338.54,27596,982.93,25350,904.98,-11175,-385.03
601077.SH,20230104,139790,4977.32,136931,4871.8,143202,5093.95,146888,5226.48,123026,4373.88,124598,4435.46,54418,1938.19,52019,1849.61,146161,5208.9
601077.SH,20230103,103874,3668.74,95774,3380.6,84515,2984.14,80356,2836.05,85602,3021.07,85437,3016.89,22956,809.06,35380,1249.48,-248,-0.49
601077.SH,20221230,84902,2990.56,68409,2408.54,84992,2993.93,72502,2554.39,85362,3006.91,91999,3240.25,5378,189.39,27724,977.61,78134,2760.63
601077.SH,20221229,98694,3458.58,66600,2332.13,78180,2737.86,61830,2165.85,60166,2107.0,71214,2494.8,20602,721.07,57999,2031.73,-52044,-1814.46
601077.SH,20221228,92777,3265.42,104404,3673.0,95982,3376.64,103033,3626.33,92005,3238.97,70871,2496.48,10750,378.4,13206,463.63,-2770,-86.18
601077.SH,20221227,72707,2552.1,88147,3093.61,75926,2664.71,83934,2946.05,65011,2280.05,49604,1740.95,37349,1310.86,29308,1027.12,61189,2150.54
601077.SH,20221226,104639,3649.82,88964,3100.93,73114,2549.66,68220,2378.87,52534,1832.24,53549,1868.55,10887,379.24,30441,1062.61,7868,282.35
601077.SH,20221223,118252,4129.36,101813,3553.12,88020,3073.27,87391,3051.29,76934,2686.94,80477,2809.25,50612,1765.82,64137,2241.73,21446,759.68
601077.SH,20221222,99700,3501.43,99983,3509.95,100287,3520.89,83010,2915.05,59568,2091.85,74377,2612.76,11500,404.16,13685,480.57,-93039,-3256.75
601077.SH,20221221,76748,2701.35,80709,2839.7,69016,2428.57,64907,2285.72,41305,1454.83,46478,1637.29,16841,593.67,11815,415.71,2733,104.44
601077.SH,20221220,170290,5999.71,148638,5235.35,127059,4477.44,103792,3655.88,99818,3518.58,89688,3160.6,26545,933.35,81594,2877.25,-149566,-5257.03
601077.SH,20221219,169744,6053.84,131879,4698.45,120904,4311.19,116156,4141.3,88524,3156.64,116288,4152.39,55959,1995.0,70808,2524.52,-196575,-6990.57
601077.SH,20221216,121180,4349.21,124811,4475.16,117106,4200.1,109775,3937.62,83353,2990.12,90361,3241.76,53870,1933.07,50561,1817.97,43407,1568.52
601077.SH,20221215,120026,4302.46,114107,4087.57,81527,2921.18,83068,2977.54,76198,2728.34,87702,3141.26,52624,1882.82,45498,1628.44,-143893,-5140.6
601077.SH,20221214,95282,3435.5,114252,4117.59,74454,2683.29,76591,2761.27,74707,2692.45,86105,3104.64,98840,3563.86,66335,2391.6,-42559,-1521.74
601077.SH,20221213,112641,4070.26,83692,3022.51,89048,3218.11,84603,3057.6,78002,2817.72,93924,3394.01,58938,2129.69,76410,2761.65,37695,1371.35
601077.SH,20221212,188048,6804.13,157320,5689.29,108604,3928.69,126433,4574.59,101358,3667.62,102788,3721.19,84504,3055.84,95972,3471.2,-186478,-6727.91
601077.SH,20221209,228832,8368.52,226129,8269.11,221990,8113.88,213715,7814.68,239462,8743.52,162901,5955.39,111736,4080.52,199275,7267.24,-70410,-2547.34
601077.SH,20221208,146229,5341.35,166435,6074.7,155841,5690.65,134453,4909.97,144421,5272.77,119220,4354.19,79228,2893.36,105611,3859.27,6637,267.26
601077.SH,20221207,189049,6893.85,163279,5952.11,138034,5031.28,172987,6305.28,187591,6837.28,147522,5375.29,55370,2016.51,86256,3146.23,11356,435.22
601077.SH,20221206,165100,6026.66,177201,6465.34,134185,4897.41,136590,4987.28,136983,4999.92,124757,4555.34,97044,3543.01,94763,3459.03,28060,1042.03
601077.SH,20221205,235530,8566.21,258299,9396.22,219407,7981.26,230549,8385.75,220280,8008.62,182497,6634.48,111813,4060.41,115685,4200.05,147247,5367.41
601077.SH,20221202,113433,4075.35,95994,3446.22,80446,2888.77,94631,3398.13,65830,2363.67,86778,3116.54,55675,1998.78,37981,1365.67,-30337,-1083.11
601077.SH,20221201,175597,6347.7,158118,5711.62,163300,5903.88,164301,5941.7,144710,5230.17,148991,5388.84,91128,3299.52,103324,3739.12,-113648,-4084.74
601077.SH,20221130,195884,7098.05,147044,5326.24,167089,6052.22,182121,6599.14,137535,4981.64,171990,6232.45,126757,4592.57,126109,4566.66,-35759,-1273.25
601077.SH,20221129,247487,8938.24,314726,11372.23,281762,10174.7,289137,10439.9,265343,9591.68,240132,8671.65,230373,8321.15,180972,6541.99,297580,10749.96
601077.SH,20221128,214194,7609.04,163455,5802.08,173706,6168.48,179778,6385.75,138593,4921.23,166428,5912.01,96114,3416.35,112946,4015.26,-74449,-2627.09
601077.SH,20221125,252095,9016.18,262957,9407.34,259860,9287.4,262179,9375.9,287877,10287.47,206118,7371.09,100112,3582.67,168689,6019.39,287458,10268.98
601077.SH,20221124,107488,3804.54,61438,2172.59,103557,3664.56,84418,2986.42,76067,2690.15,94090,3328.41,32137,1135.46,79302,2807.28,39640,1412.38
601077.SH,20221123,182249,6450.9,159993,5662.53,175926,6221.7,218763,7738.72,160520,5673.21,185913,6576.14,163484,5789.29,117510,4157.72,212660,7530.01
601077.SH,20221122,220870,7741.76,205698,7218.41,238190,8346.48,188831,6624.76,221070,7743.83,202509,7103.07,105610,3709.74,188702,6595.57,-61567,-2131.33
601077.SH,20221121,111908,3936.52,122239,4297.04,81111,2851.99,85737,3015.6,64365,2262.94,66247,2329.91,50311,1767.61,33472,1176.51,-17093,-589.46
601077.SH,20221118,145823,5145.37,112714,3973.79,107973,3807.52,113859,4016.56,88405,3116.59,106466,3753.6,45966,1619.72,55128,1945.25,68331,2424.28
601077.SH,20221117,106655,3757.63,88526,3116.5,88485,3115.6,65170,2295.15,73869,2601.16,72755,2562.08,17234,606.94,59792,2107.59,-32303,-1129.41
601077.SH,20221116,130762,4621.49,127546,4505.7,124644,4403.91,120208,4248.56,98746,3488.83,107084,3785.4,22590,799.37,21902,773.94,-110137,-3883.97
601077.SH,20221115,170961,6062.56,178454,6327.24,179838,6375.14,167384,5934.34,169387,6004.94,178758,6333.67,84641,2996.99,80231,2844.39,1707,74.81
601077.SH,20221114,181196,6428.47,245480,8707.36,203206,7209.26,203829,7232.55,210488,7471.53,139499,4952.12,104795,3721.15,110877,3938.38,77962,2788.68
601077.SH,20221111,209568,7366.83,203207,7146.67,216352,7606.4,235942,8298.3,210927,7416.19,199839,7026.22,147799,5200.54,145658,5118.78,179040,6316.23
601077.SH,20221110,84798,2951.8,113465,3948.18,87312,3038.34,80397,2798.8,67984,2365.78,44484,1548.4,19907,693.57,21654,754.11,-16656,-571.55
601077.SH,20221109,76985,2689.67,103240,3606.0,88581,3094.64,97457,3406.29,76834,2685.41,49370,1725.03,26134,913.13,18468,645.53,-46790,-1626.47
601077.SH,20221108,72421,2528.89,73616,2568.72,67858,2368.38,50267,1754.56,36430,1270.87,50184,1752.35,19073,665.63,21715,758.13,-56300,-1959.77
601077.SH,20221107,111569,3900.38,170081,5944.3,162993,5697.73,166257,5811.23,129176,4515.45,81594,2854.21,36121,1262.92,21927,766.74,-191141,-6669.11
601077.SH,20221104,117873,4119.19,143150,4998.83,119787,4183.46,143606,5014.88,89377,3118.45,74161,2591.09,56120,1960.45,22239,776.75,-22377,-771.85
601077.SH,20221103,119496,4153.0,159975,5557.35,111918,3889.34,99666,3462.14,64530,2242.58,56307,1958.25,44269,1538.05,24266,845.23,-111687,-3875.12
601077.SH,20221102,111065,3888.82,140552,4917.07,94773,3317.53,91103,3190.35,77918,2727.8,67570,2367.19,39169,1369.74,23701,829.28,-39685,-1377.13
601077.SH,20221101,196303,6864.92,172556,6029.63,140709,4917.76,101385,3546.29,65407,2285.26,74641,2611.55,21366,745.89,75204,2626.37,27727,985.3
601077.SH,20221031,207513,7201.17,153520,5328.45,163306,5667.28,131099,4550.09,73102,2537.93,97723,3390.57,27435,952.78,89014,3090.06,-86995,-3002.02
601077.SH,20221028,106809,3755.54,125206,4399.84,115375,4054.78,107063,3763.95,72746,2557.75,74321,2615.47,27299,960.5,15639,549.3,-86756,-3033.62
601077.SH,20221027,108514,3820.11,125183,4403.85,82509,2903.19,69885,2460.07,52042,1830.56,47242,1663.36,13024,458.44,13779,485.02,18064,643.72
601077.SH,20221026,108064,3801.91,119555,4203.95,111354,3917.33,93830,3302.24,73502,2586.15,99336,3496.57,40175,1412.7,20373,715.33,-3845,-121.55
601077.SH,20221025,127086,4475.22,141347,4974.43,103302,3635.88,97408,3430.36,61039,2148.45,65109,2292.83,34199,1204.7,21761,766.64,-15821,-544.33
601077.SH,20221024,189288,6709.08,180319,6386.01,142599,5058.81,124049,4399.04,87327,3097.1,101735,3616.99,33668,1197.79,46780,1660.73,-122248,-4311.88
601077.SH,20221021,74008,2649.86,99958,3577.07,61296,2193.76,58963,2111.1,83597,2992.65,64048,2293.56,34286,1227.53,30218,1082.07,-43924,-1561.98
601077.SH,20221020,109289,3913.37,104478,3739.9,77151,2761.67,62839,2249.71,69715,2495.1,53596,1919.11,25713,922.25,60955,2183.66,-18019,-634.16
601077.SH,20221019,116324,4187.15,100814,3627.51,68801,2475.93,68600,2470.47,33801,1216.76,42548,1532.26,18970,684.43,25934,934.03,-59631,-2139.77
601077.SH,20221018,80667,2925.39,83059,3009.63,61953,2246.56,90585,3283.6,50532,1831.5,42067,1526.86,49263,1788.08,26704,971.43,-75395,-2724.19
601077.SH,20221017,90787,3294.04,100840,3656.83,70015,2538.74,66338,2405.87,73297,2658.56,61976,2248.12,28354,1028.4,33299,1208.93,-49971,-1804.34
601077.SH,20221014,113790,4149.88,120611,4395.39,83852,3056.68,92222,3363.25,73308,2672.08,66288,2418.51,38482,1404.36,30311,1105.85,53405,1955.26
601077.SH,20221013,113842,4130.89,125265,4540.98,69455,2519.37,61697,2238.41,46955,1701.77,51237,1859.84,17488,633.52,9540,346.31,-42164,-1519.33
601077.SH,20221012,162748,5925.11,144048,5241.42,87804,3195.04,101936,3710.88,65517,2385.15,66569,2424.23,11198,407.45,14715,536.21,53484,1959.0
601077.SH,20221011,178027,6465.2,157576,5719.63,86440,3137.14,106374,3862.45,54861,1991.21,48438,1759.11,3139,114.26,10080,366.63,46448,1698.41
601077.SH,20221010,238221,8621.54,179159,6481.0,126472,4573.01,153932,5568.83,82262,2978.83,93766,3393.23,29491,1063.24,49589,1793.56,116362,4222.13
601077.SH,20220930,105569,3781.49,93540,3348.54,60018,2148.98,58979,2112.84,53380,1910.58,63781,2283.87,4723,169.08,7391,264.89,35114,1264.98
601077.SH,20220929,143571,5162.67,108014,3878.62,66507,2389.5,83828,3012.1,57615,2071.04,52498,1888.81,13831,495.69,37184,1339.35,-11637,-405.45
601077.SH,20220928,151651,5468.93,131923,4754.93,90738,3273.54,89854,3241.44,66021,2380.16,65029,2347.37,20223,731.68,41826,1510.56,24742,907.09
601077.SH,20220927,129478,4637.76,105403,3772.3,69633,2492.26,72761,2604.58,47472,1699.11,56007,2008.31,8224,293.91,20636,737.86,39757,1437.3
601077.SH,20220926,168197,6082.96,165264,5972.43,78298,2830.91,98801,3571.73,104581,3779.28,76848,2779.76,16424,591.93,26587,961.16,-32109,-1145.34
601077.SH,20220923,172949,6282.16,155531,5648.24,103127,3745.01,97225,3530.6,85826,3113.5,98783,3585.8,30874,1121.99,41236,1498.02,133080,4841.15
601077.SH,20220922,107581,3873.71,90042,3241.09,64641,2326.7,72100,2596.07,51353,1846.99,52968,1906.43,11983,431.18,20449,734.99,-35371,-1264.66
601077.SH,20220921,143376,5152.37,124983,4488.95,88413,3175.25,90798,3264.14,60365,2164.22,72182,2588.23,28173,1011.22,32364,1161.73,94324,3403.9
601077.SH,20220920,119524,4285.91,109509,3922.89,45555,1632.31,76644,2746.83,36898,1321.69,35274,1264.71,42083,1507.13,22634,812.61,27873,1010.35
601077.SH,20220919,147301,5262.01,107564,3840.29,70752,2525.13,83018,2963.79,65401,2332.86,65632,2342.48,17469,625.02,44710,1598.47,46560,1674.67
601077.SH,20220916,160808,5778.53,169790,6090.01,97087,3487.68,107339,3854.77,103705,3719.04,86981,3127.45,33910,1215.84,31400,1128.86,-175376,-6286.3
601077.SH,20220915,196583,7161.65,176314,6414.66,140103,5101.49,129065,4700.17,92757,3372.59,98988,3606.42,32217,1173.05,57292,2087.53,60434,2216.68
601077.SH,20220914,126070,4568.4,91232,3303.53,77563,2808.4,74584,2701.35,51768,1873.87,71742,2598.89,8938,323.32,26781,970.21,8857,331.45
601077.SH,20220913,125784,4588.41,145280,5293.75,65381,2381.3,83336,3037.58,82150,2991.15,62569,2279.28,43758,1593.94,25887,944.18,-18014,-641.56
601077.SH,20220909,118590,4320.53,126888,4620.8,111394,4058.31,87175,3176.03,72569,2641.15,64995,2367.9,19171,697.83,42666,1553.09,49994,1831.62
601077.SH,20220908,106503,3860.11,85213,3088.48,82453,2988.96,95284,3453.09,45587,1652.65,65559,2378.35,18918,686.98,7404,268.78,76126,2767.38
601077.SH,20220907,85405,3082.78,97207,3507.38,59774,2156.92,59511,2147.79,57380,2069.64,52926,1910.02,29259,1055.96,22175,800.12,-4709,-161.84
601077.SH,20220906,110684,4012.16,107452,3892.35,74368,2695.28,91420,3314.52,65362,2368.4,64903,2352.73,37593,1361.64,24230,877.89,-2258,-73.19
601077.SH,20220905,123181,4442.49,99510,3590.57,99992,3607.64,89500,3230.22,63677,2296.6,91566,3303.34,46588,1683.45,52862,1906.05,122288,4421.92
601077.SH,20220902,133705,4817.9,108060,3891.91,67801,2440.55,91189,3284.11,47647,1715.13,41624,1500.09,14873,536.33,23154,833.79,9902,367.73
601077.SH,20220901,179665,6472.95,129974,4681.25,102633,3695.42,94076,3388.75,66243,2385.41,73538,2649.31,21162,763.39,72116,2597.86,65783,2381.57
601077.SH,20220831,172407,6183.31,142675,5116.9,105925,3797.42,115942,4157.65,112109,4019.81,86738,3111.91,20505,735.58,65590,2349.67,99399,3582.03
601077.SH,20220830,142738,5100.51,129126,4611.77,99785,3564.44,93070,3324.9,68926,2461.12,93250,3330.23,31373,1119.86,27376,979.03,81670,2928.8
601077.SH,20220829,151493,5358.82,108557,3841.71,98955,3501.35,111881,3957.63,80581,2848.07,121136,4280.06,30086,1061.98,19542,690.82,117934,4186.87
601077.SH,20220826,89268,3158.74,78219,2766.13,62412,2208.14,59641,2109.95,93943,3322.64,90830,3213.47,4233,149.55,21167,749.52,25416,907.37
601077.SH,20220825,87526,3082.89,81930,2885.47,64537,2272.64,73496,2590.02,68171,2401.9,70962,2500.83,52921,1867.24,46766,1648.35,40553,1443.69
601077.SH,20220824,86007,3035.07,92491,3261.87,85916,3032.01,70045,2471.78,85733,3027.11,67075,2369.27,9136,322.76,37180,1314.03,-119769,-4216.47
601077.SH,20220823,66121,2337.89,77484,2737.05,52446,1852.98,52882,1868.52,51959,1835.35,47055,1664.09,20301,717.09,13407,473.65,-44137,-1551.1
601077.SH,20220822,64430,2281.96,67365,2384.52,61540,2179.45,50949,1804.12,62977,2229.29,62973,2231.05,1476,52.4,9136,323.41,-23478,-824.52
601077.SH,20220819,73327,2597.81,99503,3522.99,61658,2183.77,56618,2005.79,54826,1940.88,37048,1312.55,15628,553.23,12270,434.36,-34443,-1213.74
601077.SH,20220818,67130,2376.21,58226,2059.81,61855,2189.22,57619,2039.14,44079,1559.95,53084,1879.36,13185,466.43,17320,613.51,-30210,-1061.75
601077.SH,20220817,84938,3014.0,76392,2709.3,59050,2094.38,63393,2249.0,65604,2326.73,61160,2170.3,3619,128.62,12267,435.14,66657,2371.8
601077.SH,20220816,81986,2900.67,75346,2664.66,80094,2831.89,107359,3794.74,77745,2750.31,54203,1918.17,15532,548.57,18450,653.86,-64193,-2261.19
601077.SH,20220815,99736,3538.52,85877,3045.54,67191,2383.3,68965,2446.98,62323,2211.05,65952,2339.66,13397,475.35,21854,776.05,-6289,-216.09
601077.SH,20220812,86441,3074.5,68654,2440.1,56993,2025.46,66894,2378.02,56170,1996.92,66413,2360.92,30166,1069.92,27808,987.75,6315,231.41
601077.SH,20220811,132313,4684.18,123664,4377.9,127341,4509.16,123178,4356.87,94111,3328.15,101498,3588.94,41160,1454.7,46585,1652.49,201147,7127.02
601077.SH,20220810,87102,3049.81,69813,2443.42,61564,2154.96,47717,1671.0,38573,1350.4,48567,1700.77,2853,100.14,23994,840.12,-41210,-1438.93
601077.SH,20220809,63541,2231.02,75565,2652.14,58513,2054.09,44950,1578.15,39193,1375.76,23529,826.48,6327,222.08,23530,826.17,-77994,-2734.73
601077.SH,20220808,66093,2327.54,69491,2445.88,58180,2048.49,50104,1764.15,62397,2195.81,61597,2169.38,6278,221.37,11756,413.81,-25966,-907.94
601077.SH,20220805,96856,3397.42,84323,2956.59,86384,3027.33,73293,2571.8,70660,2478.19,91392,3205.8,40094,1411.36,44985,1580.11,91165,3216.26
601077.SH,20220804,76549,2673.22,116939,4082.38,74992,2618.55,92325,3223.37,88790,3100.6,53597,1872.91,38134,1331.18,15604,544.89,-74941,-2607.5
601077.SH,20220803,119056,4176.93,139403,4888.07,82474,2894.47,98357,3451.17,76579,2686.59,74126,2603.63,57521,2018.49,23743,833.61,-106178,-3707.18
601077.SH,20220802,291570,10257.78,203547,7159.2,155801,5482.22,171331,6029.74,112290,3955.06,151963,5346.22,55237,1940.78,88058,3100.68,-162158,-5701.3
601077.SH,20220801,107625,3853.0,101814,3642.83,61538,2201.58,66652,2385.74,45760,1637.14,52586,1882.22,19966,714.79,13837,495.72,-15083,-530.57
601077.SH,20220729,111560,4014.4,87032,3129.61,77548,2788.46,58089,2089.78,69521,2501.01,75695,2724.09,3310,119.49,41123,1479.88,-113681,-4080.38
601077.SH,20220728,87925,3179.27,87308,3154.69,80623,2913.67,71272,2576.7,60684,2193.73,74022,2677.36,14923,539.91,11553,417.82,3766,146.6
601077.SH,20220727,78884,2846.15,45784,1650.16,40798,1471.38,31454,1134.57,30241,1090.69,52169,1882.87,0,0.0,20516,740.62,4150,154.25
601077.SH,20220726,60309,2177.84,79569,2869.73,40776,1471.01,48404,1746.83,50491,1821.45,49466,1786.92,30296,1093.69,4434,160.51,14570,532.75
601077.SH,20220725,74387,2680.61,87457,3149.17,62606,2255.02,56098,2020.91,35793,1288.88,33977,1225.32,4747,170.89,0,0.0,-63364,-2278.93
601077.SH,20220722,68483,2471.66,84092,3033.15,66859,2413.36,50224,1812.72,64401,2324.02,46373,1674.94,13093,473.1,32147,1161.32,-47472,-1708.44
601077.SH,20220721,88462,3201.86,86238,3119.0,63336,2291.75,55004,1990.75,51152,1851.1,54793,1984.09,41407,1497.58,48323,1748.45,-35391,-1272.35
601077.SH,20220720,80693,2932.88,69716,2532.39,52229,1897.38,51043,1854.68,52509,1906.53,53890,1957.58,27001,980.14,37783,1372.28,-18564,-667.53
601077.SH,20220719,88483,3201.11,78940,2854.13,85714,3099.59,65232,2359.26,73013,2641.72,75393,2728.07,37090,1341.61,64734,2342.58,74641,2709.36
601077.SH,20220718,96759,3481.48,110911,3987.83,60084,2160.21,72552,2607.5,71890,2583.25,60214,2166.33,18387,660.5,3442,123.78,14312,520.27
601077.SH,20220715,159672,5741.92,122375,4399.86,103539,3726.15,114735,4126.04,93848,3377.42,105911,3814.61,43479,1567.1,57517,2072.08,-158584,-5695.74
601077.SH,20220714,167599,6069.53,118365,4284.89,100498,3638.46,101582,3678.43,85905,3111.39,127910,4633.78,53718,1944.55,59863,2166.84,-148032,-5353.25
601077.SH,20220713,123544,4522.22,122818,4492.51,82104,3004.34,74933,2743.43,64890,2374.97,64990,2379.48,22427,819.46,30224,1105.57,-125305,-4576.76
601077.SH,20220712,138351,5089.91,123918,4556.58,108613,3993.8,94309,3469.4,78508,2887.54,103505,3807.35,33126,1218.74,36865,1356.65,12678,476.8
601077.SH,20220711,117050,4282.98,122943,4496.83,102955,3766.86,87099,3186.94,103052,3771.72,100734,3686.08,47937,1752.4,60218,2204.09,96177,3532.69
601077.SH,20220708,52768,1925.51,82471,3007.74,55060,2009.17,60195,2196.61,54192,1976.93,40906,1492.74,37691,1374.72,16139,589.23,-54964,-2000.85
601077.SH,20220707,88163,3218.73,103337,3769.54,53921,1967.53,70194,2562.26,56643,2066.85,45168,1649.0,48381,1764.91,28408,1037.21,-47856,-1737.5
601077.SH,20220706,174741,6377.89,114330,4174.51,108591,3964.3,95016,3470.48,93177,3401.04,122952,4487.6,15462,564.51,59673,2175.17,-139702,-5092.19
601077.SH,20220705,111214,4087.23,128693,4728.89,102882,3781.15,83520,3069.38,72875,2679.64,86679,3187.0,27199,999.47,15277,562.21,-86750,-3174.69
601077.SH,20220704,154594,5691.26,166732,6135.01,93679,3446.63,99340,3656.28,88077,3240.74,80990,2980.95,30637,1127.22,19925,733.6,-11617,-410.47
601077.SH,20220701,132353,4883.31,115682,4266.58,99539,3672.28,93721,3457.88,66370,2447.69,79279,2926.01,5668,209.17,15248,561.99,-34566,-1266.86
601077.SH,20220630,167413,6199.35,185800,6876.78,133122,4928.44,113966,4220.04,90078,3334.69,102553,3797.99,34746,1285.77,23040,853.44,-31156,-1135.94
601077.SH,20220629,276180,10246.43,240293,8912.71,215654,7999.58,199034,7388.87,134928,5008.56,170842,6341.49,37068,1378.95,53662,1990.44,-168675,-6228.29
601077.SH,20220628,223022,8811.62,185410,7323.26,223349,8824.19,188610,7453.87,171646,6779.66,163338,6453.27,31482,1245.09,112141,4430.17,-82802,-3245.02
601077.SH,20220627,149857,5962.52,182583,7262.76,165324,6578.12,127521,5075.13,106798,4249.02,100168,3985.94,33522,1333.88,45229,1799.71,47182,1891.5
601077.SH,20220624,118663,4704.42,96214,3812.66,104022,4121.81,97764,3875.14,45683,1809.77,84893,3364.63,23345,925.13,12841,508.71,-17312,-676.29
601077.SH,20220623,158562,6253.38,151774,5983.17,144846,5711.35,128510,5066.07,88215,3475.1,116886,4607.79,28126,1106.97,22579,889.78,172736,6829.78
601077.SH,20220622,165969,6520.04,158596,6230.04,110435,4336.11,103963,4084.68,79980,3141.59,76418,3002.82,25157,989.09,42563,1669.3,-107141,-4198.76
601077.SH,20220621,203677,8024.57,182964,7205.35,123179,4851.26,113418,4468.1,94379,3717.13,92275,3636.46,29556,1164.52,62135,2447.59,31184,1243.23
601077.SH,20220620,144191,5664.56,138735,5447.86,97613,3832.47,89503,3515.59,71619,2811.59,70720,2778.19,16913,663.83,31377,1230.81,-119138,-4667.14
601077.SH,20220617,198780,7820.53,182423,7176.0,150840,5932.4,141402,5564.1,101197,3981.1,106734,4198.34,12048,473.72,32307,1269.31,-59382,-2307.73
601077.SH,20220616,249400,9915.79,188731,7500.83,174178,6922.67,163354,6496.01,104704,4160.37,150922,6001.0,38035,1514.46,63310,2515.45,-98331,-3890.9
601077.SH,20220615,322381,12914.18,357306,14317.26,370641,14854.32,373831,14985.85,351185,14073.71,342579,13737.64,151030,6058.65,121520,4860.12,145430,5851.35
601077.SH,20220614,229265,8946.9,222153,8668.66,165489,6456.42,173023,6758.61,129547,5058.15,120110,4686.38,40377,1579.9,49392,1927.72,85562,3385.57
601077.SH,20220613,152207,5939.66,199754,7791.7,157975,6166.99,128932,5036.18,112634,4398.16,97166,3797.25,27941,1092.64,24905,972.33,-139845,-5449.23
601077.SH,20220610,226828,8856.51,245410,9575.09,149346,5825.71,166476,6497.59,121450,4743.13,162662,6349.38,103056,4015.5,26132,1018.8,65886,2612.28
601077.SH,20220609,192893,7513.7,190483,7419.62,143632,5595.26,173030,6739.98,125043,4871.47,119775,4666.36,46124,1795.6,24404,950.08,45864,1800.53
601077.SH,20220608,142299,5510.19,137150,5309.22,120661,4671.07,111552,4319.38,89202,3453.25,96618,3741.77,36774,1423.95,43615,1688.1,2560,113.69
601077.SH,20220607,142142,5501.59,199879,7734.07,134276,5195.99,115734,4480.13,94968,3675.95,68364,2645.65,41415,1601.99,28823,1115.66,-47676,-1831.47
601077.SH,20220606,218404,8429.83,173146,6678.05,136966,5280.87,148241,5719.33,88243,3402.16,102923,3972.82,9723,375.75,29027,1118.41,32001,1260.91
601077.SH,20220602,112773,4343.69,135489,5215.13,107238,4128.54,102458,3945.62,77465,2980.88,65516,2523.12,27551,1061.27,21564,830.51,-41042,-1565.58
601077.SH,20220601,127053,4902.26,137462,5300.81,100025,3857.9,89067,3435.43,83205,3208.92,59405,2291.81,20098,774.62,44448,1715.65,-58223,-2235.47
601077.SH,20220531,138177,5334.97,122728,4735.03,112858,4355.32,77358,2986.09,73684,2843.46,86292,3331.97,16009,617.56,54350,2098.21,79596,3084.68
601077.SH,20220530,125774,4850.84,124303,4792.2,89943,3468.5,92391,3563.45,63265,2440.6,51040,1969.16,29597,1141.58,40846,1576.7,-16082,-610.0
601077.SH,20220527,104495,4029.18,105352,4059.63,81951,3158.28,82678,3187.42,69701,2685.98,78081,3010.23,35134,1354.65,25169,970.82,-37683,-1444.06
601077.SH,20220526,150842,5794.66,138919,5333.04,118626,4552.78,114106,4382.48,76908,2951.6,75335,2892.61,17691,681.14,35707,1372.05,73857,2853.58
601077.SH,20220525,102167,3897.16,145450,5546.33,95548,3643.71,102926,3925.13,86900,3312.82,64269,2450.61,40056,1526.22,12027,457.85,-74536,-2830.63
601077.SH,20220524,174026,6663.81,170338,6520.42,133337,5109.31,120497,4615.66,76924,2945.79,96881,3710.67,26958,1028.9,23528,901.07,-148266,-5662.36
601077.SH,20220523,81031,3123.49,97721,3764.54,72993,2812.69,55760,2148.82,60793,2341.92,40072,1544.85,3150,121.28,24414,941.17,-52821,-2025.87
601077.SH,20220520,122769,4725.28,134219,5164.31,83668,3219.28,94510,3636.76,70200,2699.93,56418,2170.43,36291,1396.2,27781,1069.18,30429,1179.98
601077.SH,20220519,126924,4846.49,115034,4391.98,84559,3226.99,85388,3260.61,72706,2775.03,76107,2905.29,27729,1059.34,35389,1349.97,-48599,-1846.92
601077.SH,20220518,111616,4294.76,114352,4397.97,71416,2746.69,79144,3045.42,59464,2286.95,46849,1802.92,10526,405.25,12677,487.34,-55730,-2136.71
601077.SH,20220517,96004,3699.83,113959,4391.09,86446,3330.93,72063,2777.76,60635,2336.4,54453,2097.53,17975,692.96,20585,793.75,-48549,-1862.75
601077.SH,20220516,111755,4316.61,140454,5423.76,90820,3507.01,72977,2819.43,72773,2811.57,47246,1825.9,24519,947.73,39190,1513.84,-29644,-1137.18
601077.SH,20220513,148446,5733.03,156989,6061.33,114300,4413.29,135980,5250.0,136925,5284.52,115978,4477.42,72325,2791.61,63050,2433.71,110693,4281.42
601077.SH,20220512,133655,5117.64,147529,5648.62,101059,3869.06,84541,3238.25,73286,2805.2,75773,2902.28,17608,676.21,17765,678.97,-78946,-3011.9
601077.SH,20220511,209987,8103.39,176730,6815.22,136077,5246.84,111692,4309.86,85806,3305.48,119394,4606.39,14112,545.52,38166,1469.77,-53968,-2062.73
601077.SH,20220510,255977,9793.15,231732,8864.89,141767,5416.65,138150,5284.4,100310,3832.33,109114,4167.42,12994,497.49,32053,1222.91,12892,531.09
601077.SH,20220509,143508,5505.18,204752,7853.05,102851,3945.03,67745,2599.34,67991,2608.7,36928,1416.87,9836,377.04,14760,566.69,-72690,-2779.34
601077.SH,20220506,213088,8235.99,218847,8457.2,110066,4252.9,103650,4007.53,60439,2335.56,71966,2782.15,26786,1036.22,15916,613.79,-61583,-2368.15
601077.SH,20220505,260986,10146.64,254708,9905.56,188803,7339.45,197918,7693.08,141815,5515.04,143198,5567.13,51476,2005.41,47256,1840.76,49384,1951.14
601077.SH,20220429,341449,13061.25,316668,12116.35,204735,7821.55,194520,7434.01,135603,5184.27,138956,5310.17,42502,1624.59,74145,2831.13,269505,10327.54
601077.SH,20220428,253128,9528.12,278385,10478.53,179244,6749.65,155095,5843.85,113498,4273.91,101540,3824.22,17753,671.94,28603,1077.02,-108749,-4069.62
601077.SH,20220427,316200,11842.23,301874,11303.12,200943,7520.96,195512,7322.15,115818,4335.4,128143,4794.12,14958,558.71,22391,837.91,-62281,-2299.66
601077.SH,20220426,287766,10936.16,272201,10354.33,188532,7165.05,187991,7144.12,103058,3919.27,122993,4672.72,26146,998.09,22317,847.4,-141271,-5328.67
601077.SH,20220425,332889,12911.96,265463,10292.9,194082,7528.56,200607,7781.08,131922,5121.05,151717,5893.03,31429,1226.34,72535,2820.9,-141557,-5453.37
601077.SH,20220422,186388,7289.88,186766,7297.38,118114,4616.54,104023,4067.65,75945,2969.09,78585,3074.09,16777,656.1,27851,1092.49,68428,2691.62
601077.SH,20220421,219674,8596.27,189307,7408.68,118487,4634.18,137834,5397.79,86107,3377.16,100069,3919.03,30818,1207.9,27876,1090.02,-121933,-4741.61
601077.SH,20220420,173196,6845.6,153068,6052.02,116220,4594.3,114732,4535.91,83889,3317.85,114724,4536.61,24537,972.98,15318,606.2,-71886,-2828.07
601077.SH,20220419,167655,6642.58,145797,5777.13,108752,4308.73,111298,4410.73,75689,2999.05,93601,3705.36,25859,1021.71,27259,1078.85,-23340,-908.63
601077.SH,20220418,218458,8680.23,207387,8237.44,111219,4418.96,117095,4653.17,62767,2495.25,75184,2990.6,35176,1398.56,27954,1111.8,-106925,-4236.52
601077.SH,20220415,176924,7098.98,134554,5397.43,126143,5062.08,148438,5956.96,102945,4130.93,93381,3746.55,25735,1031.8,55372,2222.85,35448,1431.98
601077.SH,20220414,160643,6445.97,154361,6188.51,101076,4052.31,117731,4722.08,84930,3404.76,69215,2777.58,13888,556.13,19229,771.0,-21706,-853.85
601077.SH,20220413,176174,7064.71,153567,6159.16,130273,5224.89,142050,5699.82,85195,3417.97,93544,3751.64,27792,1114.68,30273,1211.61,5874,256.64
601077.SH,20220412,226607,9038.01,218347,8702.66,164562,6557.83,162803,6499.52,123208,4912.34,110547,4407.52,18533,737.96,41213,1636.43,-46116,-1797.14
601077.SH,20220411,278830,11170.17,228758,9155.93,218237,8742.52,185128,7416.43,128383,5140.64,201029,8056.18,33319,1333.85,43854,1758.64,-95668,-3808.31
601077.SH,20220408,203325,8190.49,200218,8068.19,183032,7369.64,193507,7797.97,177420,7151.57,158765,6396.35,83144,3356.61,94432,3805.79,-20447,-794.16
601077.SH,20220407,337973,13751.15,274288,11172.32,293497,11946.46,292246,11915.54,195346,7963.6,263959,10744.15,98103,4010.52,94425,3839.73,-73528,-2935.81
601077.SH,20220406,389433,15856.99,341473,13905.46,381835,15545.28,431241,17557.71,274042,11153.39,279542,11374.46,108347,4411.46,101402,4129.49,84250,3478.89
601077.SH,20220401,310301,12450.06,275047,11031.38,275066,11029.05,316740,12707.9,212208,8514.39,191594,7681.47,59289,2379.24,73484,2952.0,236621,9524.68
601077.SH,20220331,295397,11683.91,360277,14245.68,272943,10791.08,275138,10880.9,242918,9600.75,190225,7512.09,84735,3341.55,70353,2778.62,368874,14599.93
601077.SH,20220330,170378,6592.05,179997,6970.61,150911,5835.22,193237,7469.49,126294,4889.79,98973,3831.53,50897,1971.75,26272,1017.18,-14455,-529.65
601077.SH,20220329,166792,6421.2,157057,6043.18,120383,4630.95,130306,5014.7,73538,2829.38,62811,2418.53,20784,800.67,31324,1205.79,12826,511.38
601077.SH,20220328,220457,8448.09,226988,8697.95,145475,5572.05,166536,6380.23,109946,4207.25,90766,3476.21,28429,1089.42,20016,762.43,61512,2391.29
601077.SH,20220325,112607,4295.34,107551,4100.99,77644,2960.86,77773,2967.13,58315,2223.69,63198,2411.01,10453,400.08,10497,400.85,16213,628.67
601077.SH,20220324,124277,4734.6,177920,6777.02,113436,4321.15,75202,2867.56,61332,2339.37,44766,1706.39,12257,466.6,13415,510.74,-84372,-3201.66
601077.SH,20220323,123328,4719.3,109372,4184.18,83157,3181.34,76291,2920.21,35282,1350.11,58855,2252.37,15980,611.52,13228,505.52,-37975,-1445.18
601077.SH,20220322,189373,7255.94,175781,6733.81,119553,4576.33,140586,5386.51,86966,3330.21,80853,3094.5,22708,871.49,21380,819.15,110780,4260.49
601077.SH,20220321,183800,7008.45,197251,7518.42,156206,5958.11,139504,5321.21,62953,2398.49,79986,3050.62,19771,753.04,5989,227.84,-148349,-5646.02
601077.SH,20220318,165156,6296.82,180744,6894.85,127648,4863.11,138501,5281.2,121438,4635.29,113558,4329.53,38963,1488.89,20402,778.55,120892,4613.56
601077.SH,20220317,178071,6745.1,160302,6069.55,143416,5429.55,123382,4672.69,87118,3297.22,102000,3860.31,17373,658.4,40294,1527.72,-30607,-1143.84
601077.SH,20220316,281380,10500.0,297961,11114.02,243288,9080.18,218804,8165.31,159892,5980.39,135794,5084.07,20149,758.18,52150,1955.35,-36484,-1296.28
601077.SH,20220315,285736,10800.57,291786,11027.82,225292,8513.61,216135,8165.92,159432,6023.74,171454,6481.97,54017,2045.3,45103,1707.52,-289606,-10920.64
601077.SH,20220314,140193,5425.84,138180,5346.39,114697,4439.62,110270,4268.88,58323,2256.53,65903,2550.91,14219,550.04,13079,505.83,31812,1248.66
601077.SH,20220311,167860,6427.65,192843,7387.48,126940,4863.08,112070,4294.89,86611,3320.26,82180,3151.71,31274,1203.1,25591,980.01,8504,359.63
601077.SH,20220310,138411,5342.08,147784,5702.3,118446,4570.55,125224,4832.81,81710,3153.09,76883,2968.22,31272,1208.04,19950,770.43,-4683,-167.55
601077.SH,20220309,230189,8823.16,275003,10540.94,227618,8719.26,233542,8947.87,156115,5993.2,121738,4679.39,49163,1896.0,32802,1263.42,-250466,-9583.26
601077.SH,20220308,193096,7553.48,195150,7627.29,162232,6344.43,153156,5990.99,130778,5113.62,135024,5280.81,38980,1519.75,41756,1632.2,-225868,-8807.07
601077.SH,20220307,174866,6924.02,145578,5763.23,179660,7113.41,140195,5552.5,56111,2220.55,101116,4001.96,20745,820.89,44493,1761.19,54242,2165.73
601077.SH,20220304,155091,6141.46,113453,4490.33,110043,4354.6,106282,4208.56,74866,2962.16,93527,3703.74,8418,334.19,35156,1389.79,31255,1251.06
601077.SH,20220303,118388,4691.34,138540,5489.22,111579,4420.29,116675,4624.21,88842,3519.81,77108,3055.65,66527,2637.78,53013,2100.14,57069,2271.48
601077.SH,20220302,126497,4980.11,91688,3607.7,80749,3176.81,90799,3572.84,70138,2759.13,91614,3605.33,22176,872.05,25459,1002.25,40865,1620.85
601077.SH,20220301,124189,4873.79,136643,5361.47,116395,4568.23,108485,4258.41,102300,4013.53,74456,2922.77,24308,954.79,47607,1867.69,22131,883.31
601077.SH,20220228,134286,5243.8,127006,4958.25,120294,4696.49,98091,3830.5,77509,3025.06,100112,3908.14,21798,850.74,28678,1119.19,-51205,-1985.41
601077.SH,20220225,177832,6979.32,213431,8375.66,138627,5440.78,132677,5207.87,116705,4580.93,90405,3546.81,34788,1364.96,31439,1235.65,-163676,-6405.97
601077.SH,20220224,320122,12595.15,219135,8625.72,218025,8580.08,220090,8666.71,132088,5197.51,171107,6732.65,73470,2880.68,133373,5228.33,-235303,-9244.59
601077.SH,20220223,143777,5729.53,155464,6192.9,110896,4417.63,82604,3291.37,88935,3542.17,86506,3447.18,25954,1034.01,44989,1791.91,-126605,-5030.43
601077.SH,20220222,155587,6221.99,116479,4657.01,117678,4708.17,111460,4459.2,79358,3171.08,90689,3626.14,14499,579.21,48494,1938.11,-71434,-2840.4
601077.SH,20220221,118136,4747.64,101056,4058.53,106472,4275.55,102171,4104.64,55826,2240.62,82460,3312.46,31114,1248.93,25861,1037.11,-3651,-129.83
601077.SH,20220218,123618,4947.55,94217,3770.59,105461,4216.64,118602,4746.88,65135,2607.35,68590,2745.52,31098,1243.75,43903,1752.31,45910,1844.4
601077.SH,20220217,107666,4304.32,101567,4059.75,95899,3834.06,93953,3756.36,62912,2515.24,63157,2526.11,12038,481.75,19837,793.16,-52851,-2104.53
601077.SH,20220216,76379,3062.03,91448,3663.88,83001,3326.91,86989,3487.32,83223,3335.01,79670,3195.0,36688,1471.64,21183,849.39,-55594,-2217.35
601077.SH,20220215,135120,5408.5,151794,6074.11,122927,4920.81,109053,4366.76,75423,3018.51,86620,3468.48,24352,976.19,10355,414.67,-24452,-964.07
601077.SH,20220214,252937,10166.37,214887,8634.7,213318,8572.76,197401,7936.45,152624,6133.48,154677,6219.43,44364,1783.09,96278,3865.12,-165496,-6630.94
601077.SH,20220211,278807,11318.43,241617,9808.17,194813,7903.09,280232,11379.98,181086,7347.65,220706,8961.87,158913,6463.16,71066,2882.3,211931,8640.19
601077.SH,20220210,230765,9296.51,160880,6482.02,222923,8980.5,207152,8345.71,141842,5710.23,185636,7476.71,56033,2256.71,97895,3939.51,153532,6206.57
601077.SH,20220209,320811,12917.99,193891,7807.31,307879,12397.81,288690,11626.95,193172,7778.3,291302,11729.44,64396,2594.04,112374,4524.43,114284,4634.76
601077.SH,20220208,327514,13048.32,302479,12046.4,264189,10525.55,293973,11707.8,233882,9317.32,257161,10248.79,98443,3921.6,70416,2809.78,290236,11590.53
601077.SH,20220207,183923,7195.14,194215,7592.21,166749,6514.16,160763,6284.95,120756,4719.15,114251,4467.55,41481,1619.4,43680,1703.15,145272,5688.5
601077.SH,20220128,170062,6570.64,135146,5219.57,129489,5001.69,107378,4147.64,91709,3541.64,114896,4438.85,51444,1986.05,85284,3293.94,-46411,-1775.52
601077.SH,20220127,173398,6712.52,197443,7642.3,123466,4779.61,116202,4500.25,128570,4979.48,101843,3943.27,55884,2164.6,65831,2550.38,-162898,-6297.72
601077.SH,20220126,150938,5878.9,176801,6883.9,122902,4786.64,88706,3455.26,99664,3880.47,95174,3707.45,21758,847.57,34581,1346.97,-71186,-2760.72
601077.SH,20220125,203493,7993.13,151932,5966.63,159195,6254.24,141948,5577.09,80516,3161.73,112523,4418.86,23227,911.88,60028,2358.4,-62473,-2433.95
601077.SH,20220124,137744,5465.26,130116,5161.39,118830,4715.84,116846,4637.14,94293,3743.44,96221,3819.06,32215,1277.93,39899,1584.89,-26727,-1045.04
601077.SH,20220121,181735,7225.26,136092,5408.19,119900,4765.68,137663,5472.3,65121,2587.44,94767,3766.97,42472,1687.63,40706,1618.54,-742,-14.26
601077.SH,20220120,194204,7750.12,213844,8533.71,190865,7619.34,233785,9336.42,176035,7027.35,162857,6504.09,116587,4660.77,67205,2683.36,170884,6846.66
601077.SH,20220119,168021,6673.81,137814,5471.15,87116,3458.45,142081,5641.02,71728,2847.22,111750,4436.63,98899,3926.16,34118,1356.84,35315,1413.31
601077.SH,20220118,164877,6507.36,194764,7689.65,166587,6573.76,163811,6469.29,117879,4653.17,124108,4896.83,66344,2619.24,33005,1297.77,68085,2700.6
601077.SH,20220117,171870,6756.29,130481,5127.4,114153,4487.44,111003,4363.54,82775,3254.32,93952,3693.94,27548,1081.03,60909,2394.21,45100,1784.2
601077.SH,20220114,283522,11140.45,142659,5603.46,182166,7157.34,154981,6091.1,115655,4544.88,172020,6762.16,53585,2104.57,165269,6490.52,-157914,-6196.2
601077.SH,20220113,209619,8350.68,136769,5450.33,177196,7057.28,166249,6626.71,120178,4787.62,159884,6370.72,45436,1811.38,89528,3559.2,-1717,-40.68
601077.SH,20220112,167896,6670.59,162585,6457.6,175824,6983.82,188191,7475.97,132023,5241.85,119459,4744.78,35530,1411.17,41039,1629.08,-155170,-6144.96
601077.SH,20220111,199755,7941.6,263725,10494.41,209428,8326.21,224496,8933.39,204154,8124.95,180200,7167.64,142781,5686.86,87698,3484.18,171482,6834.45
601077.SH,20220110,176870,6982.17,209780,8281.36,168744,6659.92,199127,7862.07,138053,5449.96,110407,4357.6,77060,3043.66,41413,1634.69,4821,205.99
601077.SH,20220107,232412,9107.21,295127,11569.1,223849,8767.91,253853,9948.61,262149,10264.43,224812,8792.79,199795,7829.35,144413,5658.4,305972,11997.27
601077.SH,20220106,163347,6341.54,146235,5674.79,154971,6015.91,124377,4829.19,150468,5841.33,137601,5344.37,53993,2095.93,114566,4446.34,-50104,-1930.82
601077.SH,20220105,214718,8340.82,261073,10141.0,204666,7946.84,234966,9127.8,187998,7299.28,193034,7496.98,141257,5490.64,59567,2311.8,126999,4944.17
601077.SH,20220104,155540,6009.48,192753,7443.38,161603,6240.84,164241,6342.93,117934,4553.51,76985,2974.29,45018,1738.02,46118,1781.25,25712,1012.51
