ts_code,trade_date,buy_sm_vol,buy_sm_amount,sell_sm_vol,sell_sm_amount,buy_md_vol,buy_md_amount,sell_md_vol,sell_md_amount,buy_lg_vol,buy_lg_amount,sell_lg_vol,sell_lg_amount,buy_elg_vol,buy_elg_amount,sell_elg_vol,sell_elg_amount,net_mf_vol,net_mf_amount
603729.SH,20251231,16581,2656.34,15803,2528.2,6470,1035.42,6606,1057.17,2488,398.7,4130,664.86,1000,159.77,0,0.0,1547,255.14
603729.SH,20251230,11366,1812.41,12443,1982.58,5992,953.75,4440,707.83,459,72.77,912,145.17,0,0.0,21,3.35,-2019,-319.03
603729.SH,20251229,11796,1885.38,12721,2031.78,5501,878.94,4439,710.15,291,46.37,300,48.3,850,135.92,978,156.38,982,159.86
603729.SH,20251226,12374,1987.76,13300,2135.34,5994,963.38,6336,1017.98,4360,701.3,3719,600.06,627,100.95,0,0.0,-582,-91.23
603729.SH,20251225,9762,1576.36,10130,1635.11,4529,730.85,4628,746.67,4764,768.49,3842,620.62,1534,246.94,1989,320.23,1923,310.93
603729.SH,20251224,10368,1670.17,9357,1506.57,5633,906.71,6113,984.11,2258,363.07,2123,342.13,4014,645.45,4680,752.59,8715,1403.94
603729.SH,20251223,11003,1754.24,13377,2132.34,5618,895.4,7143,1139.61,5021,801.16,1403,223.93,1523,243.54,1242,198.47,-1689,-266.98
603729.SH,20251222,15906,2572.94,17998,2910.4,5848,946.07,6132,992.09,5075,819.83,2700,436.35,0,0.0,0,0.0,-1204,-192.59
603729.SH,20251219,15383,2481.01,14128,2277.96,6006,966.88,7083,1141.01,2310,370.61,2488,399.52,0,0.0,0,0.0,672,109.08
603729.SH,20251218,24342,3858.71,20546,3256.68,6883,1090.49,7725,1223.62,2491,395.28,5035,799.41,0,0.0,410,64.78,3752,595.27
603729.SH,20251217,16438,2523.66,19455,2985.51,8680,1331.26,7646,1172.37,5284,809.67,3300,506.72,0,0.0,0,0.0,-3346,-507.34
603729.SH,20251216,13992,2182.12,15688,2445.56,6221,969.71,4501,700.96,451,69.97,1608,250.33,5202,805.2,4069,630.15,-5906,-915.52
603729.SH,20251215,17811,2806.72,19711,3104.41,6944,1092.39,5523,870.94,3262,516.96,2045,323.72,0,0.0,739,116.98,-1677,-260.83
603729.SH,20251212,19276,3066.0,23174,3679.97,12128,1919.1,9650,1529.82,3803,601.88,2383,377.19,0,0.0,0,0.0,-3967,-618.66
603729.SH,20251211,20290,3261.71,25005,4016.77,10371,1665.71,6244,1002.97,1532,244.8,945,152.48,0,0.0,0,0.0,-6918,-1104.41
603729.SH,20251210,16037,2670.86,16792,2795.43,9401,1562.49,8111,1349.39,3084,511.91,3619,600.44,0,0.0,0,0.0,-2022,-330.22
603729.SH,20251209,18377,3120.04,19045,3232.63,6152,1044.3,4909,834.66,1944,331.03,2519,428.08,0,0.0,0,0.0,-2274,-384.86
603729.SH,20251208,20554,3502.44,17637,3004.1,8963,1526.94,9491,1617.95,2166,368.66,4555,776.0,0,0.0,0,0.0,5469,934.03
603729.SH,20251205,19664,3259.98,21011,3481.3,8608,1427.35,8258,1374.54,4066,679.09,1864,311.51,0,0.0,1205,199.07,292,52.58
603729.SH,20251204,18460,3082.67,22728,3794.77,10704,1788.96,8266,1382.01,3393,566.82,2928,492.64,1365,230.96,0,0.0,-4791,-800.84
603729.SH,20251203,16666,2855.07,20873,3577.2,7170,1229.01,8099,1391.49,4008,689.79,2322,400.42,3450,595.25,0,0.0,-9736,-1674.96
603729.SH,20251202,23039,4005.99,27472,4774.92,7322,1272.45,6400,1112.13,3198,554.42,1218,211.93,1531,266.12,0,0.0,-1918,-327.29
603729.SH,20251201,22698,4038.42,24534,4359.21,7574,1346.04,5473,974.91,1911,337.98,2176,388.32,0,0.0,0,0.0,-4463,-788.66
603729.SH,20251128,19111,3373.73,19286,3403.96,7230,1275.29,7450,1313.74,4347,766.88,4030,712.87,1506,266.7,1428,252.05,-78,-11.21
603729.SH,20251127,16016,2831.25,16238,2870.42,5956,1051.66,5568,983.62,1174,207.65,1340,236.52,0,0.0,0,0.0,-1844,-323.62
603729.SH,20251126,21792,3901.34,22556,4035.42,7693,1377.52,7319,1312.43,2385,427.06,1995,358.08,0,0.0,0,0.0,-584,-101.06
603729.SH,20251125,24254,4385.46,22418,4052.69,9256,1670.62,9790,1769.45,1726,311.46,3028,545.4,0,0.0,0,0.0,3235,587.72
603729.SH,20251124,37209,6522.84,31072,5447.06,11579,2029.06,13502,2368.16,4000,705.03,7464,1310.45,0,0.0,750,131.25,9862,1723.54
603729.SH,20251121,29110,5018.42,30863,5309.8,13421,2305.3,13300,2294.61,5484,951.17,3991,694.58,139,24.12,0,0.0,-7928,-1346.61
603729.SH,20251120,21571,3813.49,22011,3891.21,7714,1362.31,5567,984.69,486,86.44,1442,253.65,0,0.0,751,132.7,-2223,-391.24
603729.SH,20251119,24187,4351.71,24013,4321.47,10066,1813.18,9318,1680.43,2883,521.87,2740,495.07,0,0.0,1065,189.78,-24,-9.0
603729.SH,20251118,24563,4519.19,26698,4910.4,12521,2302.81,11514,2120.32,3297,607.9,2169,399.17,0,0.0,0,0.0,1564,299.23
603729.SH,20251117,15252,2775.04,13271,2415.43,5484,999.37,5087,926.64,799,145.58,3177,577.92,0,0.0,0,0.0,4381,799.01
603729.SH,20251114,17311,3138.49,16484,2988.09,7313,1326.29,7134,1293.62,1567,284.69,2573,467.75,0,0.0,0,0.0,3735,680.93
603729.SH,20251113,12592,2267.14,11114,2000.96,5789,1041.26,5768,1037.1,682,122.91,3072,553.26,891,160.02,0,0.0,2958,532.55
603729.SH,20251112,15463,2804.12,13789,2500.5,7051,1278.52,6327,1147.05,3440,622.46,4970,899.99,3000,540.33,3868,697.89,-892,-156.37
603729.SH,20251111,17435,3157.63,14410,2609.91,5597,1013.41,6170,1117.38,2212,401.32,5284,957.79,620,112.72,0,0.0,4102,744.59
603729.SH,20251110,16677,3001.72,16517,2973.15,6477,1166.92,6336,1141.55,2675,481.11,2645,475.74,576,103.23,907,162.53,3667,660.59
603729.SH,20251107,12548,2238.27,11102,1980.13,3886,692.66,4585,818.11,1018,181.65,1764,314.34,0,0.0,0,0.0,1688,302.4
603729.SH,20251106,20027,3553.85,20513,3641.34,6877,1220.71,6020,1068.79,1616,287.96,1987,352.38,0,0.0,0,0.0,-1886,-334.23
603729.SH,20251105,26206,4651.15,25109,4455.68,7037,1247.77,6909,1225.98,3333,591.34,4318,766.36,1288,226.69,1528,268.93,7706,1368.19
603729.SH,20251104,23925,4229.78,20376,3602.29,8778,1549.83,8778,1552.22,3131,553.66,5092,898.12,0,0.0,1587,280.63,5773,1020.37
603729.SH,20251103,26442,4622.13,23763,4151.57,11610,2026.99,13649,2385.02,5909,1031.69,5552,969.94,594,103.77,1591,278.05,6407,1125.07
603729.SH,20251031,19421,3285.65,16700,2824.56,5808,980.83,5631,950.84,1764,297.1,2626,443.41,596,100.66,2632,445.44,5363,906.52
603729.SH,20251030,19796,3328.74,20175,3392.51,10502,1764.03,9946,1671.56,2996,502.14,4732,794.02,2229,376.4,670,113.23,-5091,-857.2
603729.SH,20251029,18359,3128.81,19097,3253.25,9037,1540.19,7950,1354.23,2876,489.86,4744,807.05,2519,426.57,1000,170.9,-4127,-700.53
603729.SH,20251028,12036,2096.91,10078,1755.4,3783,658.99,4332,754.61,150,26.11,1559,272.0,0,0.0,0,0.0,1898,332.01
603729.SH,20251027,16125,2789.23,16606,2871.88,8705,1503.5,7404,1280.49,1505,260.03,2325,400.39,0,0.0,0,0.0,-2139,-368.5
603729.SH,20251024,19883,3445.81,18760,3251.32,6436,1113.41,7877,1364.52,4616,798.24,3120,539.36,0,0.0,1178,202.26,2939,510.92
603729.SH,20251023,15202,2615.61,13336,2293.42,6727,1158.49,5720,984.68,2409,414.64,4721,814.14,0,0.0,561,96.49,2608,452.69
603729.SH,20251022,15954,2732.24,13796,2362.09,5958,1019.88,6309,1080.17,3339,571.51,4540,778.0,0,0.0,606,103.38,5035,864.27
603729.SH,20251021,15067,2537.82,13161,2215.77,6438,1084.63,4990,840.86,1101,185.83,2525,425.77,0,0.0,1929,325.89,4639,784.54
603729.SH,20251020,15454,2554.81,14205,2347.31,4397,727.08,6172,1021.15,2048,338.18,1522,251.63,608,100.26,608,100.26,2387,397.99
603729.SH,20251017,12129,1994.05,11438,1879.85,3511,576.66,3926,645.65,265,43.34,541,88.55,0,0.0,0,0.0,-587,-93.48
603729.SH,20251016,11697,1939.52,11638,1929.4,3771,625.15,3215,533.82,590,98.33,1205,199.78,0,0.0,0,0.0,-1924,-318.84
603729.SH,20251015,13239,2217.86,13307,2228.59,4788,802.55,4331,725.87,1444,242.02,1181,198.36,0,0.0,652,109.6,1814,306.14
603729.SH,20251014,12933,2151.63,13152,2186.88,4535,753.64,4772,793.93,1447,240.28,2298,381.57,1307,216.82,0,0.0,-1696,-278.25
603729.SH,20251013,13044,2163.14,13440,2228.06,5448,902.77,5532,915.53,1487,245.1,1007,167.43,0,0.0,0,0.0,655,111.56
603729.SH,20251010,14677,2462.14,13834,2321.02,6215,1042.55,6707,1125.78,3485,585.97,4581,769.39,745,125.52,0,0.0,2886,483.05
603729.SH,20251009,13083,2175.87,13660,2270.39,6593,1094.75,4830,803.18,1042,173.41,1805,300.4,0,0.0,423,70.05,-2525,-417.65
603729.SH,20250930,10209,1733.8,10332,1754.57,3698,627.56,4929,837.11,2957,502.18,1603,271.86,0,0.0,0,0.0,-802,-134.74
603729.SH,20250929,13284,2231.53,12698,2132.94,5361,898.87,4966,831.93,1658,276.76,2639,442.3,0,0.0,0,0.0,3244,548.16
603729.SH,20250926,13279,2223.52,13910,2328.88,4506,753.33,3831,640.53,1397,232.71,1441,240.15,0,0.0,0,0.0,-2333,-390.4
603729.SH,20250925,17204,2896.82,17415,2932.1,8248,1390.82,7469,1261.16,2852,482.55,3419,576.93,0,0.0,0,0.0,2230,377.75
603729.SH,20250924,22107,3665.63,19050,3157.1,10333,1713.19,13307,2205.98,3333,550.77,3416,566.51,0,0.0,0,0.0,10395,1733.68
603729.SH,20250923,21874,3505.96,24194,3878.83,11373,1821.01,10239,1638.8,3415,547.82,2229,357.16,0,0.0,0,0.0,-6992,-1119.87
603729.SH,20250922,13131,2166.01,16096,2655.03,5523,911.77,5465,902.84,5011,827.99,2104,347.9,0,0.0,0,0.0,-4295,-708.14
603729.SH,20250919,17885,2983.16,19933,3324.02,6495,1085.87,5511,922.2,2737,457.7,1673,280.51,0,0.0,0,0.0,-5287,-875.42
603729.SH,20250918,20268,3460.38,24284,4143.28,8496,1451.15,6491,1108.72,2753,467.24,1318,225.29,2310,394.34,1733,295.82,-7265,-1237.33
603729.SH,20250917,12755,2222.09,12115,2110.11,3863,672.73,4101,714.9,689,119.97,1091,189.77,0,0.0,0,0.0,-1195,-206.91
603729.SH,20250916,15044,2617.94,13527,2353.54,5381,935.78,7307,1271.49,1848,321.42,1439,250.11,0,0.0,0,0.0,2043,357.12
603729.SH,20250915,11384,1955.58,12198,2095.58,4773,820.31,4320,742.35,996,170.77,2207,379.2,1572,270.46,0,0.0,-3859,-662.31
603729.SH,20250912,13855,2404.52,14198,2463.33,4902,850.73,4943,858.27,1299,225.17,915,158.82,0,0.0,0,0.0,-1529,-263.21
603729.SH,20250911,14434,2495.15,13842,2390.35,6002,1035.88,6931,1197.33,2196,377.64,3195,549.92,1336,228.93,0,0.0,-2184,-370.65
603729.SH,20250910,17091,2983.41,16360,2855.26,9331,1630.6,8648,1511.14,3608,631.16,5022,878.76,0,0.0,0,0.0,1822,323.02
603729.SH,20250909,16378,2827.68,15810,2728.74,8011,1383.26,7626,1317.88,1620,279.66,2573,443.99,0,0.0,0,0.0,2151,375.32
603729.SH,20250908,15059,2587.42,14607,2509.4,8635,1483.67,8997,1546.69,3215,551.3,2822,485.85,1555,267.14,2038,347.59,3772,649.69
603729.SH,20250905,16599,2794.58,17096,2877.72,8660,1459.8,7359,1242.16,2657,447.96,4106,691.34,645,108.88,0,0.0,759,133.06
603729.SH,20250904,24485,4145.3,22658,3831.83,9377,1585.49,10636,1801.54,2965,499.97,3532,597.39,0,0.0,0,0.0,5097,872.73
603729.SH,20250903,15306,2576.4,17082,2871.58,6600,1113.4,6550,1102.05,4273,716.28,2547,432.45,0,0.0,0,0.0,-5143,-857.11
603729.SH,20250902,20519,3463.71,22640,3819.68,9418,1589.24,9704,1636.28,2557,430.87,1434,242.22,1284,214.36,0,0.0,-4052,-671.57
603729.SH,20250901,27640,4732.36,24704,4228.51,9484,1620.85,11249,1924.32,1155,197.54,2326,397.91,0,0.0,0,0.0,3550,611.12
603729.SH,20250829,17650,2980.17,20294,3425.64,11415,1929.13,11358,1919.42,6119,1033.76,6041,1020.9,2509,422.91,0,0.0,-5455,-914.45
603729.SH,20250828,34683,5906.47,37647,6407.07,17384,2974.82,15216,2605.07,7586,1299.1,7642,1315.04,852,146.78,0,0.0,-8389,-1413.78
603729.SH,20250827,26218,4693.1,32660,5844.76,14805,2652.38,14453,2587.77,10272,1837.77,6381,1145.65,2199,394.93,0,0.0,-14766,-2639.15
603729.SH,20250826,21295,3888.71,21332,3894.61,13883,2536.65,13135,2400.63,2967,543.26,4391,803.31,1667,304.51,954,174.58,2702,496.91
603729.SH,20250825,20929,3772.71,25949,4677.32,14280,2574.57,15744,2840.53,8444,1523.88,6823,1230.6,6515,1175.4,1653,298.12,-9510,-1712.31
603729.SH,20250822,14845,2684.44,17391,3144.55,9120,1650.94,9122,1650.69,5226,944.41,4455,804.94,2332,420.57,555,100.18,-4633,-834.08
603729.SH,20250821,13715,2497.68,12938,2355.68,9136,1663.58,8841,1610.85,3621,659.55,5414,985.75,3468,633.82,2747,502.34,344,63.38
603729.SH,20250820,13882,2508.79,13751,2485.56,8571,1549.49,9754,1763.76,6123,1106.26,4769,861.7,1313,239.0,1615,292.52,-1330,-239.03
603729.SH,20250819,18930,3421.35,17578,3175.01,9417,1700.59,9948,1797.6,3441,621.26,3663,662.0,0,0.0,599,108.6,5050,916.72
603729.SH,20250818,23653,4244.76,26759,4803.32,13812,2480.71,13208,2372.72,5498,989.22,3687,663.24,1258,227.15,566,102.56,397,72.71
603729.SH,20250815,15059,2619.36,15687,2729.05,7088,1232.09,7438,1293.61,2395,415.57,2117,367.29,700,122.92,0,0.0,810,143.84
603729.SH,20250814,17507,3063.43,20004,3500.47,9909,1733.3,10081,1765.51,5586,978.53,2176,380.35,0,0.0,741,128.93,-7794,-1364.82
603729.SH,20250813,13208,2361.21,12962,2316.81,6632,1184.9,5770,1031.33,2318,413.82,2538,453.69,704,125.31,1592,283.41,1279,229.32
603729.SH,20250812,10820,1935.12,11417,2041.45,6025,1077.37,6355,1136.88,2350,420.54,1423,254.71,0,0.0,0,0.0,-2133,-379.55
603729.SH,20250811,13403,2403.64,12160,2180.24,7451,1336.08,7181,1287.95,3120,558.88,4633,830.41,0,0.0,0,0.0,2638,475.22
603729.SH,20250808,14259,2522.87,13886,2456.36,6751,1193.37,6510,1151.69,1664,292.99,1391,245.32,0,0.0,887,155.85,-1242,-217.61
603729.SH,20250807,13301,2367.89,13593,2420.36,5565,990.59,6372,1134.71,2914,519.42,1653,294.02,438,77.88,600,106.68,-2476,-440.67
603729.SH,20250806,12765,2283.56,12744,2279.51,7212,1288.91,7546,1349.79,3247,581.48,2934,524.64,0,0.0,0,0.0,-1034,-182.79
603729.SH,20250805,21057,3764.46,20616,3686.71,12670,2265.94,14299,2557.7,6339,1134.24,5260,941.92,1140,205.2,1031,183.52,-2,-1.46
603729.SH,20250804,18520,3247.76,17821,3125.26,8110,1420.6,9170,1606.92,2100,368.34,1292,226.88,0,0.0,447,77.64,204,38.18
603729.SH,20250801,24433,4272.67,22507,3935.94,13140,2294.7,12525,2189.53,4867,850.75,6636,1157.78,0,0.0,772,134.86,7446,1306.74
603729.SH,20250731,18525,3222.63,19189,3338.12,11298,1966.3,10779,1878.28,6810,1185.78,6196,1076.67,622,108.23,1091,189.86,293,53.4
603729.SH,20250730,14323,2502.03,14778,2581.96,7632,1332.29,7467,1304.36,2927,513.38,2637,461.38,0,0.0,0,0.0,-868,-149.63
603729.SH,20250729,16178,2816.05,15980,2781.64,9562,1666.58,7850,1368.36,2831,491.83,3858,671.73,0,0.0,883,152.74,-1127,-194.33
603729.SH,20250728,19257,3361.99,18296,3195.09,9947,1736.69,10393,1814.29,1960,341.85,3140,547.69,722,126.49,57,9.95,1696,297.61
603729.SH,20250725,17698,3064.9,17845,3090.58,10260,1776.3,8710,1509.95,3088,534.05,2872,496.33,2186,378.44,3805,656.83,1412,242.87
603729.SH,20250724,21700,3746.13,18633,3218.12,11386,1964.04,11259,1942.99,3177,548.76,5576,961.08,0,0.0,795,136.74,6493,1118.77
603729.SH,20250723,13754,2359.0,16435,2818.96,8815,1512.18,8401,1441.2,4601,789.04,1738,297.85,0,0.0,596,102.21,-5334,-911.52
603729.SH,20250722,20682,3590.23,24075,4178.14,13681,2375.52,12663,2198.41,7936,1374.48,5602,970.75,41,7.07,0,0.0,-2002,-342.98
603729.SH,20250721,12820,2199.1,12152,2084.35,8131,1394.33,8133,1395.22,6136,1051.83,6122,1049.2,0,0.0,680,116.49,13,3.44
603729.SH,20250718,11873,2023.97,13587,2315.34,7749,1322.1,7652,1306.01,4988,851.36,3372,576.25,1,0.17,0,0.0,-3097,-522.17
603729.SH,20250717,13752,2340.03,15435,2625.84,7701,1310.87,7472,1271.34,4616,785.19,4638,789.83,1476,250.92,0,0.0,-3331,-564.84
603729.SH,20250716,23188,3952.89,20720,3531.51,12900,2197.39,13002,2217.05,5200,885.08,5761,981.18,2575,438.47,4380,744.08,5352,912.04
603729.SH,20250715,24520,4073.57,24658,4095.64,13479,2240.71,14069,2340.9,4116,685.01,4004,666.19,616,103.43,0,0.0,-2723,-451.2
603729.SH,20250714,11763,2011.19,11812,2018.85,4944,844.93,5793,990.24,2091,356.83,1168,199.58,0,0.0,25,4.28,-952,-160.39
603729.SH,20250711,17242,2937.84,16673,2838.78,6735,1146.39,5991,1021.47,1910,324.82,3929,669.88,706,121.08,0,0.0,3335,571.02
603729.SH,20250710,18200,3117.34,17615,3016.6,8612,1474.92,6940,1189.14,3145,537.83,6247,1068.3,2522,431.57,1677,287.62,2155,371.82
603729.SH,20250709,17321,2990.12,16780,2896.8,8923,1540.54,8975,1550.54,1523,263.28,3283,566.99,1271,220.39,0,0.0,74,13.18
603729.SH,20250708,19262,3330.77,18541,3206.49,9210,1595.32,9051,1567.46,2498,433.79,3378,585.93,0,0.0,0,0.0,3063,530.99
603729.SH,20250707,18947,3243.89,17888,3062.26,7648,1308.35,8003,1369.98,3572,611.02,3442,588.05,66,11.29,900,154.26,2830,486.23
603729.SH,20250704,17000,2879.14,18589,3147.77,6863,1161.87,5840,989.36,2500,423.48,1934,327.36,0,0.0,0,0.0,-6261,-1059.5
603729.SH,20250703,19180,3280.28,17637,3015.86,7997,1366.83,7259,1240.74,3398,580.02,5004,854.44,1050,179.89,1725,295.99,4477,769.89
603729.SH,20250702,18115,3083.08,20023,3407.77,8930,1519.87,10783,1835.5,5236,891.15,2269,386.22,2378,405.36,1584,269.97,-680,-113.18
603729.SH,20250701,37549,6413.28,37983,6485.56,16627,2839.96,17637,3013.59,7916,1351.84,7005,1199.52,1942,332.96,1409,239.37,-2463,-412.78
603729.SH,20250630,41636,7117.25,42463,7254.43,24045,4114.83,23944,4097.24,7446,1272.86,6720,1153.27,0,0.0,0,0.0,-10593,-1812.11
603729.SH,20250627,25880,4420.57,27114,4627.29,13861,2366.28,14150,2418.09,7752,1323.5,4334,742.22,61,10.45,1956,333.21,4354,752.88
603729.SH,20250626,16443,2748.2,17847,2983.28,8809,1471.93,8244,1378.08,1608,269.98,769,128.75,0,0.0,0,0.0,36,8.35
603729.SH,20250625,17949,2965.05,16913,2793.2,8349,1379.05,7923,1310.15,2002,330.69,3464,571.43,0,0.0,0,0.0,1892,315.73
603729.SH,20250624,19825,3249.32,19138,3137.0,7918,1297.6,8664,1419.83,2527,415.11,2468,405.21,0,0.0,0,0.0,916,151.22
603729.SH,20250623,19641,3104.86,18497,2923.99,7312,1154.26,7252,1145.5,820,128.53,2024,318.18,0,0.0,0,0.0,3365,530.95
603729.SH,20250620,21549,3381.04,21287,3338.79,10681,1675.06,7615,1197.08,3541,555.15,3425,540.23,2,0.31,3446,535.45,-679,-108.85
603729.SH,20250619,18048,2912.26,18889,3048.24,8273,1335.06,8015,1293.15,2442,392.1,1859,298.02,0,0.0,0,0.0,-3091,-498.76
603729.SH,20250618,16086,2629.89,16175,2644.34,6845,1118.23,5696,931.15,1695,276.71,2755,449.34,0,0.0,0,0.0,-1390,-226.01
603729.SH,20250617,15713,2607.34,16203,2688.8,9234,1531.98,6910,1146.73,2627,434.75,3581,592.9,0,0.0,880,145.64,-3496,-580.12
603729.SH,20250616,26407,4411.63,24546,4100.15,10011,1671.22,11694,1953.8,2050,342.69,2228,371.58,0,0.0,0,0.0,3690,618.61
603729.SH,20250613,29163,4834.75,28015,4648.19,14309,2375.44,12990,2156.2,3130,519.9,5883,972.67,925,151.89,639,104.92,-5155,-864.64
603729.SH,20250612,24933,4241.35,24596,4185.0,11544,1964.11,12184,2072.95,3844,654.88,3200,544.48,0,0.0,342,57.9,1708,290.72
603729.SH,20250611,26596,4525.31,28598,4869.83,15027,2560.42,15284,2604.41,3922,668.85,5149,877.39,3486,597.03,0,0.0,-799,-136.21
603729.SH,20250610,25115,4202.94,24542,4106.67,14793,2473.98,14477,2421.81,2722,453.62,3611,602.05,0,0.0,0,0.0,136,27.27
603729.SH,20250609,25050,4190.97,21925,3668.44,10734,1794.89,11567,1933.76,1701,285.09,2142,358.36,0,0.0,1851,310.4,6473,1083.44
603729.SH,20250606,17927,2947.1,18887,3105.3,7734,1271.71,8600,1415.5,2355,387.49,1618,266.27,1089,180.77,0,0.0,-595,-96.65
603729.SH,20250605,18071,2948.76,19000,3099.91,10716,1748.62,8508,1388.9,2683,437.96,2928,478.28,0,0.0,1034,168.25,-1490,-239.6
603729.SH,20250604,14904,2427.49,15050,2451.56,7725,1258.76,7889,1285.54,1564,255.33,1254,204.48,0,0.0,0,0.0,447,73.48
603729.SH,20250603,21814,3522.68,21028,3395.32,9171,1479.77,10698,1728.38,4283,692.37,4567,737.28,1025,166.17,0,0.0,1853,298.55
603729.SH,20250530,22111,3558.02,24451,3933.54,13091,2109.1,10151,1636.68,3037,487.45,3637,584.34,0,0.0,0,0.0,-3041,-483.19
603729.SH,20250529,16930,2707.77,15899,2542.56,9081,1453.55,9679,1549.76,2335,374.65,2768,443.64,0,0.0,0,0.0,3612,580.09
603729.SH,20250528,13001,2049.56,14154,2230.78,5857,924.41,5263,831.16,1346,212.24,787,124.27,0,0.0,0,0.0,-2570,-403.65
603729.SH,20250527,15006,2384.72,15318,2433.1,6390,1014.35,6089,968.22,1709,270.99,2660,422.08,962,153.34,0,0.0,-749,-116.33
603729.SH,20250526,15681,2472.37,14605,2302.27,7240,1140.61,7934,1250.93,2601,412.46,2983,472.24,0,0.0,0,0.0,3012,475.82
603729.SH,20250523,19594,3069.04,20478,3207.38,8516,1332.99,9479,1488.4,2076,324.82,2208,344.14,1979,313.08,0,0.0,-3027,-474.76
603729.SH,20250522,20013,3194.69,19744,3149.16,11069,1767.88,10482,1675.84,4201,672.69,4254,681.77,0,0.0,803,128.48,-4215,-665.56
603729.SH,20250521,20443,3293.73,22165,3570.18,11542,1858.7,9473,1526.2,5658,911.08,5180,834.88,0,0.0,825,132.25,288,51.8
603729.SH,20250520,22269,3572.83,23295,3736.11,11444,1835.44,11167,1791.29,3350,538.17,2601,419.03,0,0.0,0,0.0,3423,552.77
603729.SH,20250519,17552,2754.2,17191,2697.52,7807,1225.69,8076,1267.64,1886,295.18,1978,309.92,0,0.0,0,0.0,-1129,-175.15
603729.SH,20250516,20105,3137.83,19989,3119.2,11036,1721.04,10997,1716.95,5027,786.11,3948,616.69,0,0.0,1234,192.14,8,4.44
603729.SH,20250515,16724,2590.04,16893,2616.34,8284,1282.08,7671,1188.52,3321,515.36,4690,726.37,925,143.75,0,0.0,-3216,-496.15
603729.SH,20250514,17589,2713.03,18528,2858.55,6870,1058.8,6790,1047.48,2543,392.91,1726,265.8,1411,217.24,1369,210.14,189,29.08
603729.SH,20250513,16545,2584.17,19403,3029.73,8974,1406.01,8377,1312.51,5915,926.94,3009,473.62,845,131.65,1490,232.9,-3259,-505.26
603729.SH,20250512,18377,2861.82,15063,2345.42,7904,1230.96,5804,903.38,2377,369.8,4785,745.79,0,0.0,3006,467.99,5460,852.66
603729.SH,20250509,13615,2128.04,14498,2266.04,7709,1205.18,4989,780.17,1668,260.68,3505,547.69,0,0.0,0,0.0,-652,-102.7
603729.SH,20250508,17581,2766.97,16764,2637.49,8882,1395.89,9230,1453.86,3679,578.78,3190,500.46,0,0.0,958,149.83,4184,657.12
603729.SH,20250507,24028,3737.86,20399,3174.2,7667,1193.77,9509,1480.21,2967,461.68,4754,738.9,0,0.0,0,0.0,3266,509.26
603729.SH,20250506,28472,4395.68,24634,3804.13,12508,1928.6,11999,1849.43,2807,432.39,7154,1103.12,0,0.0,0,0.0,10421,1610.42
603729.SH,20250430,26401,3977.77,20893,3148.77,10230,1540.96,11321,1704.34,4938,744.07,7177,1081.07,0,0.0,2178,328.61,-1025,-150.26
603729.SH,20250429,25609,3783.03,22689,3355.66,10994,1621.0,11133,1643.84,3659,540.73,5719,838.78,0,0.0,721,106.49,6100,895.8
603729.SH,20250428,24189,3490.9,23396,3376.17,11544,1666.44,11811,1704.89,3762,541.5,3446,497.81,0,0.0,842,119.99,3003,433.55
603729.SH,20250425,14186,2118.15,17979,2685.62,8421,1257.51,9027,1350.21,4378,654.67,1084,161.33,1105,166.83,0,0.0,10,0.62
603729.SH,20250424,20510,3054.97,22832,3402.05,8590,1279.35,6277,935.56,2995,446.95,2986,443.66,0,0.0,0,0.0,-1605,-237.98
603729.SH,20250423,17254,2621.09,16646,2528.95,8830,1340.31,7668,1164.77,2165,328.31,2332,352.97,0,0.0,1603,243.01,551,85.2
603729.SH,20250422,23037,3513.94,22316,3404.67,14111,2155.9,13537,2068.59,3284,501.67,4008,610.43,0,0.0,571,87.82,-960,-146.53
603729.SH,20250421,28486,4315.85,27596,4180.77,13850,2094.04,13752,2081.23,5316,805.48,5887,890.19,0,0.0,417,63.18,-768,-116.89
603729.SH,20250418,18435,2694.9,24021,3509.97,9841,1438.63,7862,1151.53,4395,643.16,1068,156.45,280,41.25,0,0.0,-2033,-293.31
603729.SH,20250417,17712,2573.12,17147,2490.82,8594,1247.2,7873,1143.07,1099,159.82,2385,346.25,0,0.0,0,0.0,-657,-96.72
603729.SH,20250416,22270,3229.87,23670,3439.14,11590,1682.48,8976,1306.29,5704,824.02,3646,524.74,0,0.0,3272,466.19,-2210,-326.7
603729.SH,20250415,19864,2937.22,18572,2746.22,7611,1124.15,8921,1317.33,2634,389.14,2616,386.96,0,0.0,0,0.0,513,75.97
603729.SH,20250414,22183,3261.8,19152,2816.51,9570,1405.49,10013,1470.34,2011,294.96,5172,759.34,573,83.94,0,0.0,3975,585.06
603729.SH,20250411,22552,3275.71,24387,3551.55,13094,1908.43,10424,1516.51,4154,606.21,3925,568.65,0,0.0,1064,153.64,-1067,-154.59
603729.SH,20250410,31313,4496.67,29000,4163.4,14742,2114.61,18068,2590.08,8177,1173.42,5904,848.55,3550,507.26,4810,689.93,5129,741.71
603729.SH,20250409,37055,4797.11,33701,4360.88,15542,2001.33,15431,2003.46,3495,459.6,6564,840.63,1298,168.35,1694,221.42,5432,731.27
603729.SH,20250408,26609,3563.09,32653,4374.28,17996,2406.42,10869,1453.78,5900,786.03,6505,864.29,769,103.05,1247,166.23,-4334,-577.13
603729.SH,20250407,13340,1876.19,14382,2022.93,8138,1143.79,7482,1052.08,4652,650.91,2404,334.85,377,52.37,2239,313.4,-2391,-334.53
603729.SH,20250403,15929,2435.44,16271,2492.01,6531,997.55,8450,1292.26,3324,508.79,3936,601.6,2873,444.1,0,0.0,-2979,-457.71
603729.SH,20250402,14854,2279.6,13124,2014.97,6996,1074.42,7772,1195.02,2905,447.75,2286,350.54,0,0.0,1573,241.24,-687,-105.34
603729.SH,20250401,18491,2826.84,17865,2729.31,6402,977.44,9119,1393.42,2041,311.86,676,103.69,726,110.28,0,0.0,-1404,-211.25
603729.SH,20250331,21935,3255.83,21123,3136.02,8802,1305.51,8082,1198.93,1207,178.46,2739,404.83,0,0.0,0,0.0,-476,-68.96
603729.SH,20250328,17756,2730.95,19138,2945.2,7852,1208.66,7904,1217.33,3021,466.44,1587,243.53,0,0.0,0,0.0,-2213,-340.34
603729.SH,20250327,19647,3055.47,18918,2941.69,8208,1276.98,9496,1480.11,2935,458.52,3910,607.92,1534,238.74,0,0.0,-3162,-487.62
603729.SH,20250326,25871,4056.21,19657,3082.63,8712,1363.65,12562,1969.14,1911,298.12,3140,489.6,0,0.0,1135,176.61,4934,771.45
603729.SH,20250325,24596,3740.28,24480,3722.63,14951,2272.09,13714,2085.04,2205,336.25,3337,507.51,1500,228.75,1721,262.19,-5786,-876.3
603729.SH,20250324,30644,4787.31,31682,4940.11,19568,3058.68,16148,2524.02,5587,870.99,6885,1076.67,1595,242.05,2679,418.23,-6970,-1089.36
603729.SH,20250321,20611,3371.22,20302,3320.98,10364,1695.47,11351,1856.81,4808,787.41,4140,678.01,782,127.68,772,125.98,-2689,-436.4
603729.SH,20250320,24538,4071.87,23645,3925.7,17575,2917.98,15650,2598.66,4021,664.88,5593,924.92,0,0.0,1246,205.46,1357,232.54
603729.SH,20250319,17771,2950.34,22527,3739.62,11231,1865.7,10473,1740.32,4224,701.67,2070,343.68,1844,305.92,0,0.0,-9512,-1576.82
603729.SH,20250318,18890,3146.89,21237,3537.75,13299,2216.09,12524,2087.48,4686,780.62,4022,670.91,908,152.54,0,0.0,-672,-109.86
603729.SH,20250317,20564,3409.08,20384,3379.97,11761,1950.09,11632,1928.84,3572,592.77,3881,643.15,0,0.0,0,0.0,-4035,-665.86
603729.SH,20250314,24972,4091.46,20510,3358.64,14633,2392.31,14227,2330.99,5432,886.76,7741,1266.5,0,0.0,2559,414.4,5659,930.71
603729.SH,20250313,24709,4027.89,21161,3453.72,13720,2240.23,15310,2496.72,3019,492.72,4977,810.4,0,0.0,0,0.0,-6980,-1138.59
603729.SH,20250312,21994,3677.32,23746,3971.52,14196,2374.03,14930,2499.05,7354,1229.72,5606,936.27,1407,236.89,669,111.12,-1589,-267.22
603729.SH,20250311,20010,3293.12,18857,3103.08,12046,1982.88,12274,2020.54,3901,642.93,4826,795.3,0,0.0,0,0.0,1491,248.51
603729.SH,20250310,18659,3055.35,21885,3583.65,11721,1920.47,10219,1674.74,4701,770.63,2977,488.05,0,0.0,0,0.0,-2648,-430.56
603729.SH,20250307,21733,3577.39,21878,3601.25,14115,2325.64,13156,2167.15,3603,593.54,3907,643.95,627,103.33,1137,187.54,-4974,-816.59
603729.SH,20250306,35447,5838.33,30796,5073.84,18849,3103.69,20341,3347.71,5676,931.38,7679,1261.87,0,0.0,1156,189.97,8294,1361.33
603729.SH,20250305,21367,3381.79,21425,3388.99,11515,1821.49,11361,1797.74,4162,656.77,3518,557.43,914,143.86,1654,259.75,240,40.87
603729.SH,20250304,20565,3255.79,17011,2692.57,11841,1873.34,13946,2207.48,1447,229.13,5436,859.96,2540,401.74,0,0.0,6371,1010.9
603729.SH,20250303,21907,3429.75,20348,3185.82,13843,2166.91,15779,2470.62,5620,881.23,5249,822.39,6,0.94,0,0.0,-2926,-457.82
603729.SH,20250228,30254,4786.14,25916,4100.92,16209,2561.79,17587,2780.51,5831,920.34,8146,1286.55,0,0.0,645,100.28,-5785,-913.58
603729.SH,20250227,32975,5409.63,35562,5837.73,20355,3345.29,17848,2939.62,5431,894.59,7171,1175.65,1820,303.48,0,0.0,-4711,-757.02
603729.SH,20250226,27914,4585.59,27780,4564.23,17575,2887.37,17124,2812.07,4103,674.13,4817,792.42,788,129.86,660,108.24,-4114,-673.18
603729.SH,20250225,34118,5646.0,30670,5077.57,16421,2716.34,19696,3258.31,4979,825.16,6972,1154.57,1821,302.96,0,0.0,-6895,-1137.76
603729.SH,20250224,30616,5181.83,30639,5179.41,17564,2972.19,16378,2776.74,4183,708.09,4686,792.91,0,0.0,660,113.06,-3514,-583.16
603729.SH,20250221,37068,6298.36,40252,6840.05,25048,4256.42,20961,3562.76,5577,947.51,7952,1350.51,2016,343.4,544,92.37,-12945,-2196.08
603729.SH,20250220,44733,7632.2,38060,6507.64,28538,4877.37,30389,5183.01,7113,1216.27,12255,2091.64,612,105.51,292,49.06,-1345,-227.04
603729.SH,20250219,30643,5169.66,28410,4797.2,17944,3030.13,19531,3297.43,4668,790.53,7056,1188.68,1742,293.0,0,0.0,3421,575.8
603729.SH,20250218,42048,7142.39,38707,6579.43,26200,4447.09,25788,4374.18,8314,1411.02,9380,1593.67,936,162.4,3623,615.61,-12706,-2171.47
603729.SH,20250217,37720,6590.78,38976,6813.03,26505,4632.45,25111,4387.36,7908,1383.47,7408,1294.15,0,0.0,638,112.16,-2902,-502.28
603729.SH,20250214,49447,8562.73,44979,7801.81,29070,5041.58,29239,5064.32,5238,906.23,9498,1638.78,1370,235.74,1409,241.37,-3512,-609.43
603729.SH,20250213,49899,8820.54,51745,9149.12,32269,5706.18,32367,5724.5,12616,2230.11,10452,1845.91,1725,303.3,1945,340.61,-1915,-321.82
603729.SH,20250212,59354,10471.59,50317,8879.71,31016,5472.67,35736,6304.8,13256,2340.78,16754,2958.32,1756,312.9,2575,455.11,-6730,-1179.94
603729.SH,20250211,92160,16456.22,87198,15585.76,58507,10446.68,58997,10530.85,18612,3317.31,23610,4196.42,624,110.53,99,17.71,-15804,-2805.36
603729.SH,20250210,56917,9752.68,69348,11939.35,43738,7497.31,50110,8608.7,23670,4054.54,21389,3685.44,22167,3922.67,5645,993.72,7176,1210.53
603729.SH,20250207,68776,11270.26,61626,10098.09,41563,6814.12,43527,7136.41,14018,2302.5,19970,3276.6,764,124.23,0,0.0,-8074,-1308.18
603729.SH,20250206,78165,12727.36,69302,11293.53,45950,7491.12,55164,8991.01,20863,3403.85,22428,3656.42,4539,738.78,2622,420.15,-1329,-184.84
603729.SH,20250205,100980,16301.81,86157,13950.3,75682,12211.16,64002,10361.91,34387,5563.22,30599,4966.16,10473,1693.33,40763,6491.16,-5247,-932.51
603729.SH,20250127,88843,15805.39,99156,17737.04,66855,11916.6,77421,13878.49,45189,8193.16,39805,7204.08,56513,10459.38,41017,7554.93,-49743,-9154.93
603729.SH,20250124,63909,10073.55,81113,12907.96,51055,8080.3,51913,8278.58,26847,4291.41,29418,4730.42,29304,4910.24,8670,1438.54,-19312,-3203.13
603729.SH,20250123,8761,1280.27,20020,2980.97,8585,1254.72,14279,2142.85,7864,1178.36,6567,993.83,16556,2542.64,900,138.33,-13052,-2014.56
603729.SH,20250122,31018,4328.43,27778,3877.62,12734,1777.92,13290,1854.6,2042,284.69,4772,665.25,937,130.81,891,124.38,-2891,-399.46
603729.SH,20250121,51715,7463.73,42162,6075.52,26114,3771.06,24745,3576.45,9029,1308.39,16710,2414.39,822,123.14,4063,599.96,-7301,-1018.34
603729.SH,20250120,39740,6045.04,32930,5020.93,17040,2589.37,20691,3151.69,10501,1605.07,10302,1564.97,398,61.69,3756,563.58,4607,695.3
603729.SH,20250117,43601,6725.14,41795,6451.14,25808,3991.44,26036,4022.29,14086,2175.58,13454,2077.29,3301,508.47,5511,849.89,-7234,-1108.19
603729.SH,20250116,64551,10183.07,73189,11549.47,48764,7688.02,43296,6828.18,24297,3834.09,21078,3320.4,1475,232.93,1523,240.07,-4243,-651.18
603729.SH,20250115,42792,6347.9,55804,8279.48,33277,4944.43,31224,4639.5,19911,2963.75,11073,1652.54,5053,749.16,2932,433.72,3332,514.53
603729.SH,20250114,32949,4624.7,34381,4820.6,13985,1963.66,12576,1767.51,4712,662.51,3989,563.42,0,0.0,700,99.33,4806,684.34
603729.SH,20250113,24722,3232.83,21779,2843.27,6828,895.22,9685,1272.23,768,99.01,854,111.55,0,0.0,0,0.0,-3942,-512.66
603729.SH,20250110,22010,3007.53,22440,3069.5,8477,1155.93,7441,1016.23,3637,498.11,4243,575.84,0,0.0,0,0.0,-7382,-1010.15
603729.SH,20250109,20038,2804.19,17539,2456.06,7331,1027.9,8692,1216.32,1014,142.16,2180,305.8,28,3.92,0,0.0,276,40.68
603729.SH,20250108,23818,3290.35,22878,3164.09,10664,1473.16,9884,1366.44,4840,669.41,5503,758.29,0,0.0,1057,144.09,-1200,-165.95
603729.SH,20250107,24520,3350.35,22401,3062.91,8137,1113.84,9180,1255.59,1779,243.84,2856,389.67,1,0.14,0,0.0,1897,262.54
603729.SH,20250106,25180,3359.98,23868,3180.25,10493,1397.82,10077,1346.2,1780,237.48,3508,468.83,0,0.0,0,0.0,2165,290.02
603729.SH,20250103,31059,4356.26,30520,4286.94,18550,2598.96,18556,2599.62,7225,1009.51,6906,959.74,0,0.0,852,118.43,-4288,-623.28
603729.SH,20250102,25786,3840.8,26618,3966.63,13889,2061.47,13202,1962.78,6132,916.33,4748,708.9,15,2.24,1254,182.53,1205,181.05
603729.SH,20241231,23362,3512.96,20531,3091.45,12205,1830.94,12073,1817.06,4580,687.74,6020,898.34,0,0.0,1523,224.79,-1584,-245.75
603729.SH,20241230,25530,3910.66,22954,3521.62,12872,1973.36,13169,2017.62,6378,977.25,7872,1201.99,885,134.79,1670,254.82,-3755,-572.34
603729.SH,20241227,32615,5192.1,34533,5503.85,23338,3719.29,22093,3517.02,7818,1245.72,7725,1231.79,2165,346.19,1585,250.62,274,29.9
603729.SH,20241226,24772,3822.53,24242,3741.63,12513,1931.08,13709,2115.53,4556,704.67,4509,697.37,619,96.25,0,0.0,-944,-142.86
603729.SH,20241225,37210,5683.39,32384,4943.91,19134,2916.53,22913,3495.36,9412,1434.73,11076,1687.9,1413,212.08,796,119.56,-4775,-729.19
603729.SH,20241224,47715,7547.63,44661,7076.99,29200,4622.51,29885,4725.0,11319,1788.62,12450,1962.44,0,0.0,1238,194.32,4995,788.13
603729.SH,20241223,45687,7775.76,40995,6989.39,27756,4722.56,29844,5063.7,11781,2004.8,12811,2183.88,1443,248.77,3017,514.92,-14210,-2412.06
603729.SH,20241220,32956,6049.49,30050,5517.89,19588,3594.99,21839,4009.25,9230,1694.52,8472,1554.64,0,0.0,1413,257.23,-394,-64.61
603729.SH,20241219,48196,8556.17,37563,6678.44,25601,4549.34,29756,5283.9,7719,1365.15,12882,2275.6,725,131.58,2040,364.3,-255,-49.27
603729.SH,20241218,45580,8328.68,42524,7783.61,27403,5008.89,28384,5183.02,9508,1738.54,11780,2154.56,2171,400.39,1974,355.32,-3402,-611.99
603729.SH,20241217,63023,11944.12,56255,10692.48,41207,7821.22,39153,7430.31,13102,2477.21,20267,3812.2,1490,273.42,3146,580.98,-29294,-5585.81
603729.SH,20241216,71687,14270.59,76856,15339.14,61453,12262.36,59183,11807.21,26070,5210.49,24883,4944.69,4542,896.54,2830,548.95,4927,993.0
603729.SH,20241213,72906,14523.39,83834,16722.43,61089,12181.37,56511,11264.75,28073,5597.42,24521,4876.93,6478,1293.9,3680,731.98,6782,1368.1
603729.SH,20241212,42299,8134.67,40599,7808.39,32687,6286.31,31025,5967.87,10506,2023.24,14001,2694.8,1358,262.88,1225,236.05,-4984,-943.36
603729.SH,20241211,39357,7485.67,40319,7668.3,29587,5632.91,27760,5283.93,11070,2107.36,10469,1994.49,962,185.09,2429,464.3,-3851,-714.72
603729.SH,20241210,48804,9250.33,39296,7453.84,31474,5973.13,33586,6374.53,13603,2575.71,16007,3030.45,959,179.62,5952,1119.97,-3184,-602.18
603729.SH,20241209,57364,10897.57,43185,8207.95,35614,6769.53,37912,7204.42,9611,1828.63,18359,3488.74,630,121.53,3762,716.16,-3951,-754.0
603729.SH,20241206,74263,14436.32,74035,14404.39,54161,10562.54,59449,11578.04,26492,5183.71,25729,5039.1,6336,1243.12,2039,404.16,3056,586.24
603729.SH,20241205,45689,8411.37,50351,9282.76,31634,5825.47,31772,5849.91,14758,2722.01,10900,2002.2,3006,556.52,2064,380.5,5021,922.08
603729.SH,20241204,71470,13055.39,56424,10314.67,42004,7680.47,43814,8013.63,14455,2639.11,22987,4190.98,250,45.03,4955,900.71,-23818,-4365.09
603729.SH,20241203,83607,16406.06,67615,13290.01,53424,10497.36,58202,11437.4,17320,3409.26,23791,4663.16,1930,378.08,6673,1300.18,-34117,-6678.64
603729.SH,20241202,96825,19279.95,96177,19167.97,81740,16263.62,83548,16631.83,35780,7128.44,36577,7245.19,8785,1729.42,6829,1356.44,-17491,-3418.17
603729.SH,20241129,124192,25570.01,99447,20538.05,109318,22536.25,103879,21451.91,53837,11134.34,69147,14295.45,11812,2499.19,26686,5454.39,-28712,-5883.29
603729.SH,20241128,72371,13353.44,85308,15937.42,64034,11935.81,78163,14672.83,42131,7982.51,38905,7314.51,27874,5388.1,4033,735.1,-22754,-4420.3
603729.SH,20241127,65274,11335.01,72745,12638.23,53829,9351.69,46373,8062.4,23147,4021.78,18935,3284.79,1016,173.86,5213,896.92,-21882,-3780.69
603729.SH,20241126,91470,16321.73,95683,17124.91,68669,12286.32,72266,12890.5,28867,5165.22,23481,4188.14,4873,865.41,2448,435.11,4383,799.11
603729.SH,20241125,78703,13658.19,82126,14278.71,63523,11046.04,62937,10945.21,25614,4461.62,25429,4412.42,5540,973.75,2888,503.26,-11539,-1976.02
603729.SH,20241122,91635,16355.57,106720,19098.66,82966,14826.88,74234,13286.44,37289,6686.12,33783,6046.66,12902,2325.78,10056,1762.6,0,39.74
603729.SH,20241121,105631,18206.64,116122,20028.86,85161,14713.35,83197,14373.71,39120,6793.69,35600,6183.25,14625,2551.93,9618,1679.79,2836,516.86
603729.SH,20241120,7490,1198.91,17216,2816.08,8863,1429.75,14221,2323.95,15497,2553.06,9650,1587.39,23356,3884.86,14119,2339.16,-11484,-1933.21
603729.SH,20241119,25483,3789.47,25232,3755.51,14573,2167.89,14136,2104.55,5728,854.11,6531,969.68,6954,1037.21,6839,1018.94,1312,202.68
603729.SH,20241118,33635,5099.09,35412,5375.22,18174,2758.7,17988,2739.93,8189,1250.7,8104,1231.27,1506,237.93,0,0.0,-10204,-1556.49
603729.SH,20241115,31815,5159.73,28760,4665.08,19249,3122.01,20761,3365.88,9528,1544.62,10035,1629.43,691,112.91,1727,278.87,419,74.15
603729.SH,20241114,34257,5615.13,29317,4796.84,17077,2794.65,18865,3091.76,5537,908.05,8472,1391.01,3169,511.0,3386,549.22,-7112,-1138.02
603729.SH,20241113,34759,5826.58,37797,6340.27,27069,4541.68,24936,4185.37,11982,2019.04,12170,2047.75,3017,511.54,1924,325.45,839,143.47
603729.SH,20241112,34124,5694.34,36159,6039.39,21780,3636.89,22667,3781.68,12653,2107.89,8885,1479.89,0,0.0,846,138.15,-11296,-1878.92
603729.SH,20241111,36926,6036.07,34979,5723.19,22286,3639.46,23059,3772.65,9206,1510.4,10149,1660.86,7100,1163.29,7332,1192.52,17352,2843.28
603729.SH,20241108,30252,4862.45,31033,4987.6,20924,3363.71,18790,3021.52,10492,1687.05,11096,1782.59,0,0.0,750,121.5,-6151,-985.58
603729.SH,20241107,31575,5067.59,36787,5915.46,25942,4168.01,23011,3694.39,13520,2173.94,10396,1662.09,652,105.72,1496,243.32,5624,901.5
603729.SH,20241106,30304,4763.57,31879,5014.81,18024,2833.2,16318,2564.28,6315,997.04,5398,848.92,33,5.24,1080,171.06,3034,480.14
603729.SH,20241105,31003,4797.75,31764,4917.18,17930,2774.38,15065,2331.59,5486,848.89,6324,977.31,0,0.0,1265,194.93,-3993,-615.79
603729.SH,20241104,29732,4561.01,29435,4518.91,14348,2204.7,13245,2031.64,6458,992.95,6551,1007.56,0,0.0,1306,200.54,5635,873.78
603729.SH,20241101,43736,6776.22,47084,7310.69,22997,3574.0,19925,3096.51,7539,1186.21,7988,1246.35,725,117.12,0,0.0,-13168,-2045.57
603729.SH,20241031,31843,5055.31,34154,5425.54,20522,3263.39,19028,3023.86,8363,1333.21,6817,1085.93,0,0.0,729,116.58,5163,822.08
603729.SH,20241030,31573,4951.09,33636,5275.45,16545,2592.4,16418,2575.69,8817,1384.33,6881,1076.68,0,0.0,0,0.0,-6077,-949.51
603729.SH,20241029,61854,9928.11,61574,9874.44,34200,5492.57,32745,5274.25,16736,2697.95,17172,2755.72,1622,257.91,2921,472.12,-15609,-2498.32
603729.SH,20241028,58142,9473.35,74541,12173.52,43504,7089.93,37731,6146.29,25292,4137.3,14468,2353.8,1659,278.31,1857,305.28,2599,412.33
603729.SH,20241025,37954,5742.18,39875,6036.61,19679,2980.89,21698,3287.92,10768,1631.18,5647,853.57,571,86.62,1752,262.77,9824,1490.06
603729.SH,20241024,52052,7683.34,45679,6754.98,25700,3800.14,23467,3467.22,9413,1393.92,15003,2213.16,576,88.13,3592,530.16,908,138.86
603729.SH,20241023,73920,11418.96,70785,10943.69,36440,5643.18,36475,5646.46,15340,2384.67,20354,3164.8,3690,583.99,1775,275.84,5191,836.36
603729.SH,20241022,47095,7041.18,53051,7936.03,25307,3785.35,25850,3862.88,12111,1814.85,8651,1294.51,3943,586.47,904,134.42,-2292,-339.95
603729.SH,20241021,32670,4691.19,30655,4403.69,18438,2647.8,19675,2823.28,8424,1211.5,6039,869.0,720,103.54,3883,558.06,6114,881.5
603729.SH,20241018,33858,4747.24,35048,4925.38,18878,2655.19,18654,2620.43,8859,1250.95,9102,1280.83,1932,277.36,723,104.11,2501,346.34
603729.SH,20241017,26244,3744.22,27702,3952.76,13190,1882.61,12479,1781.57,3953,564.76,3793,540.32,587,83.06,0,0.0,-1570,-219.3
603729.SH,20241016,24824,3488.13,26820,3766.9,14266,2002.55,12808,1800.89,4405,620.49,3867,543.39,0,0.0,0,0.0,-475,-61.52
603729.SH,20241015,30217,4252.66,29036,4088.67,14382,2029.13,15293,2155.26,5137,727.25,5407,765.11,0,0.0,0,0.0,4554,648.22
603729.SH,20241014,28962,3920.77,27231,3685.31,12969,1756.12,14147,1918.01,3609,489.02,4161,562.59,0,0.0,0,0.0,6683,907.88
603729.SH,20241011,30902,4142.57,29194,3916.42,12398,1665.01,12046,1614.95,3276,439.57,4393,590.08,0,0.0,943,125.7,-4052,-542.7
603729.SH,20241010,44062,6068.87,44882,6190.38,21501,2961.34,19066,2623.82,5237,724.42,8653,1188.67,3145,431.73,1343,183.49,-7766,-1074.78
603729.SH,20241009,47079,6770.31,42554,6120.81,21925,3160.05,22295,3213.1,10418,1496.13,12872,1849.08,905,128.96,2607,372.46,-8567,-1237.71
603729.SH,20241008,54836,8480.41,56515,8745.48,40386,6274.61,34954,5440.78,15156,2381.73,15668,2444.39,22,3.45,3263,509.53,-10758,-1672.0
603729.SH,20240930,48722,6993.34,51977,7471.07,32454,4658.32,33914,4876.86,13579,1958.28,13438,1936.79,5472,803.23,898,128.44,-4723,-689.91
603729.SH,20240927,24183,3209.22,26333,3500.54,14165,1887.63,12874,1713.13,3722,498.36,2157,286.06,1169,158.01,1875,253.5,-1755,-225.39
603729.SH,20240926,31994,4109.99,33256,4271.98,15090,1937.69,14182,1824.14,5090,653.83,4893,625.8,157,20.41,0,0.0,5793,743.3
603729.SH,20240925,33811,4267.57,33678,4252.9,15411,1942.96,14379,1814.96,3384,428.38,4549,571.05,0,0.0,0,0.0,3436,426.98
603729.SH,20240924,21905,2603.82,21403,2546.3,10523,1255.33,10950,1305.75,2999,361.07,3074,368.17,0,0.0,0,0.0,6673,799.57
603729.SH,20240923,14865,1742.78,14525,1703.01,4093,480.45,4171,489.21,862,100.71,1990,232.52,866,100.8,0,0.0,-3948,-457.65
603729.SH,20240920,16149,1886.08,14379,1680.07,3873,452.28,5138,600.12,1180,138.2,686,80.49,0,0.0,999,115.88,-794,-92.7
603729.SH,20240919,21326,2475.37,21182,2456.6,7238,840.59,6763,786.1,1016,117.98,1576,184.33,0,0.0,59,6.91,5802,675.15
603729.SH,20240918,18983,2151.66,19076,2161.84,4969,562.24,5925,669.94,2487,278.23,1438,160.35,0,0.0,0,0.0,-4299,-484.0
603729.SH,20240913,16927,1977.26,16437,1919.25,7037,823.16,6184,722.45,1986,231.69,3329,390.41,0,0.0,0,0.0,-3662,-425.81
603729.SH,20240912,14267,1723.06,14676,1772.57,4079,493.76,4075,492.87,1843,223.1,1438,174.49,0,0.0,0,0.0,-1579,-187.08
603729.SH,20240911,13774,1651.87,14251,1709.16,3791,454.91,3818,457.45,2077,248.42,1573,188.6,0,0.0,0,0.0,-2808,-334.8
603729.SH,20240910,20766,2473.68,18801,2240.24,5326,636.43,6627,790.35,1388,165.5,2052,245.02,0,0.0,0,0.0,630,79.79
603729.SH,20240909,16004,1895.8,15580,1845.6,4333,513.32,3739,443.25,400,47.64,400,47.88,0,0.0,1018,120.02,517,62.07
603729.SH,20240906,17833,2144.79,17769,2136.18,5377,645.08,5041,605.47,207,24.66,607,72.87,0,0.0,0,0.0,-4799,-573.39
603729.SH,20240905,19128,2329.9,18862,2297.52,7566,922.7,7596,926.62,770,94.02,1006,122.47,0,0.0,0,0.0,3954,484.73
603729.SH,20240904,16177,1932.99,16341,1951.78,4658,556.39,4477,535.25,1395,166.66,1412,169.0,0,0.0,0,0.0,-2906,-345.33
603729.SH,20240903,12898,1555.19,13863,1671.24,4891,589.41,3780,455.69,1066,128.86,1212,146.53,0,0.0,0,0.0,369,45.75
603729.SH,20240902,20230,2454.97,19148,2322.75,6870,833.78,7725,937.5,2110,256.88,2337,285.38,0,0.0,0,0.0,-1242,-145.99
603729.SH,20240830,26532,3229.89,24633,2997.96,10200,1243.45,9231,1122.99,3483,423.21,4231,515.21,436,52.97,2556,313.37,4903,598.67
603729.SH,20240829,15191,1762.53,14935,1732.48,6500,754.92,5836,677.57,1917,222.18,2311,269.52,0,0.0,526,60.07,1216,143.8
603729.SH,20240828,17382,1998.22,15926,1829.56,4492,515.68,5045,580.59,497,57.29,1281,147.24,0,0.0,119,13.79,4275,495.07
603729.SH,20240827,15889,1832.73,17807,2053.18,5329,612.61,5424,624.77,3467,400.15,1277,147.01,0,0.0,177,20.53,-5769,-665.0
603729.SH,20240826,19393,2279.51,18411,2162.97,4797,563.55,5757,678.25,1367,160.11,1389,161.96,0,0.0,0,0.0,4061,477.87
603729.SH,20240823,19793,2310.04,18571,2167.52,4389,512.37,6431,750.99,1541,180.31,721,84.21,0,0.0,0,0.0,-701,-78.98
603729.SH,20240822,21857,2635.38,19469,2347.19,8541,1023.48,7579,911.98,1648,198.74,3394,406.13,0,0.0,1604,192.3,547,64.31
603729.SH,20240821,20396,2535.24,18690,2324.24,4932,613.57,7157,888.64,1760,218.19,1241,154.12,0,0.0,0,0.0,-3794,-465.83
603729.SH,20240820,23913,3019.48,25518,3221.24,7703,972.65,6832,863.49,1816,228.82,1082,136.23,0,0.0,0,0.0,-5818,-727.91
603729.SH,20240819,22099,2805.57,21599,2741.16,7709,977.14,8328,1057.25,1218,154.8,1991,252.83,892,113.73,0,0.0,-2310,-289.12
603729.SH,20240816,22067,2833.81,23792,3054.15,8918,1145.19,7299,937.85,816,104.81,710,91.81,0,0.0,0,0.0,-6929,-886.56
603729.SH,20240815,30595,3980.31,29736,3867.92,12187,1589.42,12201,1593.28,2835,371.52,3680,480.05,0,0.0,0,0.0,3641,479.55
603729.SH,20240814,19183,2441.22,18804,2392.53,7619,970.22,8206,1044.87,809,102.99,601,77.04,0,0.0,0,0.0,3051,389.03
603729.SH,20240813,16134,1993.61,14032,1734.33,4668,575.05,5045,623.21,568,69.27,2293,280.4,0,0.0,0,0.0,1058,130.38
603729.SH,20240812,21350,2671.07,19870,2486.79,5005,625.1,5737,717.97,1032,129.7,1780,221.11,0,0.0,0,0.0,1687,211.29
603729.SH,20240809,20687,2643.78,20528,2625.44,8396,1074.82,7900,1010.07,3482,442.41,4137,525.49,0,0.0,0,0.0,-8719,-1112.07
603729.SH,20240808,26186,3377.59,23053,2976.87,11285,1457.58,11221,1451.0,2619,340.29,5816,747.59,0,0.0,0,0.0,6792,882.25
603729.SH,20240807,23966,3095.63,25478,3290.08,8741,1129.22,7830,1010.82,2789,359.66,3188,412.6,1000,129.0,0,0.0,-6798,-874.75
603729.SH,20240806,32805,4234.14,35310,4564.61,15610,2024.19,14786,1909.37,6073,787.51,3392,438.86,0,0.0,1000,133.0,1000,141.45
603729.SH,20240805,31769,4090.07,30738,3959.23,12791,1649.73,12886,1660.87,1461,186.2,2397,305.9,0,0.0,0,0.0,-3431,-423.66
603729.SH,20240802,24728,3193.47,27683,3575.77,12396,1602.31,10299,1331.64,1775,229.74,917,118.11,0,0.0,0,0.0,-3973,-510.75
603729.SH,20240801,24932,3178.1,24482,3120.06,8812,1123.6,8676,1106.93,1039,132.93,1625,207.64,0,0.0,0,0.0,-3079,-390.19
603729.SH,20240731,22901,2891.09,23512,2968.76,11723,1481.79,10176,1286.07,3570,451.61,3506,441.66,0,0.0,1000,128.0,5264,664.84
603729.SH,20240730,15362,1871.63,15918,1939.2,5920,721.08,4755,579.96,919,112.48,1528,186.04,0,0.0,0,0.0,548,68.07
603729.SH,20240729,19100,2299.42,17238,2075.84,5866,706.79,7942,956.39,1310,159.31,1096,133.29,0,0.0,0,0.0,1282,159.87
603729.SH,20240726,21042,2488.72,20055,2372.64,9112,1082.07,8209,973.56,1125,132.7,3015,357.29,0,0.0,0,0.0,3963,469.91
603729.SH,20240725,16926,1947.66,16593,1909.12,5006,575.79,5545,636.91,1863,213.04,1657,190.46,0,0.0,0,0.0,557,69.49
603729.SH,20240724,16857,1966.49,15709,1833.36,7464,869.76,7331,854.31,2157,251.35,3438,401.93,1000,118.0,1000,116.0,-4512,-528.03
603729.SH,20240723,17523,2138.68,14991,1828.61,5830,710.15,6320,770.89,312,37.19,2354,286.52,0,0.0,0,0.0,5,4.71
603729.SH,20240722,22437,2711.61,18624,2249.95,9809,1183.07,9230,1114.35,1573,189.02,3379,410.18,0,0.0,2586,309.22,5989,731.72
603729.SH,20240719,19593,2347.76,19338,2316.81,6501,778.19,8132,974.33,1993,239.47,1484,178.5,867,104.21,0,0.0,1224,149.56
603729.SH,20240718,18889,2188.76,17845,2067.41,9046,1047.63,6827,790.01,241,28.08,3684,424.44,1133,129.46,953,112.07,1811,214.44
603729.SH,20240717,16362,1967.21,18011,2164.39,6354,763.16,6022,724.21,908,109.68,936,112.76,1674,200.88,329,39.58,-4168,-497.26
603729.SH,20240716,15823,1895.95,15790,1892.34,6235,747.34,6846,820.28,2180,260.95,1521,181.93,0,0.0,81,9.7,-3698,-440.96
603729.SH,20240715,18718,2276.21,18709,2276.29,7119,864.83,5187,630.37,1298,157.95,1425,172.84,0,0.0,1814,219.48,-5455,-663.56
603729.SH,20240712,21460,2710.44,21793,2754.22,8711,1100.59,8458,1071.06,2845,360.84,1913,239.74,0,0.0,852,106.84,-1468,-182.94
603729.SH,20240711,29508,3653.98,26888,3324.91,10551,1306.4,12048,1493.76,4366,542.38,4669,581.67,0,0.0,820,102.42,6977,872.6
603729.SH,20240710,20263,2446.39,19052,2299.9,5766,696.32,7524,908.38,1057,127.22,510,61.65,0,0.0,0,0.0,-2144,-257.05
603729.SH,20240709,24576,2977.81,23432,2843.62,8959,1084.3,10772,1304.68,2681,328.34,2065,248.66,53,6.51,0,0.0,-2139,-260.31
603729.SH,20240708,17625,2184.54,16576,2054.83,5398,667.57,5916,731.49,1370,170.19,1901,235.98,0,0.0,0,0.0,-3994,-494.56
603729.SH,20240705,18675,2373.86,18371,2335.97,5829,742.83,6495,825.97,899,113.72,537,68.46,0,0.0,0,0.0,847,110.3
603729.SH,20240704,20247,2595.63,17494,2243.24,8354,1069.76,7876,1011.54,997,127.25,2182,278.42,0,0.0,2046,259.43,176,21.18
603729.SH,20240703,16165,2146.06,17637,2342.39,6852,910.36,6306,837.16,1891,250.99,965,127.86,0,0.0,0,0.0,-6074,-806.99
603729.SH,20240702,26728,3612.54,26698,3608.55,10872,1468.73,11750,1588.64,3443,467.42,2595,351.51,0,0.0,0,0.0,3383,459.89
603729.SH,20240701,19663,2564.62,18807,2454.91,5246,684.9,6395,833.54,878,115.02,585,76.1,0,0.0,0,0.0,-2837,-369.54
603729.SH,20240628,27787,3744.51,26693,3598.67,11438,1542.06,10745,1447.91,2439,329.21,3175,429.3,967,130.86,2018,270.75,-1017,-133.18
603729.SH,20240627,33494,4563.01,30422,4145.91,15630,2125.84,15119,2056.99,3349,457.21,6914,940.71,0,0.0,18,2.44,3729,509.29
603729.SH,20240626,32316,4198.66,33425,4347.93,16335,2129.02,17591,2288.36,5765,750.6,3717,484.07,316,42.09,0,0.0,809,83.31
603729.SH,20240625,18155,2298.65,17490,2213.32,5870,742.44,6415,812.16,789,100.02,909,115.63,0,0.0,0,0.0,888,115.31
603729.SH,20240624,23207,2939.42,21158,2681.44,10924,1380.16,12230,1549.05,3163,400.38,5121,647.24,2998,382.05,1783,224.29,-1622,-219.18
603729.SH,20240621,19773,2640.63,17052,2276.39,6079,810.43,7259,968.58,1310,174.65,2850,380.74,0,0.0,0,0.0,-506,-64.6
603729.SH,20240620,29953,4116.08,27468,3774.24,13441,1847.36,13387,1838.48,2817,385.08,5115,704.14,754,105.18,996,136.85,106,5.19
603729.SH,20240619,25092,3597.51,29057,4168.31,14261,2047.72,12337,1773.39,3769,545.6,2338,335.56,1684,243.77,1074,157.34,-2556,-363.68
603729.SH,20240618,20954,2970.67,19430,2756.2,6699,949.86,7769,1101.25,2261,318.88,2260,317.98,0,0.0,455,63.97,-1670,-234.76
603729.SH,20240617,19267,2713.57,17143,2415.11,8323,1171.45,8825,1242.41,1207,169.35,2829,396.83,0,0.0,0,0.0,-99,-13.24
603729.SH,20240614,22633,3272.23,22298,3224.04,8811,1273.39,7938,1147.4,2163,313.12,1638,236.49,0,0.0,1733,250.8,-1561,-223.44
603729.SH,20240613,28980,4223.57,27912,4070.08,13367,1948.05,13038,1899.27,3944,574.81,5341,777.09,0,0.0,0,0.0,-1941,-283.05
603729.SH,20240612,30541,4449.46,30790,4487.73,14121,2058.2,14060,2048.36,1971,286.57,2038,295.31,495,72.67,240,35.5,5440,791.63
603729.SH,20240611,34866,4841.27,35954,5001.42,15661,2178.08,15414,2137.06,4201,588.57,3764,517.4,2303,313.29,1899,265.33,-2333,-307.58
603729.SH,20240607,46627,6310.24,42454,5744.81,19170,2597.24,21890,2963.95,6500,880.39,7953,1079.1,0,0.0,0,0.0,11101,1507.17
603729.SH,20240606,51409,6781.68,43182,5698.34,20499,2704.93,25269,3337.97,6510,865.69,10020,1322.05,2000,258.6,1947,252.54,1454,184.07
603729.SH,20240605,34776,4933.91,29215,4144.23,11067,1568.03,15464,2192.81,2057,290.97,3469,491.5,386,55.16,138,19.54,3785,540.85
603729.SH,20240604,44121,6486.57,40201,5916.26,24790,3641.19,23499,3449.44,7063,1035.1,9986,1467.39,0,0.0,2288,329.76,-608,-95.86
603729.SH,20240603,29983,4699.62,32404,5088.29,18265,2865.4,16398,2570.47,3758,592.76,4891,768.08,1687,269.05,0,0.0,-11390,-1776.23
603729.SH,20240531,21294,3321.05,20567,3209.36,10064,1569.14,10394,1619.92,2149,336.24,2712,423.02,166,25.88,0,0.0,-6324,-985.73
603729.SH,20240530,29338,4639.67,32736,5181.66,16094,2548.9,14322,2267.56,3834,609.95,2208,349.3,0,0.0,0,0.0,-2502,-396.88
603729.SH,20240529,13897,2167.68,14528,2268.34,8257,1288.59,6508,1015.73,1195,186.63,1323,205.28,0,0.0,990,153.55,-2521,-392.28
603729.SH,20240528,14712,2311.12,15952,2506.23,9577,1504.68,7641,1200.5,1156,181.77,1852,290.84,0,0.0,0,0.0,-4482,-704.13
603729.SH,20240527,22175,3487.2,20721,3260.52,10403,1634.15,10646,1673.4,2616,412.1,3827,599.52,0,0.0,0,0.0,3352,528.07
603729.SH,20240524,19430,3103.19,17229,2752.12,8405,1343.03,9672,1544.74,2989,477.76,4192,669.79,269,42.66,0,0.0,-1763,-282.94
603729.SH,20240523,27622,4505.02,23718,3869.61,14072,2294.64,15076,2456.87,3256,531.8,5473,894.21,0,0.0,683,110.78,-4484,-733.75
603729.SH,20240522,23317,3930.52,22075,3722.93,11582,1949.71,11971,2016.84,2656,447.29,3156,528.98,864,146.01,1217,204.78,2301,387.52
603729.SH,20240521,27961,4701.8,25768,4332.98,12255,2062.06,14041,2362.66,5024,844.18,5918,995.69,3515,589.4,3028,506.11,-7845,-1318.92
603729.SH,20240520,30523,5277.64,29404,5088.03,16176,2796.07,18213,3147.35,5453,942.43,4535,780.75,0,0.0,0,0.0,-9943,-1717.22
603729.SH,20240517,26076,4591.29,24164,4255.27,13629,2400.64,14266,2511.83,3438,603.87,4500,789.94,585,102.79,798,141.57,-2478,-431.78
603729.SH,20240516,34464,6177.59,31661,5675.28,20699,3708.96,20632,3698.61,5923,1060.86,6486,1161.65,39,6.94,2346,418.82,5259,943.58
603729.SH,20240515,30389,5348.39,34784,6124.53,22219,3914.55,19063,3353.04,7991,1412.76,8882,1564.92,2130,366.79,0,0.0,-861,-140.81
603729.SH,20240514,35276,6081.02,32269,5561.25,17618,3035.27,20739,3572.18,7172,1237.41,7254,1249.97,3485,597.49,3289,567.78,6139,1074.3
603729.SH,20240513,33258,5621.62,30183,5100.71,18723,3166.29,21885,3700.21,9697,1635.07,9429,1591.84,0,0.0,181,30.23,-7033,-1179.4
603729.SH,20240510,32790,5873.56,30166,5408.89,21434,3853.82,21305,3824.97,5733,1027.28,8714,1561.15,228,40.36,0,0.0,-6525,-1168.31
603729.SH,20240509,26306,4845.23,25868,4764.5,15557,2865.32,18772,3459.13,6428,1184.38,3650,671.3,0,0.0,0,0.0,-9435,-1734.6
603729.SH,20240508,40847,7600.72,33679,6274.55,22963,4281.82,25423,4734.48,4198,783.16,6897,1281.2,0,0.0,2009,375.47,-6924,-1289.62
603729.SH,20240507,39540,7677.59,40090,7785.13,25753,5000.16,23809,4624.47,6918,1345.33,8080,1568.92,0,0.0,232,44.55,-8173,-1574.99
603729.SH,20240506,36114,6905.78,32053,6133.68,21008,4023.8,22123,4237.46,6477,1241.51,9327,1784.44,419,81.37,515,96.87,-844,-158.18
603729.SH,20240430,36371,6893.16,36575,6933.33,23282,4418.01,22567,4279.79,6229,1183.36,6068,1153.74,537,102.03,1209,229.7,-5555,-1047.56
603729.SH,20240429,38529,7339.08,42630,8124.15,24265,4620.53,22737,4328.07,8516,1626.19,5943,1133.6,0,0.0,0,0.0,427,79.55
603729.SH,20240426,40655,7496.64,40634,7489.9,22318,4106.0,22216,4090.88,6780,1246.4,6183,1134.15,0,0.0,721,134.11,4516,835.94
603729.SH,20240425,39908,7293.36,37612,6879.54,18709,3421.39,19256,3517.45,5102,932.77,6851,1250.52,0,0.0,0,0.0,-8995,-1643.04
603729.SH,20240424,38468,7089.89,41992,7745.53,23573,4346.9,20581,3795.81,8033,1481.84,5103,939.89,649,117.61,3047,555.01,-4970,-926.51
603729.SH,20240423,51920,9393.15,52247,9448.92,28151,5089.39,29367,5306.22,8126,1469.68,8283,1499.12,2525,453.53,825,151.5,8596,1568.0
603729.SH,20240422,39123,6798.84,36521,6352.36,19055,3314.1,22028,3829.51,5100,887.96,4729,819.03,0,0.0,0,0.0,-6988,-1222.97
603729.SH,20240419,38917,7084.04,33335,6069.17,19134,3481.31,22264,4052.55,5731,1042.95,8055,1463.55,0,0.0,128,23.03,1820,334.98
603729.SH,20240418,64818,11878.41,60393,11071.61,36210,6623.38,38706,7087.91,13884,2537.76,15021,2744.14,1779,326.76,2570,462.66,9081,1667.2
603729.SH,20240417,57277,10124.43,62441,11029.83,39628,6974.65,38750,6816.3,17453,3038.47,14263,2498.93,2726,477.59,1630,270.07,10491,1824.71
603729.SH,20240416,23039,3916.89,15299,2612.09,17362,2953.93,17827,3028.99,5307,909.8,9604,1633.91,0,0.0,2978,505.62,7215,1232.03
603729.SH,20240415,50181,9547.34,39271,7487.1,34149,6502.94,36689,6975.59,11468,2181.51,16313,3104.66,2502,478.18,6027,1142.61,-3404,-672.98
603729.SH,20240412,41505,8661.19,40080,8367.88,24201,5048.22,24100,5028.22,6656,1386.5,8455,1760.97,1665,349.52,1392,288.36,-4651,-966.76
603729.SH,20240411,56687,11934.19,54758,11534.38,40167,8455.53,46420,9766.61,15561,3271.88,11701,2460.83,2322,491.6,1858,391.38,8147,1696.23
603729.SH,20240410,59610,12239.68,47186,9682.97,42628,8735.21,47453,9727.67,11720,2410.1,16756,3446.99,684,140.9,3247,668.27,-672,-167.13
603729.SH,20240409,33756,7382.54,34521,7553.94,24970,5464.38,25282,5531.24,9022,1975.61,7895,1726.37,0,0.0,50,10.96,-14627,-3199.82
603729.SH,20240408,59753,13041.71,57705,12615.27,41434,9046.34,45039,9823.15,15829,3470.9,13525,2957.64,4796,1040.69,5544,1203.57,-494,-134.6
603729.SH,20240403,76592,18279.22,64340,15370.87,50047,11964.26,58039,13857.13,15181,3627.22,21425,5114.72,4285,1025.01,2302,553.0,-18442,-4354.18
603729.SH,20240402,77425,20513.53,61939,16407.53,46920,12413.93,54577,14453.6,14004,3695.74,20284,5347.59,219,56.28,1769,470.76,-23286,-6225.39
603729.SH,20240401,83233,22703.0,79679,21766.76,61567,16791.84,63651,17357.43,21346,5835.28,23624,6425.06,2281,616.77,1473,397.64,-8997,-2419.81
603729.SH,20240329,106719,30311.19,88998,25282.79,72618,20651.1,80746,22946.51,21601,6147.94,30067,8564.38,2295,654.97,3421,971.52,-41311,-11737.68
603729.SH,20240328,144461,41335.61,117878,33782.79,117806,33778.19,122647,35161.7,50207,14406.32,67691,19370.67,4401,1255.56,8659,2460.51,638,348.63
603729.SH,20240327,114184,31754.96,115347,32089.88,104950,29212.86,113759,31667.18,54109,15076.8,49234,13705.91,9586,2678.2,4489,1259.85,6636,1860.77
603729.SH,20240326,90021,22993.68,85299,21826.45,72354,18556.7,72786,18642.64,27297,7009.38,27081,6949.55,1845,475.42,6352,1616.54,-4959,-1161.2
603729.SH,20240325,111766,29016.47,106496,27707.07,92137,23952.66,91860,23888.51,36426,9488.07,43799,11363.96,8517,2213.86,6691,1711.52,8287,2207.17
603729.SH,20240322,78965,19524.84,79273,19688.27,62638,15520.56,64839,16064.26,28360,7042.17,25133,6190.7,5077,1258.28,5794,1402.62,11944,3013.96
603729.SH,20240321,54637,13527.58,48131,11928.99,38340,9503.38,39204,9712.66,10122,2515.41,14315,3547.17,851,210.05,2300,567.6,-17626,-4360.07
603729.SH,20240320,55041,13750.02,56277,14066.42,43682,10911.12,40121,10021.82,14781,3690.17,15984,3982.31,0,0.0,1122,280.77,27,17.66
603729.SH,20240319,90643,22821.85,74230,18688.42,52739,13292.34,59990,15109.51,15004,3775.52,21928,5524.0,1100,274.72,3339,842.5,-41328,-10408.81
603729.SH,20240318,118285,30279.78,110519,28345.44,86939,22284.13,87948,22525.45,30086,7731.64,33113,8475.54,5323,1378.57,9052,2327.68,-32031,-8145.01
603729.SH,20240315,131867,33909.85,103497,26675.07,104551,26881.01,117756,30265.22,41558,10678.52,51468,13189.51,4917,1260.69,10172,2600.28,-8199,-2089.52
603729.SH,20240314,114632,28178.72,114568,28178.55,113928,27963.45,113121,27767.36,55178,13597.25,53235,13106.56,9437,2326.1,12251,3013.05,7134,1794.76
603729.SH,20240313,80991,18660.67,84620,19494.48,73039,16813.17,68544,15779.23,25953,5993.94,27266,6290.4,4640,1068.77,4193,972.43,-2137,-474.3
603729.SH,20240312,54914,12181.35,47411,10516.5,42036,9340.83,41712,9253.76,15231,3387.64,16014,3560.16,2509,557.92,9553,2137.34,10842,2404.87
603729.SH,20240311,34493,7479.7,31182,6763.74,27005,5855.54,27189,5897.35,11205,2429.17,10942,2368.74,1365,296.32,4755,1030.9,7834,1705.33
603729.SH,20240308,49785,10679.4,46507,10001.35,39081,8401.71,39648,8513.25,14962,3226.97,16917,3633.08,807,172.01,1563,332.42,6132,1286.65
603729.SH,20240307,59330,12996.07,51023,11188.82,42461,9298.45,50668,11093.68,16506,3603.02,17805,3884.98,2691,597.28,1492,327.34,-4573,-1065.36
603729.SH,20240306,56457,12855.94,53270,12139.26,44527,10144.11,45838,10437.78,18457,4205.63,18719,4262.41,3520,803.6,5134,1169.83,-24559,-5592.39
603729.SH,20240305,96263,22199.04,95905,22151.62,89195,20613.33,83026,19156.62,32847,7586.36,35799,8270.14,2663,609.5,6238,1429.84,-8546,-1977.8
603729.SH,20240304,73961,16022.51,65728,14291.76,55124,12008.44,58743,12769.48,20932,4569.63,24312,5269.81,1170,260.52,2404,530.05,9232,2057.1
603729.SH,20240301,61872,13335.67,56846,12260.13,43934,9478.06,48875,10535.39,16389,3530.75,17156,3697.0,4335,936.84,3653,788.8,-1960,-400.27
603729.SH,20240229,71697,15440.85,72850,15683.94,57968,12485.6,58806,12654.56,25037,5372.46,25126,5403.63,4896,1053.56,2817,610.34,4506,950.64
603729.SH,20240228,107397,24887.17,93459,21788.23,86223,20118.62,87525,20364.41,35811,8377.57,43943,10198.24,2689,620.7,7193,1653.18,-24349,-5636.57
603729.SH,20240227,109506,25290.86,105573,24425.99,85418,19743.73,87872,20313.73,33815,7819.02,34564,7968.49,3660,849.86,4390,995.26,-27938,-6467.66
603729.SH,20240226,100309,21513.48,105986,22711.24,82189,17606.11,84389,18113.09,35897,7717.15,34082,7390.51,16812,3753.14,10750,2375.04,-10817,-2481.27
603729.SH,20240223,106403,21938.06,99801,20630.26,84057,17330.8,81244,16772.87,30581,6334.49,39759,8171.64,7239,1503.28,7476,1531.86,-27309,-5608.27
603729.SH,20240222,78550,14705.3,85167,15992.3,62767,11753.41,63663,11968.81,26852,5053.48,31281,5907.01,18040,3523.82,6098,1167.88,3827,714.38
603729.SH,20240221,95890,17414.69,98713,17939.17,71186,12909.74,68373,12397.68,33989,6147.93,31985,5778.58,3577,648.11,5571,1005.03,-11167,-2068.43
603729.SH,20240220,92071,16155.07,87541,15389.53,61001,10700.28,65731,11547.7,32609,5773.85,35797,6269.84,11319,1991.49,7930,1413.63,-742,-147.3
603729.SH,20240219,72087,11574.45,69381,11149.94,49305,7902.17,55199,8867.85,20974,3368.23,26421,4255.24,9970,1636.6,1334,208.41,8065,1331.36
603729.SH,20240208,81533,11757.27,82023,11885.62,62023,8957.61,59636,8576.06,23167,3360.16,28625,4097.76,5442,769.73,1882,285.32,5995,766.65
603729.SH,20240207,58939,9197.71,63268,9891.18,40251,6283.15,40506,6310.57,19978,3121.01,16043,2500.21,649,100.08,0,0.0,-10174,-1564.68
603729.SH,20240206,44582,7643.58,41701,7168.65,38403,6589.45,34692,5957.14,18513,3178.53,17992,3075.3,1247,211.87,8360,1422.34,21407,3630.1
603729.SH,20240205,33394,6408.31,27346,5270.72,17409,3338.19,17596,3376.87,7318,1396.22,9970,1889.26,613,115.73,3822,721.59,12082,2269.62
603729.SH,20240202,44034,9521.02,43501,9395.03,26360,5684.3,25342,5476.23,8216,1769.95,10314,2226.52,976,215.68,430,93.18,3967,836.93
603729.SH,20240201,43594,9595.9,39265,8645.45,20882,4600.26,23994,5282.46,6994,1540.61,7799,1717.28,800,175.2,1212,266.78,5838,1291.0
603729.SH,20240131,56832,13291.31,49527,11596.14,32912,7676.08,34466,8044.18,12859,2975.9,17215,3990.01,1090,254.54,2485,567.5,9801,2226.02
603729.SH,20240130,46755,11414.07,40128,9804.56,26511,6469.21,30394,7410.62,8619,2094.91,10384,2526.69,1587,385.21,2566,621.53,-784,-198.16
603729.SH,20240129,66471,16925.1,56768,14446.51,39502,10059.12,45285,11534.36,11772,2989.54,17693,4511.17,3109,797.61,1108,279.32,-9004,-2282.75
603729.SH,20240126,78337,21099.22,77412,20889.21,55814,15059.31,59558,16061.57,21231,5741.13,19839,5341.92,2417,657.91,990,264.88,-14810,-3959.03
603729.SH,20240125,78023,20903.69,77143,20665.74,63511,17026.34,63729,17080.79,23551,6291.2,25034,6701.37,2568,690.12,1747,463.45,-10669,-2851.65
603729.SH,20240124,57622,14637.06,49254,12509.51,36686,9321.98,38985,9906.31,13177,3349.03,19396,4931.32,1397,356.56,1247,317.5,1160,299.06
603729.SH,20240123,72633,18283.39,64760,16314.97,55198,13897.87,58429,14722.64,18761,4728.2,23574,5917.99,1479,373.31,1307,327.16,5045,1257.42
603729.SH,20240122,88008,23672.04,80780,21793.87,69286,18651.92,69770,18778.09,27139,7291.25,34548,9229.18,3062,824.11,2397,638.17,-14190,-3915.86
603729.SH,20240119,94322,26767.17,98360,27864.86,78212,22217.85,74717,21246.09,33644,9565.32,31628,9018.73,2119,596.1,3592,1016.76,-16100,-4488.29
603729.SH,20240118,64726,17722.19,61662,16902.94,47589,13029.25,51465,14091.09,17420,4767.19,16689,4554.46,2937,810.66,2856,780.8,-13206,-3590.96
603729.SH,20240117,77596,22005.16,77878,22093.14,61749,17530.5,58782,16689.6,20085,5698.79,21889,6199.34,2174,615.62,3055,868.0,-13654,-3823.29
603729.SH,20240116,73680,20427.79,78491,21825.43,62030,17228.6,55731,15472.34,19731,5496.17,19533,5412.74,2534,711.39,4219,1153.45,157,94.27
603729.SH,20240115,68045,18960.15,57605,16049.37,43774,12181.45,53460,14884.27,15920,4431.59,18761,5219.23,4027,1120.1,1940,540.41,7945,2222.95
603729.SH,20240112,93463,25942.86,71659,19928.1,60539,16820.62,67804,18828.14,16328,4529.84,28089,7772.09,3445,941.0,6223,1706.0,-13578,-3817.33
603729.SH,20240111,55562,15959.83,54702,15720.92,48392,13898.75,47854,13746.04,20658,5934.16,19083,5474.28,1128,322.29,4101,1173.8,2244,654.73
603729.SH,20240110,58233,16608.91,62550,17853.04,47849,13654.05,45609,13017.94,19106,5460.75,18554,5294.3,3131,898.1,1606,456.52,-7325,-2072.9
603729.SH,20240109,92375,26284.07,81672,23271.71,70540,20095.05,70988,20214.07,28914,8228.07,34859,9908.08,2332,672.51,6642,1885.84,-12301,-3535.74
603729.SH,20240108,79519,23260.86,57684,16876.86,56102,16392.06,67621,19772.72,19768,5772.82,31792,9276.48,3956,1149.54,2248,649.21,14551,4291.77
603729.SH,20240105,85884,26077.68,62414,18970.41,65128,19739.43,67320,20440.86,25982,7858.49,36924,11203.02,6435,1959.44,16772,5020.75,-25255,-7606.78
603729.SH,20240104,82524,26474.08,82116,26360.09,69169,22221.42,63914,20527.48,25064,8068.35,29839,9597.02,6032,1949.13,6921,2228.39,-15483,-4893.45
603729.SH,20240103,101280,32155.1,89635,28495.13,82117,26119.08,77418,24596.13,39005,12415.23,47036,14961.95,9715,3101.21,18029,5737.41,-8912,-2760.61
603729.SH,20240102,112944,36748.35,84452,27467.06,76314,24815.77,88325,28739.05,38882,12649.06,48949,15934.37,15059,4879.3,21472,6952.0,-20204,-6474.47
603729.SH,20231229,135851,45716.43,103507,34801.7,111223,37425.16,117130,39337.47,70697,23740.08,92477,31051.14,41592,13810.36,46249,15501.7,-18170,-6259.38
603729.SH,20231228,16118,5896.09,6322,2312.59,14545,5320.73,7743,2832.39,8482,3102.72,7386,2701.89,7284,2664.56,24979,9137.23,46292,16933.61
603729.SH,20231227,38095,16152.7,15992,6919.14,33881,14394.19,24208,10426.45,17126,7259.43,20400,8755.14,5978,2531.31,34481,14236.91,15598,6034.39
603729.SH,20231226,72044,32044.29,70418,31372.03,87281,38825.05,86114,38359.59,69280,30866.14,69919,31086.85,48100,21539.15,50254,22456.15,-41517,-18456.11
603729.SH,20231225,72180,28724.82,85327,33943.16,75810,30125.78,82914,33031.32,64336,25530.79,54695,21781.94,43702,17512.53,33093,13137.5,23669,9728.22
603729.SH,20231222,88661,33835.31,78327,29955.46,70220,26847.69,70758,27056.23,48148,18414.9,49778,19009.72,30475,11504.26,38640,14580.74,1845,468.38
603729.SH,20231221,105057,41643.46,107339,42576.19,95544,37839.09,105145,41709.52,62546,24758.06,67885,26973.68,44428,17879.19,27206,10860.4,21576,8849.25
603729.SH,20231220,105685,39898.59,104816,39580.26,92003,34727.18,98206,37076.13,57822,21819.43,49300,18614.87,12581,4725.62,15769,5899.56,-1546,-493.74
603729.SH,20231219,122056,44777.0,118651,43536.9,106250,39053.99,109769,40277.44,62306,22945.63,61409,22528.19,27306,10059.9,28090,10493.99,-8287,-2909.65
603729.SH,20231218,128045,45221.36,119244,42108.6,111259,39269.98,107336,37885.18,62004,21865.75,69630,24513.47,15272,5364.34,20370,7214.18,12958,4777.89
603729.SH,20231215,138755,46283.53,120820,40326.77,121727,40686.98,120054,40146.25,70247,23537.47,81658,27348.57,24093,8092.81,32291,10779.21,-7375,-2373.93
603729.SH,20231214,82093,26395.77,74648,24011.52,74579,23944.49,85843,27604.06,59214,19000.81,68378,21950.62,53010,17173.42,40027,12948.28,-9852,-3076.33
603729.SH,20231213,57981,16983.38,55732,16384.54,62504,18336.44,72754,21401.4,62905,18427.89,67745,19867.19,76671,22655.0,63830,18749.57,-30225,-8911.0
603729.SH,20231212,174,47.21,3487,945.97,447,121.16,3862,1047.71,1830,496.48,3980,1079.77,10852,2944.15,1974,535.55,-13303,-3609.0
603729.SH,20231211,12039,2878.4,32665,7895.51,20356,4852.53,39806,9637.16,23648,5716.88,27311,6630.29,63033,15401.11,19295,4685.95,-38741,-9502.57
603729.SH,20231208,108416,24627.78,117010,26661.95,95628,21704.46,94190,21421.45,50712,11638.54,49665,11288.16,16456,3758.85,10347,2358.06,-2656,-432.89
603729.SH,20231207,92901,20565.64,107201,23773.79,84727,18803.18,78840,17486.33,40884,9107.5,35370,7846.35,6888,1525.13,3989,894.98,9043,2036.04
603729.SH,20231206,79957,17133.44,84864,18204.46,62538,13417.17,64715,13902.32,26894,5778.88,24864,5321.08,5726,1241.16,672,142.79,10033,2186.55
603729.SH,20231205,61048,12786.35,63021,13207.06,41119,8626.76,40130,8421.32,15683,3293.72,16055,3364.98,1867,392.68,511,106.14,-6741,-1397.85
603729.SH,20231204,54719,11370.66,51293,10660.04,33300,6913.75,33704,6994.84,11218,2331.76,14150,2941.15,1565,326.05,1656,346.2,6308,1318.81
603729.SH,20231201,60057,11989.26,56833,11344.84,33848,6754.05,37732,7528.27,10077,2007.53,10149,2023.4,2079,416.84,1347,271.15,14181,2832.2
603729.SH,20231130,38341,7371.71,28264,5437.72,17737,3411.68,24451,4704.63,7465,1434.69,10505,2013.71,0,0.0,323,62.02,3316,636.38
603729.SH,20231129,39940,7758.81,31557,6130.72,15463,3005.79,20992,4079.48,4260,828.27,7081,1376.25,1144,222.85,1177,229.28,2287,456.55
603729.SH,20231128,51654,10061.63,41692,8122.78,19504,3798.3,28936,5637.34,3903,761.6,5001,972.71,569,111.3,0,0.0,5284,1034.88
603729.SH,20231127,86115,16679.41,55288,10719.62,44159,8562.22,55695,10796.72,9595,1861.92,24988,4832.57,1630,314.71,5529,1069.34,19097,3697.58
603729.SH,20231124,77854,15949.22,70673,14503.12,61313,12553.06,64963,13307.61,25150,5173.69,29216,5966.05,4420,888.91,3885,788.1,-9013,-1819.03
603729.SH,20231123,112156,24580.45,95707,21008.07,88258,19374.21,87170,19146.31,31316,6870.76,38406,8413.05,3085,683.69,13531,2941.7,-40111,-8757.52
603729.SH,20231122,127800,29086.82,113488,25817.62,118396,26918.58,120680,27443.17,45757,10401.99,56103,12771.19,3211,738.36,4893,1113.79,-8028,-1705.77
603729.SH,20231121,115477,25469.16,121372,26816.36,106413,23432.04,111392,24618.2,45645,10122.15,42446,9417.33,28142,6488.1,20467,4659.56,-28149,-6574.8
603729.SH,20231120,68191,14439.85,65926,13971.09,62770,13290.0,63521,13451.45,25326,5372.45,29488,6245.44,5168,1100.51,2520,534.83,-17271,-3649.92
603729.SH,20231117,93732,19672.41,92193,19359.29,87951,18462.2,83153,17446.39,39190,8200.64,39276,8228.53,3245,675.22,9497,1976.27,-90,13.93
603729.SH,20231116,97410,19973.66,100471,20617.6,92503,18978.78,93624,19201.54,41997,8620.89,38987,7986.32,5720,1166.14,4549,934.01,17296,3538.54
603729.SH,20231115,71245,14336.08,56777,11429.02,50998,10265.37,53506,10779.56,19649,3953.65,28410,5712.63,3409,689.13,6609,1323.02,-7066,-1413.92
603729.SH,20231114,71093,14428.28,61981,12578.8,58549,11882.89,63122,12813.25,22690,4608.84,31637,6423.14,6974,1417.05,2567,521.87,-2850,-570.05
603729.SH,20231113,111404,23209.23,97142,20224.01,89751,18675.39,89645,18674.15,45938,9557.23,57948,12048.85,10513,2183.32,12870,2678.16,-43678,-9051.39
603729.SH,20231110,121764,27466.79,122502,27682.35,105953,23913.78,106308,23964.87,64653,14527.35,60377,13551.27,25855,5772.44,29038,6481.88,80422,17669.65
603729.SH,20231109,160616,45513.91,133067,37947.2,126796,36201.49,132266,37705.34,68827,19777.77,94583,26945.18,46278,13425.67,42601,12321.13,-37281,-10259.49
603729.SH,20231108,97244,25878.85,78688,20938.79,91522,24390.51,92059,24500.79,63717,17085.39,72528,19432.49,53138,14475.47,62347,16958.16,-85300,-23410.47
603729.SH,20231107,18462,4599.42,21572,5375.35,19540,4867.79,25199,6279.73,15944,3974.28,14285,3559.12,15920,3968.73,8810,2196.02,-24394,-6084.05
603729.SH,20231106,75820,16035.78,68836,14612.09,67299,14257.41,67893,14520.32,34476,7392.81,40608,8670.96,26721,5992.41,26980,5875.04,-45101,-9691.52
603729.SH,20231103,39642,7867.44,32157,6409.14,36938,7334.66,41256,8224.01,23363,4680.9,30479,6088.45,31261,6330.63,27312,5492.03,-29312,-6053.63
603729.SH,20231102,48010,8543.89,49469,8857.46,46039,8239.23,47986,8645.11,30975,5609.58,36379,6558.42,26491,4935.78,17680,3267.49,-14385,-2786.28
603729.SH,20231101,38178,6530.92,32715,5601.16,18804,3217.15,23972,4100.01,6566,1123.24,6862,1170.14,0,0.0,0,0.0,2163,370.82
603729.SH,20231031,48635,8340.66,39328,6762.38,27277,4691.56,30995,5336.82,9675,1678.62,15373,2630.17,729,123.93,620,105.4,-5416,-913.93
603729.SH,20231030,34992,5872.59,31178,5235.86,22537,3787.01,25582,4293.57,3976,669.31,4745,799.49,0,0.0,0,0.0,2483,427.73
603729.SH,20231027,41115,6825.79,38741,6433.57,30190,5014.46,28696,4765.01,8784,1458.03,11690,1939.46,0,0.0,962,160.24,2329,397.38
603729.SH,20231026,42989,7094.76,46447,7667.03,35060,5806.35,33057,5476.93,9245,1536.81,7528,1251.02,437,74.24,700,117.18,517,116.23
603729.SH,20231025,36393,5853.84,38718,6233.63,25910,4173.83,22803,3672.61,4994,805.81,5776,927.23,0,0.0,0,0.0,-667,-107.22
603729.SH,20231024,40012,6364.88,44198,7034.31,28398,4531.5,22902,3658.39,7842,1246.73,9151,1450.42,883,139.69,883,139.69,122,49.44
603729.SH,20231023,33335,5238.08,40954,6432.07,21945,3456.03,15156,2388.64,7045,1108.55,5963,941.35,548,88.28,800,128.88,-2008,-302.22
603729.SH,20231020,24899,3834.04,27325,4213.54,15231,2357.31,16791,2596.31,6774,1049.09,3686,571.26,898,140.67,0,0.0,7418,1152.7
603729.SH,20231019,17809,2710.29,15841,2411.86,7572,1153.79,8741,1330.41,1488,226.19,2287,347.99,0,0.0,0,0.0,4866,743.44
603729.SH,20231018,7275,1075.87,6736,996.19,1613,238.37,3046,450.35,1465,216.81,905,133.72,333,49.22,0,0.0,-2391,-353.02
603729.SH,20231017,6235,933.84,7718,1156.08,3873,580.43,2294,343.8,970,145.32,1066,159.71,0,0.0,0,0.0,-1527,-228.5
603729.SH,20231016,12045,1798.34,11715,1748.44,3510,523.65,3807,568.92,527,78.72,560,83.33,0,0.0,0,0.0,225,35.72
603729.SH,20231013,14775,2203.45,16547,2467.08,5403,806.04,4649,693.74,2324,346.47,1306,195.15,0,0.0,0,0.0,-2533,-375.55
603729.SH,20231012,18515,2842.26,22139,3395.36,7726,1184.63,7107,1091.47,3726,571.88,2293,351.34,1573,239.4,0,0.0,-6490,-997.9
603729.SH,20231011,10201,1609.62,8961,1412.69,3493,550.34,4110,648.94,768,121.6,1670,263.43,279,43.5,0,0.0,-229,-35.38
603729.SH,20231010,9419,1480.78,8788,1381.37,3091,485.95,2846,447.58,639,100.52,1515,238.29,0,0.0,0,0.0,841,132.54
603729.SH,20231009,11201,1749.84,12270,1916.27,3745,585.2,3187,498.51,1912,299.11,587,91.81,0,0.0,813,127.56,-1663,-258.42
603729.SH,20230928,10389,1631.39,8568,1345.35,3642,571.83,4789,751.69,299,46.82,329,51.63,0,0.0,644,101.37,2786,438.84
603729.SH,20230927,8885,1376.7,8507,1318.23,3136,485.94,3789,587.33,943,146.33,668,103.4,0,0.0,0,0.0,-253,-38.89
603729.SH,20230926,8451,1306.68,7257,1122.24,2152,332.35,3036,469.36,730,111.81,1040,159.25,0,0.0,0,0.0,-729,-110.91
603729.SH,20230925,9284,1434.69,10097,1560.71,4196,647.78,2076,320.77,686,106.16,1993,307.15,0,0.0,0,0.0,-4,-0.65
603729.SH,20230922,14130,2190.54,10468,1620.72,3004,466.15,5560,863.59,659,101.55,1765,273.93,0,0.0,0,0.0,1163,180.73
603729.SH,20230921,8039,1227.72,8027,1225.79,1872,286.3,1406,214.72,1120,170.86,856,130.55,0,0.0,742,113.82,-1811,-276.11
603729.SH,20230920,8523,1306.49,8649,1325.94,2317,354.75,1839,281.71,173,26.69,525,80.28,0,0.0,0,0.0,3,1.04
603729.SH,20230919,10516,1629.84,10289,1593.96,3108,482.12,3210,498.46,339,52.5,1198,185.6,734,113.55,0,0.0,-3027,-469.65
603729.SH,20230918,13282,2078.12,10995,1719.21,4043,631.76,5385,841.9,1227,192.35,2999,469.14,827,128.02,0,0.0,1287,203.69
603729.SH,20230915,13212,2043.92,11827,1829.59,4441,686.86,6008,929.6,1395,215.83,1213,187.42,0,0.0,0,0.0,1938,300.66
603729.SH,20230914,7254,1106.08,7609,1159.71,2305,350.83,2488,379.35,679,103.76,141,21.61,0,0.0,0,0.0,-1642,-249.1
603729.SH,20230913,9052,1384.47,9342,1429.43,3223,492.86,2452,374.82,417,63.81,898,136.89,0,0.0,0,0.0,-204,-30.71
603729.SH,20230912,11969,1846.66,12526,1932.14,3974,611.9,4203,648.53,1515,233.34,1646,253.88,2313,356.9,1396,214.25,-4143,-637.14
603729.SH,20230911,13125,2042.31,13917,2165.23,5151,801.65,3488,543.08,1194,185.72,2065,321.36,0,0.0,0,0.0,-338,-52.0
603729.SH,20230908,19711,3074.59,21145,3298.56,10503,1636.41,7861,1224.96,1714,266.69,2019,314.55,0,0.0,903,139.6,-4694,-729.96
603729.SH,20230907,18058,2900.66,17408,2795.84,6783,1091.27,7230,1163.5,1077,172.21,2124,342.81,844,138.01,0,0.0,-1901,-306.57
603729.SH,20230906,14263,2271.06,14021,2233.23,6823,1086.88,5938,945.75,1734,276.09,2061,327.94,0,0.0,800,127.12,-1204,-191.04
603729.SH,20230905,28894,4666.57,36153,5840.55,18107,2929.3,10769,1745.98,1915,311.18,1994,320.51,0,0.0,0,0.0,-11874,-1926.91
603729.SH,20230904,25394,4238.21,25843,4318.39,13111,2192.22,12148,2027.6,2484,416.82,2998,501.26,0,0.0,0,0.0,-147,-29.68
603729.SH,20230901,11649,1902.67,12337,2014.81,6522,1064.11,5574,909.82,700,114.56,960,156.71,0,0.0,0,0.0,405,67.94
603729.SH,20230831,15276,2490.25,13574,2213.05,5718,932.14,7088,1155.7,866,141.31,1198,194.95,0,0.0,0,0.0,453,74.34
603729.SH,20230830,15204,2472.15,12319,2002.81,5809,944.64,7194,1170.19,807,130.69,2307,374.47,0,0.0,0,0.0,1554,254.08
603729.SH,20230829,23786,3814.64,18353,2941.3,7408,1186.23,11622,1860.36,1567,246.19,2785,445.4,0,0.0,0,0.0,8415,1354.42
603729.SH,20230828,17430,2728.2,19128,2992.87,7899,1241.53,6770,1066.12,2508,395.98,1939,306.71,0,0.0,0,0.0,-4059,-631.18
603729.SH,20230825,19080,2978.5,17970,2807.53,7764,1212.27,8627,1344.31,2474,385.84,1738,272.11,0,0.0,983,152.66,-2360,-367.46
603729.SH,20230824,15686,2504.09,16745,2673.29,7498,1198.4,6659,1065.32,1741,279.0,1521,242.88,0,0.0,0,0.0,1001,162.13
603729.SH,20230823,13620,2165.99,13942,2218.01,3860,612.73,3994,634.38,1130,179.67,674,106.0,0,0.0,0,0.0,-142,-22.13
603729.SH,20230822,17223,2730.03,16784,2662.54,7912,1252.99,5462,866.02,1742,274.37,3795,597.19,0,0.0,836,131.64,-1707,-267.78
603729.SH,20230821,25069,4016.48,26347,4221.65,8345,1336.06,7078,1133.33,937,150.21,926,147.76,0,0.0,0,0.0,212,35.86
603729.SH,20230818,22935,3692.55,25908,4175.39,11845,1912.98,9824,1583.76,3293,531.02,2359,380.32,18,2.93,0,0.0,-564,-88.71
603729.SH,20230817,10980,1677.41,9587,1464.12,3468,528.98,4248,649.55,1430,219.07,2043,311.79,0,0.0,0,0.0,2294,354.21
603729.SH,20230816,9947,1517.19,10018,1527.89,3150,480.23,2900,442.16,1255,191.38,1434,218.75,0,0.0,0,0.0,-648,-97.69
603729.SH,20230815,12395,1880.22,13041,1978.31,2619,397.54,2146,325.63,575,87.17,402,61.0,0,0.0,0,0.0,755,114.76
603729.SH,20230814,15107,2299.3,14618,2225.48,3197,487.59,3157,481.05,413,62.71,942,143.06,0,0.0,0,0.0,2604,397.26
603729.SH,20230811,13419,2070.77,13695,2112.91,4333,667.74,3681,567.26,365,56.4,741,114.72,0,0.0,0,0.0,-177,-26.06
603729.SH,20230810,12536,1930.11,12062,1856.37,2711,416.79,2351,361.93,144,22.09,978,150.68,0,0.0,0,0.0,2183,336.31
603729.SH,20230809,12157,1893.23,12567,1957.57,4007,623.33,4258,661.59,1526,237.56,865,134.95,0,0.0,0,0.0,-2996,-468.35
603729.SH,20230808,12789,2042.12,12355,1972.99,4566,728.77,4488,716.61,624,99.71,1136,181.0,0,0.0,0,0.0,610,98.04
603729.SH,20230807,12272,1935.12,12663,1997.12,4081,643.92,3031,478.06,285,44.92,944,148.79,0,0.0,0,0.0,-1892,-297.89
603729.SH,20230804,11901,1896.39,11119,1770.65,4135,656.86,4166,662.67,1119,178.05,1870,297.98,0,0.0,0,0.0,-1081,-168.99
603729.SH,20230803,12036,1933.6,12100,1945.56,4694,753.08,4876,780.9,693,111.3,447,71.52,0,0.0,0,0.0,-3416,-548.76
603729.SH,20230802,10159,1651.02,11741,1908.39,5083,826.02,4643,754.56,1612,262.15,470,76.24,0,0.0,0,0.0,-3100,-501.93
603729.SH,20230801,17181,2811.14,17021,2784.84,8368,1367.01,6009,982.2,1755,286.13,4274,697.25,0,0.0,0,0.0,-297,-48.6
603729.SH,20230731,30841,5061.11,29869,4906.94,13575,2228.81,14366,2361.93,5275,870.6,5455,891.65,0,0.0,0,0.0,3640,581.75
603729.SH,20230728,29477,4647.87,26104,4115.88,5332,840.75,8652,1364.11,1848,291.46,1901,300.08,0,0.0,0,0.0,-3333,-523.71
603729.SH,20230727,10856,1702.34,12406,1944.82,3497,547.33,3055,478.64,1375,215.54,267,41.75,0,0.0,0,0.0,-3516,-549.62
603729.SH,20230726,11048,1747.46,8847,1400.71,4246,670.46,4430,700.03,1195,188.73,3211,505.91,0,0.0,0,0.0,-711,-112.59
603729.SH,20230725,10508,1680.11,10294,1645.5,3494,559.08,3330,533.06,890,142.3,1268,202.93,0,0.0,0,0.0,916,147.8
603729.SH,20230724,8968,1414.28,7623,1202.42,1702,268.39,2718,428.63,157,24.74,486,76.36,0,0.0,0,0.0,305,48.65
603729.SH,20230721,9890,1568.11,9592,1521.3,3365,532.88,3236,512.35,341,53.69,768,121.02,0,0.0,0,0.0,-1676,-265.08
603729.SH,20230720,9518,1530.3,9616,1546.9,4345,699.05,4964,798.29,1499,241.19,782,125.36,0,0.0,0,0.0,-922,-148.82
603729.SH,20230719,10054,1606.41,9189,1468.54,3634,581.15,4234,677.04,1249,199.61,1514,241.6,0,0.0,0,0.0,-73,-10.58
603729.SH,20230718,10418,1652.45,11449,1815.75,4599,729.0,3680,583.64,1080,171.5,968,153.56,0,0.0,0,0.0,-1541,-244.15
603729.SH,20230717,20545,3298.58,19924,3198.34,8838,1419.06,9031,1451.02,1201,192.82,685,109.67,0,0.0,944,151.42,2476,400.04
603729.SH,20230714,13275,2091.33,10891,1715.86,5188,817.9,5839,920.68,526,83.43,2259,356.12,0,0.0,0,0.0,3117,490.14
603729.SH,20230713,10191,1559.56,8987,1375.5,3035,464.12,4064,622.25,1708,260.94,1883,286.87,0,0.0,0,0.0,2794,427.19
603729.SH,20230712,7159,1096.21,7363,1127.19,3158,482.93,2810,429.87,2012,308.82,2156,330.9,0,0.0,0,0.0,-1553,-237.69
603729.SH,20230711,7144,1106.74,6364,985.73,1767,273.39,2259,349.9,0,0.0,288,44.5,0,0.0,0,0.0,1217,189.07
603729.SH,20230710,8119,1256.68,8685,1344.49,4382,678.66,3934,609.03,514,79.7,396,61.52,0,0.0,0,0.0,-387,-58.45
603729.SH,20230707,9678,1482.82,8729,1336.92,3474,530.74,3934,602.56,1191,182.24,1680,256.32,0,0.0,0,0.0,1096,167.77
603729.SH,20230706,8351,1279.21,7954,1218.45,1947,298.4,2005,307.11,1006,153.6,645,98.85,0,0.0,700,106.82,1668,255.71
603729.SH,20230705,14251,2195.63,11559,1779.91,4410,678.73,5306,817.38,32,4.9,1828,281.96,0,0.0,0,0.0,2399,369.92
603729.SH,20230704,19800,3042.03,19576,3006.99,12038,1856.11,11558,1785.35,2769,426.62,4725,728.13,1954,306.06,702,110.35,2115,325.76
603729.SH,20230703,11122,1657.18,11017,1639.73,4096,608.99,3457,515.4,385,57.45,1129,168.49,0,0.0,0,0.0,-149,-19.2
603729.SH,20230630,12598,1853.08,11983,1762.29,5501,808.09,5774,847.84,804,117.85,1146,168.89,0,0.0,0,0.0,2315,342.31
603729.SH,20230629,10157,1461.56,9369,1348.03,3609,519.48,3436,494.46,566,81.14,1527,219.69,0,0.0,0,0.0,2002,288.65
603729.SH,20230628,13495,1908.64,15383,2175.89,7205,1016.99,5525,780.85,1851,263.42,1643,232.31,0,0.0,0,0.0,-5083,-720.13
603729.SH,20230627,10320,1483.35,14825,2129.24,6055,870.0,3926,564.76,3272,470.35,896,129.69,0,0.0,0,0.0,-2091,-297.88
603729.SH,20230626,11062,1590.94,13369,1922.55,5255,754.88,4582,658.06,2456,352.41,1704,245.06,882,127.45,0,0.0,-4932,-708.74
603729.SH,20230621,10940,1613.35,12372,1825.22,6686,985.92,5090,750.62,1249,185.42,1413,208.86,0,0.0,0,0.0,-4387,-648.07
603729.SH,20230620,9445,1429.33,10777,1631.26,3521,532.48,2915,441.11,1972,298.38,1432,215.88,186,28.05,0,0.0,-4176,-630.57
603729.SH,20230619,8753,1337.98,8540,1305.54,3141,479.97,3452,527.8,251,38.72,153,23.33,0,0.0,0,0.0,-2559,-391.15
603729.SH,20230616,11739,1823.33,9670,1502.11,5645,875.33,6522,1012.26,1125,174.18,1575,243.46,0,0.0,742,115.01,-1011,-153.58
603729.SH,20230615,13126,2062.88,13737,2159.4,5674,892.99,4741,746.33,863,135.77,1185,185.91,0,0.0,0,0.0,-1860,-291.84
603729.SH,20230614,11222,1766.59,9803,1543.52,4655,734.16,4677,736.27,670,105.41,2067,326.37,0,0.0,0,0.0,-1687,-264.35
603729.SH,20230613,13684,2167.91,14855,2354.17,7615,1207.93,7473,1184.61,2337,370.46,1307,207.53,0,0.0,0,0.0,471,77.49
603729.SH,20230612,14370,2229.8,16233,2522.85,5240,815.66,5681,884.17,1552,242.82,1700,266.38,2453,385.12,0,0.0,-3488,-545.45
603729.SH,20230609,13694,2112.53,11362,1753.35,3551,548.02,4388,676.55,542,83.45,2037,314.1,0,0.0,0,0.0,1521,236.34
603729.SH,20230608,15783,2443.57,13516,2093.59,4870,753.39,5892,911.77,852,132.23,2097,323.83,0,0.0,0,0.0,45,6.83
603729.SH,20230607,16915,2647.22,14749,2306.61,5409,847.75,7762,1217.32,864,135.49,677,106.52,0,0.0,0,0.0,4860,765.14
603729.SH,20230606,21373,3339.31,17117,2676.46,6733,1052.22,9382,1466.43,335,51.57,1892,292.26,0,0.0,50,7.96,-1133,-173.45
603729.SH,20230605,26214,4056.29,21258,3290.04,12770,1978.77,16334,2529.15,1712,264.43,3104,480.31,0,0.0,0,0.0,8670,1335.57
603729.SH,20230602,15532,2320.39,12353,1845.35,5289,789.29,8565,1279.51,492,73.8,395,58.62,0,0.0,0,0.0,61,10.5
603729.SH,20230601,21625,3221.68,20101,2992.72,10531,1566.91,11358,1691.91,1737,258.91,2435,362.88,0,0.0,0,0.0,-2128,-312.11
603729.SH,20230531,12645,1841.61,11976,1744.19,5998,874.78,6461,942.03,2053,300.22,2259,330.4,0,0.0,0,0.0,3480,509.42
603729.SH,20230530,7877,1124.22,6982,996.6,3798,541.01,3837,547.93,2008,286.54,2106,299.75,0,0.0,758,107.48,1217,173.12
603729.SH,20230529,11986,1712.11,12265,1751.35,4903,700.94,5381,770.24,1470,210.27,713,101.73,0,0.0,0,0.0,1843,267.05
603729.SH,20230526,7421,1059.97,7701,1101.03,3742,534.58,2773,396.32,1092,156.74,1781,253.94,0,0.0,0,0.0,-1061,-151.5
603729.SH,20230525,10155,1448.16,10861,1548.28,5371,764.86,4537,646.89,2150,305.77,2278,323.62,0,0.0,0,0.0,-1232,-174.0
603729.SH,20230524,11030,1572.68,10390,1481.09,3023,431.22,3090,441.49,504,71.96,1077,153.28,0,0.0,0,0.0,55,9.48
603729.SH,20230523,9793,1395.44,11986,1707.48,6740,959.27,4798,682.96,1112,158.41,861,122.68,0,0.0,0,0.0,-2679,-380.44
603729.SH,20230522,13149,1903.72,13992,2025.95,6258,906.04,5770,834.91,1464,211.65,1109,160.55,0,0.0,0,0.0,-5172,-747.59
603729.SH,20230519,21758,3199.77,21227,3121.87,6300,926.72,7994,1174.76,2744,404.15,1581,234.02,0,0.0,0,0.0,-226,-30.21
603729.SH,20230518,20504,3026.46,17748,2620.79,6375,940.85,8919,1315.96,1114,164.98,1326,195.54,0,0.0,0,0.0,2353,348.98
603729.SH,20230517,25057,3659.88,26138,3820.04,16120,2357.19,15946,2331.33,3675,537.32,2770,403.31,2,0.29,0,0.0,2292,338.21
603729.SH,20230516,30383,4468.66,34625,5092.48,18685,2750.15,16642,2451.59,7934,1163.48,5305,776.8,127,18.73,557,80.15,-11556,-1688.53
603729.SH,20230515,51455,7664.01,47295,7046.41,30240,4504.36,26825,4003.51,14014,2088.21,9466,1412.31,2163,325.35,14285,2119.7,1273,185.07
603729.SH,20230512,65048,10182.15,63599,9968.94,34211,5342.4,30472,4768.71,6447,1013.43,9385,1464.06,3983,627.4,6233,963.67,-7367,-1146.48
603729.SH,20230511,64973,10650.05,68632,11229.39,50408,8301.96,47844,7887.32,21333,3514.39,26993,4495.5,23922,4071.47,17166,2925.65,-15101,-2422.45
603729.SH,20230510,10819,1620.91,14215,2156.65,8055,1219.31,11299,1730.51,2639,397.28,8466,1313.43,14742,2321.55,2276,358.47,-7237,-1179.89
603729.SH,20230509,14574,2120.17,11210,1634.67,5430,787.7,6514,945.26,1207,176.68,3487,504.62,0,0.0,0,0.0,-817,-122.04
603729.SH,20230508,17557,2597.69,15539,2296.92,6769,1002.48,9459,1401.54,5103,755.0,4431,656.71,0,0.0,0,0.0,-307,-42.63
603729.SH,20230505,15784,2296.69,13036,1897.78,6815,990.98,4234,616.49,3310,480.57,8639,1253.96,0,0.0,0,0.0,-1175,-170.42
603729.SH,20230504,18534,2710.32,14408,2106.28,4160,608.3,7425,1085.29,1924,281.68,2393,350.77,0,0.0,392,57.98,7326,1074.51
603729.SH,20230428,17746,2495.94,14714,2068.38,5364,751.06,8024,1127.42,1162,163.05,1534,214.25,0,0.0,0,0.0,4522,633.42
603729.SH,20230427,9580,1295.88,10739,1451.22,2631,354.8,1982,268.56,710,96.4,200,27.3,0,0.0,0,0.0,-541,-72.75
603729.SH,20230426,9814,1319.67,10363,1393.49,3241,435.26,2947,394.93,917,122.58,662,89.09,0,0.0,0,0.0,-2108,-279.67
603729.SH,20230425,12923,1773.61,12485,1715.67,3304,453.59,3368,460.65,1163,160.91,1537,211.79,0,0.0,0,0.0,-262,-34.08
603729.SH,20230424,12642,1761.38,13572,1886.42,3864,535.5,3727,517.34,1112,151.66,319,44.79,0,0.0,0,0.0,-886,-117.01
603729.SH,20230421,9394,1307.64,11814,1644.04,5422,752.65,4508,624.3,3003,416.47,1497,208.41,0,0.0,0,0.0,-3575,-500.18
603729.SH,20230420,11247,1615.67,12184,1749.69,5526,795.49,6088,876.9,2283,330.62,1600,231.57,815,116.38,0,0.0,-195,-23.77
603729.SH,20230419,10426,1474.18,12688,1793.83,7219,1022.05,4781,677.42,1289,182.19,1527,215.97,62,8.81,0,0.0,-444,-60.96
603729.SH,20230418,10910,1536.81,13476,1897.93,6074,854.69,4244,597.51,1280,180.58,544,76.64,0,0.0,0,0.0,-2996,-419.62
603729.SH,20230417,12804,1856.27,12425,1800.3,3654,528.73,4054,587.38,1243,179.96,1222,177.29,0,0.0,0,0.0,-2134,-308.74
603729.SH,20230414,11997,1787.63,10301,1534.41,3092,460.69,3965,590.74,295,43.6,1118,166.76,0,0.0,0,0.0,786,118.11
603729.SH,20230413,19055,2882.24,13088,1979.73,6906,1044.0,9413,1423.37,3189,480.42,5717,863.59,0,0.0,933,139.97,5471,828.91
603729.SH,20230412,13821,2034.32,9625,1417.09,6518,959.46,8832,1298.65,655,96.81,2537,374.86,0,0.0,0,0.0,5031,740.87
603729.SH,20230411,9116,1286.34,9419,1330.83,4001,567.06,3880,548.29,882,125.29,700,99.57,0,0.0,0,0.0,112,16.23
603729.SH,20230410,14349,2030.38,12622,1782.78,6124,867.79,7509,1065.15,1170,166.19,793,113.48,0,0.0,720,102.96,-50,-5.12
603729.SH,20230407,7457,1046.42,7674,1075.83,2708,378.97,2110,296.04,181,25.14,562,78.66,0,0.0,0,0.0,-644,-88.32
603729.SH,20230406,6796,950.7,7621,1065.03,4459,622.83,4825,674.14,3099,432.21,1908,266.57,0,0.0,0,0.0,-4222,-588.43
603729.SH,20230404,7449,1073.51,8578,1237.31,4066,585.63,3253,467.58,1365,196.25,1049,150.5,0,0.0,0,0.0,-736,-105.9
603729.SH,20230403,7562,1108.86,7987,1171.39,3822,560.15,2922,427.71,579,84.24,1053,154.16,0,0.0,0,0.0,-1099,-159.86
603729.SH,20230331,8388,1224.9,8736,1276.41,3474,509.69,4089,599.52,1761,259.06,965,142.43,167,24.72,0,0.0,1059,155.11
603729.SH,20230330,12286,1781.29,11638,1686.6,3228,467.1,4950,717.39,1538,222.81,1449,209.45,985,142.23,0,0.0,2023,295.09
603729.SH,20230329,9958,1456.28,8079,1181.75,3447,502.27,4267,622.66,886,129.03,1945,283.16,0,0.0,0,0.0,-2805,-407.34
603729.SH,20230328,8363,1240.23,6482,961.57,2198,325.03,3500,518.33,337,49.65,916,135.0,0,0.0,0,0.0,-670,-98.06
603729.SH,20230327,9395,1400.63,8880,1324.2,3050,455.11,3411,508.02,1067,158.89,1041,155.41,0,0.0,180,27.0,-18,-2.35
603729.SH,20230324,7718,1166.51,7417,1120.74,3274,494.47,4452,672.52,1158,174.55,281,42.27,0,0.0,0,0.0,-1058,-158.55
603729.SH,20230323,10732,1620.75,8433,1273.09,3709,559.75,4701,709.86,1425,214.06,2413,363.76,0,0.0,319,47.85,-1092,-162.74
603729.SH,20230322,12732,1945.32,11443,1748.57,7533,1151.6,8536,1305.24,2486,381.96,2654,406.94,777,119.27,895,137.4,1541,234.81
603729.SH,20230321,10382,1539.73,7939,1176.77,4413,656.01,5963,885.69,1523,226.19,2416,359.47,0,0.0,0,0.0,3165,470.01
603729.SH,20230320,8054,1182.55,8309,1218.75,3555,521.35,3270,480.03,700,102.52,730,107.64,0,0.0,0,0.0,-2749,-401.07
603729.SH,20230317,7607,1115.73,8143,1193.8,3759,551.38,2734,401.52,521,76.57,1010,148.35,0,0.0,0,0.0,-1441,-210.27
603729.SH,20230316,11135,1624.1,9767,1424.6,2673,390.28,4044,590.71,2089,304.76,984,143.45,0,0.0,1102,160.38,1073,158.99
603729.SH,20230315,6556,952.49,5613,816.14,3018,438.48,3314,481.94,1960,284.52,2471,357.72,0,0.0,136,19.69,836,121.57
603729.SH,20230314,9106,1313.14,7817,1127.7,3487,503.62,4914,708.49,1565,224.77,1427,205.35,0,0.0,0,0.0,-2663,-381.21
603729.SH,20230313,9211,1339.88,8526,1240.24,3751,545.47,4131,600.89,587,85.32,967,140.37,75,10.82,0,0.0,-90,-13.07
603729.SH,20230310,11927,1766.86,9322,1383.92,5849,864.79,5686,840.87,2158,319.88,4636,684.08,0,0.0,290,42.66,-2186,-325.3
603729.SH,20230309,17291,2592.15,15464,2318.38,6264,939.22,7903,1185.58,1645,247.5,1833,274.91,0,0.0,0,0.0,-2949,-439.06
603729.SH,20230308,22525,3329.17,18311,2713.09,16306,2402.48,16032,2368.18,5484,812.12,10695,1575.84,3374,500.98,2651,387.64,12927,1900.79
603729.SH,20230307,9610,1386.02,8273,1193.3,3400,490.15,3864,557.38,600,86.28,1473,211.77,0,0.0,0,0.0,-1751,-250.36
603729.SH,20230306,6523,942.65,5559,803.51,2764,399.53,2987,431.72,360,51.9,190,27.38,0,0.0,911,131.46,1574,228.45
603729.SH,20230303,4545,652.26,4141,594.45,2217,318.31,2318,332.74,106,15.34,409,58.73,0,0.0,0,0.0,912,131.34
603729.SH,20230302,5365,772.72,4041,582.13,1896,273.33,2127,306.09,736,106.43,323,46.38,0,0.0,1506,217.88,440,64.2
603729.SH,20230301,6771,972.09,5468,784.24,2061,295.29,3496,501.91,758,108.96,626,90.18,0,0.0,0,0.0,782,112.09
603729.SH,20230228,6639,933.84,6056,850.81,4642,652.56,4967,698.45,1036,145.44,1294,182.58,0,0.0,0,0.0,-511,-70.21
603729.SH,20230227,6214,863.77,8921,1240.66,5543,771.39,2857,397.41,796,110.45,852,118.27,3650,511.31,3573,500.58,28,8.18
603729.SH,20230224,4997,698.56,5471,764.8,2118,295.99,1314,183.78,0,0.0,330,45.97,0,0.0,0,0.0,80,11.61
603729.SH,20230223,5712,799.43,5652,791.28,2271,318.01,2223,311.11,229,32.18,337,47.23,0,0.0,0,0.0,98,14.0
603729.SH,20230222,3828,532.17,4482,622.89,1447,201.02,793,110.31,0,0.0,0,0.0,0,0.0,0,0.0,-953,-132.38
603729.SH,20230221,4337,608.69,4466,626.54,1637,229.41,1708,239.54,200,27.98,0,0.0,0,0.0,0,0.0,-1046,-146.47
603729.SH,20230220,5963,840.78,5131,723.12,2475,348.52,2629,370.92,176,24.9,143,20.05,0,0.0,711,100.11,963,136.54
603729.SH,20230217,6906,978.82,6592,934.71,3356,475.99,3938,558.91,675,96.34,407,57.52,0,0.0,0,0.0,-1155,-161.96
603729.SH,20230216,9357,1337.17,7616,1088.34,3172,452.32,4183,595.99,1509,215.8,1023,144.89,0,0.0,1216,176.08,598,89.91
603729.SH,20230215,6672,966.14,5356,774.68,4159,602.65,4778,692.87,3126,453.73,1304,189.33,1077,156.37,3595,522.0,3027,440.59
603729.SH,20230214,4162,601.58,4631,669.25,2027,292.7,2071,299.23,953,137.81,440,63.6,0,0.0,0,0.0,-735,-105.97
603729.SH,20230213,9615,1393.46,9596,1390.55,3280,475.1,2047,297.07,1556,224.96,2808,405.9,0,0.0,0,0.0,3003,435.69
603729.SH,20230210,5869,850.37,5511,797.92,2628,381.11,3916,568.64,2150,311.85,1919,277.17,1195,171.79,496,71.37,463,70.03
603729.SH,20230209,7747,1114.18,5756,827.17,2661,383.18,3244,466.91,342,49.35,570,82.23,0,0.0,1180,170.39,3319,478.71
603729.SH,20230208,6876,984.76,5050,723.32,2260,323.64,3044,436.08,707,101.08,1749,250.07,0,0.0,0,0.0,282,41.07
603729.SH,20230207,6056,865.64,4466,638.84,3269,467.24,4046,578.78,1343,192.46,1165,166.1,0,0.0,991,141.61,242,35.1
603729.SH,20230206,5398,771.55,4683,669.01,1497,213.94,2846,407.09,1409,201.28,913,130.45,138,19.79,0,0.0,827,119.05
603729.SH,20230203,4840,689.66,3646,519.59,2218,316.22,3292,469.23,419,59.87,539,76.93,0,0.0,0,0.0,2067,295.33
603729.SH,20230202,6564,933.71,5642,802.76,2310,328.21,3397,483.57,773,109.72,1444,205.09,836,119.78,0,0.0,1129,160.44
603729.SH,20230201,9995,1410.46,6731,949.82,3963,558.78,6048,854.2,1176,165.92,2356,331.15,0,0.0,0,0.0,4005,565.05
603729.SH,20230131,9566,1326.81,9387,1299.38,6298,872.66,6594,915.03,2558,353.87,2440,338.92,0,0.0,0,0.0,4288,596.4
603729.SH,20230130,5581,759.79,5740,781.46,3394,461.97,2800,381.18,732,99.61,1167,158.72,0,0.0,0,0.0,-2327,-316.49
603729.SH,20230120,4594,617.33,4923,661.6,1829,245.64,1744,234.36,528,71.14,284,38.14,0,0.0,0,0.0,321,43.55
603729.SH,20230119,5375,718.7,5072,678.31,2874,384.71,2181,292.01,2019,270.23,1776,237.54,0,0.0,1239,165.78,2582,345.32
603729.SH,20230118,5656,748.47,5297,701.07,2550,338.32,2886,382.69,364,48.27,387,51.3,0,0.0,0,0.0,2073,275.43
603729.SH,20230117,4923,645.41,5753,753.72,2140,280.08,3039,397.56,2389,312.48,660,86.69,0,0.0,0,0.0,-2004,-261.19
603729.SH,20230116,3853,509.43,3671,485.47,2080,274.99,1870,247.07,333,44.11,725,96.0,0,0.0,0,0.0,305,40.4
603729.SH,20230113,4038,531.4,3503,461.14,1923,252.82,2838,372.96,599,78.68,219,28.8,0,0.0,0,0.0,-136,-17.52
603729.SH,20230112,3765,497.84,4597,607.65,2710,358.36,1878,248.55,0,0.0,0,0.0,0,0.0,0,0.0,-867,-114.23
603729.SH,20230111,7000,925.48,8815,1166.44,4677,617.97,3448,454.33,1549,203.89,963,126.57,0,0.0,0,0.0,-3203,-423.72
603729.SH,20230110,3019,405.41,3571,479.57,2278,306.63,1516,204.19,0,0.0,210,28.29,0,0.0,0,0.0,-465,-62.21
603729.SH,20230109,4374,590.3,4919,663.63,1472,198.23,1136,152.97,209,28.07,0,0.0,0,0.0,0,0.0,-411,-54.64
603729.SH,20230106,4791,653.72,5193,709.08,2581,351.48,2529,344.45,960,132.03,610,83.7,0,0.0,0,0.0,-1766,-242.07
603729.SH,20230105,5946,817.05,5667,778.65,2691,369.75,2344,322.14,388,53.43,1014,139.44,0,0.0,0,0.0,1137,157.1
603729.SH,20230104,6021,825.44,5205,713.39,1647,226.03,2606,357.08,486,65.88,343,46.88,0,0.0,0,0.0,1978,272.19
603729.SH,20230103,6999,940.47,5061,680.72,3224,433.98,4310,578.82,409,55.13,1261,170.05,0,0.0,0,0.0,2533,340.55
603729.SH,20221230,7241,955.81,7412,977.84,3353,442.23,3405,449.85,423,56.2,200,26.56,0,0.0,0,0.0,-220,-27.61
603729.SH,20221229,3431,447.18,3847,501.2,2093,272.49,1487,193.65,0,0.0,190,24.82,0,0.0,0,0.0,306,40.2
603729.SH,20221228,5546,727.44,5601,733.72,3253,425.57,3548,464.74,1472,191.58,862,112.12,0,0.0,260,34.01,-3170,-412.72
603729.SH,20221227,3793,505.64,4366,581.68,2206,293.88,1788,238.66,155,20.82,0,0.0,0,0.0,0,0.0,-1084,-143.01
603729.SH,20221226,4260,568.5,4310,575.09,1637,218.49,1100,146.77,173,23.18,660,88.31,0,0.0,0,0.0,-299,-38.94
603729.SH,20221223,6867,914.98,6531,870.55,2965,395.54,2966,395.62,85,11.13,420,55.48,0,0.0,0,0.0,235,31.51
603729.SH,20221222,5482,727.78,5463,725.85,1889,250.76,2170,287.35,275,36.41,13,1.75,0,0.0,0,0.0,-926,-122.77
603729.SH,20221221,3809,511.43,3499,469.71,1162,155.79,1435,192.49,0,0.0,37,5.01,0,0.0,0,0.0,475,64.17
603729.SH,20221220,6211,838.38,6232,840.74,2395,322.97,2309,311.37,931,125.36,996,134.6,0,0.0,0,0.0,603,82.01
603729.SH,20221219,8542,1156.04,8671,1174.66,4473,605.12,4185,565.52,1231,165.44,1390,186.41,0,0.0,0,0.0,-2178,-294.78
603729.SH,20221216,6810,959.45,6370,897.27,5818,818.58,5239,736.92,670,93.91,789,110.82,0,0.0,900,126.92,-814,-115.51
603729.SH,20221215,7681,1106.84,7780,1120.88,6707,967.15,5942,857.71,1368,197.83,1278,183.45,0,0.0,756,109.77,-110,-13.3
603729.SH,20221214,8686,1239.91,7086,1011.45,4425,630.92,5015,716.2,188,26.94,1198,170.11,0,0.0,0,0.0,967,138.19
603729.SH,20221213,7623,1068.52,5755,806.95,5287,740.76,6512,912.72,592,83.35,1234,172.96,0,0.0,0,0.0,-228,-30.6
603729.SH,20221212,6796,950.12,6548,915.88,5119,715.73,5118,715.42,735,103.87,777,108.88,0,0.0,208,29.54,-2861,-398.42
603729.SH,20221209,5843,830.16,6248,887.64,4741,673.2,3966,563.32,507,71.81,877,124.21,0,0.0,0,0.0,-2074,-294.51
603729.SH,20221208,7318,1048.56,6118,875.6,5118,733.09,4942,708.71,148,21.22,1524,218.57,0,0.0,0,0.0,-535,-73.8
603729.SH,20221207,6812,976.61,7205,1033.17,3544,508.62,3185,456.9,583,83.81,549,78.96,0,0.0,0,0.0,-858,-122.56
603729.SH,20221206,7473,1071.63,8677,1244.48,3313,475.51,2534,363.62,741,106.19,316,45.23,0,0.0,0,0.0,-2283,-326.85
603729.SH,20221205,8315,1199.05,7488,1079.14,4400,634.18,4490,647.46,1193,171.79,1929,278.42,0,0.0,0,0.0,-1901,-272.15
603729.SH,20221202,8257,1182.79,6157,881.62,2976,426.7,4680,670.79,0,0.0,396,57.08,0,0.0,0,0.0,1791,257.75
603729.SH,20221201,6382,906.61,5057,718.0,2746,390.89,3874,551.26,0,0.0,197,28.23,0,0.0,0,0.0,1261,179.89
603729.SH,20221130,4665,657.33,5896,831.48,3898,549.18,3009,423.52,1590,223.69,857,120.36,0,0.0,391,54.83,-2469,-347.56
603729.SH,20221129,4705,669.29,5683,808.85,2921,415.94,2638,375.16,1756,249.67,1061,150.89,0,0.0,0,0.0,-2506,-356.19
603729.SH,20221128,5387,755.81,5850,820.49,2255,316.24,2217,311.17,818,114.58,393,54.98,0,0.0,0,0.0,-793,-110.32
603729.SH,20221125,5034,708.93,4779,672.94,2467,347.53,2960,417.05,1176,165.69,938,132.16,0,0.0,0,0.0,372,53.13
603729.SH,20221124,6340,890.64,5726,804.41,2255,316.05,2479,347.88,296,41.38,686,95.78,0,0.0,0,0.0,1150,162.37
603729.SH,20221123,8152,1131.98,6397,889.0,3886,538.63,4556,631.21,883,122.3,1968,272.69,0,0.0,0,0.0,103,12.97
603729.SH,20221122,5965,857.09,5724,822.66,3568,512.73,3634,522.64,608,87.85,783,112.37,0,0.0,0,0.0,399,58.07
603729.SH,20221121,7089,1010.7,6671,951.04,4460,636.62,3678,525.37,3,0.42,1203,171.33,0,0.0,0,0.0,2452,350.91
603729.SH,20221118,7550,1085.42,6580,944.89,2558,366.71,3327,477.86,955,137.25,1156,166.63,0,0.0,0,0.0,-608,-85.74
603729.SH,20221117,7950,1137.53,5954,852.27,2791,399.3,4003,572.62,601,86.04,1385,197.97,0,0.0,0,0.0,1302,186.59
603729.SH,20221116,8817,1263.4,7803,1118.41,4381,627.66,5445,780.41,1367,196.66,1317,188.9,0,0.0,0,0.0,2039,293.53
603729.SH,20221115,7755,1097.18,8280,1170.91,3858,545.61,3626,513.0,1615,228.21,1322,187.08,0,0.0,0,0.0,-2894,-408.0
603729.SH,20221114,11267,1590.78,10548,1490.58,6914,979.48,6942,982.64,352,49.99,1043,147.03,0,0.0,0,0.0,-51,-8.82
603729.SH,20221111,13206,1861.55,11799,1662.29,6172,871.13,7800,1099.88,2774,391.3,2547,360.96,0,0.0,6,0.85,6426,908.65
603729.SH,20221110,5154,706.25,5788,793.27,3767,516.71,2999,411.59,333,45.8,467,63.9,0,0.0,0,0.0,936,127.99
603729.SH,20221109,6863,942.59,5813,797.68,2109,289.33,2611,358.77,265,36.05,813,111.52,0,0.0,0,0.0,379,53.69
603729.SH,20221108,9276,1262.63,7572,1031.09,6527,886.66,6052,823.17,820,111.35,2493,338.02,0,0.0,506,68.36,1948,267.44
603729.SH,20221107,10862,1464.95,9330,1262.9,8414,1140.01,7703,1043.19,2278,311.13,3621,490.75,0,0.0,900,119.25,3307,443.73
603729.SH,20221104,4099,541.38,3534,466.8,3818,504.39,2828,373.52,449,59.34,2004,264.78,0,0.0,0,0.0,1024,135.67
603729.SH,20221103,3361,441.31,3619,474.73,2152,282.14,1941,254.91,470,61.85,423,55.67,0,0.0,0,0.0,-357,-46.2
603729.SH,20221102,4249,561.24,4599,608.1,2569,340.95,2054,272.34,269,35.94,1096,146.93,662,89.24,0,0.0,-107,-12.73
603729.SH,20221101,4632,601.0,3565,462.45,1776,230.48,2609,338.48,913,118.7,1147,149.24,0,0.0,0,0.0,2843,369.67
603729.SH,20221031,4572,588.67,4571,588.66,1032,132.85,1224,157.28,191,24.43,0,0.0,0,0.0,0,0.0,97,12.99
603729.SH,20221028,5298,683.25,5711,736.4,1781,229.68,2267,291.97,944,121.32,45,5.87,0,0.0,0,0.0,-2617,-337.22
603729.SH,20221027,6597,873.96,4945,654.51,1733,229.39,2739,362.95,0,0.0,646,85.88,0,0.0,0,0.0,2140,284.41
603729.SH,20221026,4419,570.37,3150,405.98,1413,182.84,1417,183.43,580,75.01,1485,192.0,0,0.0,360,46.8,1870,241.82
603729.SH,20221025,6448,824.41,5514,704.13,4321,550.53,3433,439.65,2450,310.88,1731,219.13,0,0.0,2541,322.93,2903,369.77
603729.SH,20221024,5678,748.37,5569,734.4,3688,485.14,2819,371.47,0,0.0,526,69.2,0,0.0,452,58.44,-940,-125.16
603729.SH,20221021,5326,710.8,4590,613.56,4089,546.96,4631,618.88,259,34.91,453,60.23,0,0.0,0,0.0,2601,348.47
603729.SH,20221020,4217,559.8,5053,671.04,3752,498.77,2860,379.83,172,22.74,228,30.44,0,0.0,0,0.0,137,18.64
603729.SH,20221019,3412,451.5,4213,557.45,2659,351.87,2074,274.56,217,28.77,1,0.13,0,0.0,0,0.0,242,32.39
603729.SH,20221018,6239,828.77,7161,951.5,4019,533.95,3234,429.73,1065,144.68,928,126.17,0,0.0,0,0.0,679,96.97
603729.SH,20221017,6505,850.52,6157,806.22,4506,589.74,3814,499.47,1979,260.64,3019,395.21,0,0.0,0,0.0,3066,400.12
603729.SH,20221014,5829,757.17,4360,566.79,6465,840.15,5471,710.61,1082,140.21,3126,405.7,0,0.0,419,54.43,-898,-113.71
603729.SH,20221013,3211,415.23,3704,479.13,2922,378.76,2611,337.63,568,72.96,386,50.18,0,0.0,0,0.0,637,83.43
603729.SH,20221012,3581,453.48,3363,425.66,1286,163.2,2147,272.25,1000,126.78,357,45.56,0,0.0,0,0.0,-622,-78.64
603729.SH,20221011,5677,703.61,6058,750.07,5881,727.46,5633,697.08,677,84.09,544,68.01,0,0.0,0,0.0,-818,-98.39
603729.SH,20221010,6782,845.68,9229,1150.75,6881,859.4,4184,522.19,1138,141.22,1388,173.35,0,0.0,0,0.0,-3545,-443.72
603729.SH,20220930,2688,343.68,2990,382.74,1505,192.59,1264,161.76,422,54.23,361,46.0,0,0.0,0,0.0,-745,-95.36
603729.SH,20220929,4006,517.93,4592,593.15,2075,268.07,1969,254.66,730,93.86,250,32.05,0,0.0,0,0.0,-1309,-168.58
603729.SH,20220928,3451,452.02,3766,492.94,1826,238.99,2657,347.23,1202,156.39,56,7.23,0,0.0,0,0.0,-2407,-313.74
603729.SH,20220927,4729,612.5,4483,580.86,2454,318.51,2921,378.96,397,51.57,176,22.76,0,0.0,0,0.0,470,62.09
603729.SH,20220926,5589,717.98,4420,568.0,2544,326.51,2586,332.13,457,57.95,1584,202.32,0,0.0,0,0.0,86,11.07
603729.SH,20220923,5354,708.91,5198,688.91,2376,315.3,3191,422.48,966,127.48,307,40.29,0,0.0,0,0.0,-1724,-229.51
603729.SH,20220922,3912,531.42,4580,622.21,3094,419.9,2840,385.28,766,103.48,352,47.31,0,0.0,0,0.0,10,0.63
603729.SH,20220921,5876,792.04,5919,800.55,2385,321.94,3100,418.62,560,76.3,755,101.48,953,130.37,0,0.0,-560,-78.23
603729.SH,20220920,5368,722.3,4496,604.87,3448,464.36,3559,479.25,455,61.06,1216,163.6,0,0.0,0,0.0,-561,-74.65
603729.SH,20220919,6740,897.33,6358,847.4,4424,591.25,4136,551.93,41,5.48,711,94.73,0,0.0,0,0.0,267,37.12
603729.SH,20220916,6189,849.05,7540,1032.59,3681,503.26,3418,468.82,1307,178.88,219,29.78,0,0.0,0,0.0,-3626,-495.66
603729.SH,20220915,5830,822.41,6154,868.15,4779,674.02,3154,444.77,594,83.65,360,50.56,0,0.0,1535,216.59,-286,-39.67
603729.SH,20220914,4881,696.72,4275,609.94,1822,260.27,2139,305.6,338,48.49,627,89.94,0,0.0,0,0.0,1215,174.65
603729.SH,20220913,7850,1130.73,9145,1316.98,3376,486.21,2193,316.1,112,16.14,0,0.0,0,0.0,0,0.0,2371,342.47
603729.SH,20220909,6876,975.59,5962,846.23,3791,536.45,4343,614.87,220,30.87,582,81.81,0,0.0,0,0.0,-223,-30.17
603729.SH,20220908,6473,928.29,5966,855.7,4239,607.89,3676,526.56,891,127.44,1961,281.35,0,0.0,0,0.0,103,15.49
603729.SH,20220907,6963,1019.27,6947,1017.98,3666,537.03,3826,559.44,665,96.91,520,75.79,0,0.0,0,0.0,-1429,-208.79
603729.SH,20220906,5814,863.16,7078,1050.58,5139,762.82,4193,622.54,1006,149.26,688,102.12,0,0.0,0,0.0,-1755,-259.29
603729.SH,20220905,9101,1351.51,8225,1221.73,3823,567.95,5105,758.01,1025,151.71,619,91.43,0,0.0,0,0.0,-238,-33.9
603729.SH,20220902,9686,1426.57,6257,920.96,4764,701.96,6454,951.05,569,83.74,2307,340.25,0,0.0,0,0.0,4178,616.54
603729.SH,20220901,6614,964.96,6983,1018.54,4105,599.83,4038,590.61,870,127.6,568,83.24,0,0.0,0,0.0,2123,313.81
603729.SH,20220831,9167,1329.82,10943,1588.25,4500,651.47,3190,463.0,1239,179.98,964,140.12,1126,164.73,935,134.64,-3218,-468.44
603729.SH,20220830,8256,1202.55,6994,1019.34,2926,426.55,3638,530.58,1468,215.65,2018,294.84,0,0.0,0,0.0,1726,250.54
603729.SH,20220829,7139,1014.11,6658,946.83,3594,510.35,2890,409.44,956,134.23,1958,276.92,0,0.0,183,25.49,387,58.82
603729.SH,20220826,7729,1114.93,7781,1121.33,4339,624.34,4155,599.49,1417,202.75,1469,209.62,1362,196.67,1442,208.25,-1781,-255.18
603729.SH,20220825,7625,1087.78,8220,1172.94,3305,471.69,3685,526.47,975,139.94,0,0.0,0,0.0,0,0.0,-111,-13.22
603729.SH,20220824,7792,1119.72,8150,1171.67,4635,669.24,4605,664.33,2198,317.59,1870,270.55,0,0.0,0,0.0,-4755,-687.13
603729.SH,20220823,5534,810.93,4985,730.62,2793,409.46,3268,479.26,907,133.01,981,143.51,0,0.0,0,0.0,532,78.54
603729.SH,20220822,7150,1049.61,5839,857.66,4616,677.76,4715,692.53,371,54.31,1583,231.49,0,0.0,0,0.0,587,86.17
603729.SH,20220819,7128,1066.24,7158,1069.06,4707,704.44,4076,611.94,320,47.54,921,137.23,0,0.0,0,0.0,-1229,-179.16
603729.SH,20220818,8184,1215.09,8331,1236.52,7151,1063.28,6264,931.32,1069,158.1,1809,268.64,0,0.0,0,0.0,1166,176.82
603729.SH,20220817,5782,850.87,4550,669.85,4174,613.17,4723,693.28,1045,154.22,1728,255.12,0,0.0,0,0.0,259,39.04
603729.SH,20220816,4809,711.03,3683,544.81,3181,470.42,3285,486.17,471,69.95,1612,238.1,1013,150.07,894,132.4,1033,153.08
603729.SH,20220815,5689,837.6,5201,765.64,1949,286.46,3095,455.21,1069,157.37,411,60.58,0,0.0,0,0.0,-928,-135.68
603729.SH,20220812,8419,1252.26,9231,1373.78,7667,1142.41,7354,1094.5,3020,450.46,2521,376.84,0,0.0,0,0.0,485,74.99
603729.SH,20220811,6868,1007.7,6100,895.0,4509,661.53,4562,669.54,434,64.03,801,117.68,0,0.0,348,51.05,260,39.49
603729.SH,20220810,7824,1140.45,7151,1041.95,4086,596.0,4415,644.57,490,71.36,834,121.3,0,0.0,0,0.0,2674,391.84
603729.SH,20220809,6136,880.5,5626,807.76,3731,534.82,3430,491.98,669,96.43,1480,212.01,0,0.0,0,0.0,804,116.23
603729.SH,20220808,7089,1003.12,5995,848.42,5740,811.83,5660,801.45,2523,356.23,3912,551.74,214,30.42,0,0.0,3043,430.63
603729.SH,20220805,6322,876.16,6168,855.04,4258,589.99,3822,530.01,816,113.54,1406,194.64,0,0.0,0,0.0,-1297,-179.32
603729.SH,20220804,5593,773.45,5215,720.48,3242,446.94,3974,548.74,404,55.75,50,6.92,0,0.0,0,0.0,1567,217.35
603729.SH,20220803,5627,774.5,5551,764.02,3269,449.47,2657,365.89,321,44.14,1009,138.2,0,0.0,0,0.0,-76,-10.68
603729.SH,20220802,7120,966.26,6946,942.81,4913,666.87,6094,826.74,2929,396.27,1922,259.84,0,0.0,0,0.0,-2512,-340.85
603729.SH,20220801,3766,533.45,4069,576.54,2305,326.83,2270,321.7,268,37.96,0,0.0,0,0.0,0,0.0,138,19.91
603729.SH,20220729,4657,660.18,4976,705.13,3005,425.41,3235,458.15,548,77.7,0,0.0,0,0.0,0,0.0,-376,-52.47
603729.SH,20220728,3869,547.74,4322,611.9,2663,376.83,2469,349.26,259,36.59,0,0.0,0,0.0,0,0.0,-473,-66.64
603729.SH,20220727,7209,1012.99,5764,809.88,3750,526.37,4131,579.93,442,62.25,1505,211.8,0,0.0,0,0.0,-793,-110.44
603729.SH,20220726,4352,618.05,4093,581.59,1825,259.14,2408,341.81,871,123.67,547,77.46,0,0.0,0,0.0,-1060,-150.16
603729.SH,20220725,7422,1060.81,7402,1059.17,5327,763.22,4798,687.23,1178,168.95,1727,246.58,0,0.0,0,0.0,2618,374.85
603729.SH,20220722,5997,845.99,5081,716.59,2848,401.2,2785,393.11,1743,245.86,1797,253.86,0,0.0,925,129.5,2329,329.39
603729.SH,20220721,9805,1382.29,8881,1253.24,5052,713.41,6132,864.78,1267,179.02,1458,205.58,1943,275.45,1596,226.57,-2757,-390.53
603729.SH,20220720,9840,1371.33,8145,1135.69,6556,912.43,8330,1160.78,889,125.08,810,112.36,0,0.0,0,0.0,4246,590.88
603729.SH,20220719,6560,886.17,5837,789.2,4439,601.32,4816,651.07,443,60.32,789,107.54,0,0.0,0,0.0,1729,234.64
603729.SH,20220718,10518,1386.55,9225,1217.19,7168,946.91,8418,1110.15,1170,155.18,1213,161.31,0,0.0,0,0.0,3298,431.52
603729.SH,20220715,8357,1066.93,10423,1329.62,7804,995.32,5532,706.56,1893,240.54,1906,242.22,0,0.0,193,24.38,-7656,-975.7
603729.SH,20220714,3564,473.14,3797,504.0,2306,305.96,2082,276.29,246,32.52,237,31.33,0,0.0,0,0.0,-2138,-283.24
603729.SH,20220713,6103,808.27,4706,623.12,2379,314.99,3576,473.77,1719,227.99,1919,254.37,0,0.0,0,0.0,3789,503.56
603729.SH,20220712,4941,651.43,5133,676.47,2964,390.24,2805,369.39,1250,165.0,1550,205.11,333,44.29,0,0.0,-2704,-354.97
603729.SH,20220711,4153,550.14,4118,545.5,2683,355.18,2630,348.34,1180,156.5,1268,167.97,0,0.0,0,0.0,-1858,-245.79
603729.SH,20220708,4195,554.57,3943,521.12,2992,395.18,3241,428.25,476,62.99,479,63.35,0,0.0,0,0.0,809,107.05
603729.SH,20220707,5981,781.86,5266,688.59,1807,235.75,2320,303.35,362,47.57,564,73.23,0,0.0,0,0.0,2197,286.38
603729.SH,20220706,7276,934.59,6456,829.83,3106,398.79,2886,370.3,775,99.23,1815,232.48,0,0.0,0,0.0,-1735,-222.5
603729.SH,20220705,6531,856.96,5537,727.47,4190,548.97,4239,555.13,709,92.45,1654,215.78,0,0.0,0,0.0,-3224,-421.64
603729.SH,20220704,5690,755.4,5271,699.7,3045,404.25,3006,399.31,983,130.85,1441,191.49,0,0.0,0,0.0,-1410,-186.71
603729.SH,20220701,7505,996.16,7177,953.55,4547,604.09,5479,727.2,2495,330.78,1891,250.28,0,0.0,0,0.0,-2209,-290.83
603729.SH,20220630,7450,997.73,7500,1004.23,6929,928.31,7066,947.03,1817,243.77,1630,218.54,0,0.0,0,0.0,-159,-19.89
603729.SH,20220629,5977,805.88,7329,988.11,4267,575.15,3216,433.47,316,42.56,701,95.1,686,93.09,0,0.0,-1528,-203.48
603729.SH,20220628,9593,1295.49,9278,1252.16,4936,665.53,5441,734.27,1858,251.45,1668,226.05,0,0.0,0,0.0,816,110.3
603729.SH,20220627,7816,1039.1,9157,1218.08,5170,688.47,4615,614.05,1568,208.16,782,103.6,0,0.0,0,0.0,-5317,-705.92
603729.SH,20220624,8774,1168.37,8958,1193.66,5056,673.77,5063,673.58,795,105.41,604,80.3,0,0.0,0,0.0,1017,137.31
603729.SH,20220623,6910,903.85,7834,1025.38,5378,704.33,4833,632.64,557,72.99,178,23.14,0,0.0,0,0.0,-1127,-146.21
603729.SH,20220622,10520,1386.24,9791,1290.22,5622,742.46,6089,804.05,2475,326.67,2737,361.1,0,0.0,0,0.0,755,103.38
603729.SH,20220621,7049,922.61,8265,1081.97,3920,513.48,4071,533.19,2000,261.93,1437,188.19,804,105.32,0,0.0,-3999,-522.87
603729.SH,20220620,10103,1324.71,8401,1102.04,5662,742.62,7038,922.98,396,52.19,722,94.5,0,0.0,0,0.0,-2903,-379.09
603729.SH,20220617,13671,1812.41,11598,1541.26,10549,1398.4,7961,1055.72,3035,402.17,7120,940.13,0,0.0,577,75.88,-5463,-721.64
603729.SH,20220616,9989,1348.56,8453,1142.84,7536,1017.11,6150,830.85,1353,182.22,4275,574.2,0,0.0,0,0.0,2958,400.77
603729.SH,20220615,11277,1530.45,10818,1467.82,7724,1047.36,6873,932.29,2567,348.03,2812,380.8,0,0.0,1066,144.92,-3792,-511.8
603729.SH,20220614,12143,1660.91,11638,1591.33,7021,960.3,6383,873.15,2718,372.06,3861,528.79,0,0.0,0,0.0,-5588,-760.14
603729.SH,20220613,13342,1839.43,12498,1725.67,10426,1437.84,10065,1386.01,3251,447.82,4456,613.41,0,0.0,0,0.0,-825,-104.76
603729.SH,20220610,22663,3161.49,21241,2968.5,15011,2093.73,16843,2349.82,7304,1020.2,6454,896.4,361,51.58,801,112.3,8344,1163.35
603729.SH,20220609,23177,3135.67,20191,2736.09,18882,2559.11,15317,2074.31,4028,545.21,10670,1441.97,91,12.37,0,0.0,-5432,-732.48
603729.SH,20220608,21584,2999.99,19026,2655.78,17750,2470.97,16818,2344.9,8714,1219.26,10930,1515.76,0,0.0,1275,173.78,3783,534.86
603729.SH,20220607,26195,3678.29,18720,2634.99,17866,2508.29,17891,2512.47,2773,388.74,9774,1364.1,0,0.0,449,63.76,-5877,-812.66
603729.SH,20220606,26220,3683.2,27647,3889.69,27898,3920.02,22328,3141.87,7268,1026.9,12119,1693.76,876,118.33,168,23.14,2774,416.45
603729.SH,20220602,32057,4643.66,18504,2687.63,31737,4602.87,26339,3829.09,20011,2911.28,23433,3398.6,12770,1844.71,28298,4087.21,27049,3859.23
603729.SH,20220601,29808,4599.23,24568,3803.12,42556,6584.56,49333,7638.68,27267,4245.76,34494,5373.81,33588,5320.96,24824,3934.9,9088,1380.24
603729.SH,20220531,23391,3467.39,16917,2500.29,31205,4629.92,29385,4359.86,13755,2037.28,23364,3469.26,2990,435.93,1675,241.11,9653,1437.71
603729.SH,20220527,14272,2081.57,10990,1603.92,15494,2257.4,16010,2337.09,1937,281.6,4346,628.84,0,0.0,357,50.73,-3285,-470.51
603729.SH,20220526,13188,1936.12,10262,1509.74,16987,2496.52,16537,2429.44,10444,1531.66,9254,1357.17,1035,151.45,5600,819.41,-229,-40.53
603729.SH,20220525,10369,1576.65,11559,1757.93,17599,2675.27,20155,3063.19,9094,1380.18,6321,960.05,1089,166.29,115,17.22,3307,513.2
603729.SH,20220524,12167,1803.82,13534,2005.9,17287,2567.34,18547,2757.74,6586,979.48,3959,587.0,0,0.0,0,0.0,-2870,-426.86
603729.SH,20220523,8291,1197.23,7799,1126.88,11444,1652.28,10715,1547.29,1333,192.46,2554,367.8,0,0.0,0,0.0,-1384,-196.08
603729.SH,20220520,14629,2104.68,15405,2219.7,24334,3511.57,24521,3539.66,14419,2094.76,12529,1815.58,753,110.47,1680,246.52,-5962,-867.7
603729.SH,20220519,7849,1074.83,7614,1045.22,8827,1211.56,9903,1360.97,2582,358.13,1741,238.33,0,0.0,0,0.0,1287,174.49
603729.SH,20220518,4655,623.49,4747,635.74,6015,806.04,6499,871.19,609,81.78,156,20.94,123,16.56,0,0.0,-853,-112.96
603729.SH,20220517,6839,898.82,7277,956.52,8118,1066.09,9409,1240.3,4554,604.85,3783,501.44,959,128.49,0,0.0,669,89.74
603729.SH,20220516,7149,918.44,7967,1023.95,13936,1790.85,15183,1952.24,6655,857.18,3562,458.88,0,0.0,1028,131.39,-2767,-352.54
603729.SH,20220513,6291,830.23,4810,634.65,7140,941.06,8234,1084.94,1390,181.2,1776,232.91,0,0.0,0,0.0,733,100.4
603729.SH,20220512,6411,824.99,5435,699.46,7271,936.54,7662,987.05,582,74.46,1167,149.48,0,0.0,0,0.0,1306,167.64
603729.SH,20220511,5244,668.84,5688,724.59,7113,907.14,6767,863.72,644,81.9,546,69.58,0,0.0,0,0.0,-695,-84.48
603729.SH,20220510,2442,306.8,2371,297.92,2195,276.01,2422,304.8,798,100.07,1445,181.49,803,101.34,0,0.0,-690,-86.98
603729.SH,20220509,3030,379.34,2876,359.67,3244,404.8,3596,449.23,414,51.97,722,91.07,506,63.86,0,0.0,1434,181.75
603729.SH,20220506,2999,362.8,2904,351.08,2807,338.1,2609,315.21,957,115.97,1250,150.59,0,0.0,0,0.0,-543,-62.84
603729.SH,20220505,2785,339.71,3291,401.72,2676,326.58,3299,403.31,1129,138.73,0,0.0,0,0.0,0,0.0,-1970,-240.63
603729.SH,20220429,3752,442.05,3260,384.67,3022,356.83,3212,378.21,456,54.61,758,90.62,0,0.0,0,0.0,452,53.68
603729.SH,20220428,5779,652.06,4359,492.67,5622,632.71,5974,673.92,2469,278.27,3538,396.44,0,0.0,0,0.0,1353,151.85
603729.SH,20220427,6256,718.41,4516,518.65,9330,1069.25,9316,1067.94,5398,616.77,7629,872.31,477,54.47,0,0.0,1299,149.27
603729.SH,20220426,3597,430.46,4299,514.83,5840,699.26,5543,662.2,1121,133.22,716,85.89,0,0.0,0,0.0,-3500,-416.4
603729.SH,20220425,4302,530.02,4546,563.0,4779,588.6,3784,468.0,3145,385.65,1438,176.77,0,0.0,2458,296.5,-1486,-190.99
603729.SH,20220422,3695,460.92,3434,429.24,3145,392.66,4026,502.83,1444,181.55,824,103.06,0,0.0,0,0.0,1810,226.05
603729.SH,20220421,4932,620.83,6560,826.16,8368,1051.98,8991,1133.55,4283,542.89,2032,256.0,0,0.0,0,0.0,-5085,-641.61
603729.SH,20220420,4559,597.42,4967,652.02,7143,937.81,7958,1044.48,4654,617.79,2304,305.9,2179,290.74,3306,441.35,-5165,-682.25
603729.SH,20220419,5563,706.54,5210,661.29,7130,904.3,7376,936.11,490,61.78,597,75.22,0,0.0,0,0.0,-1705,-215.94
603729.SH,20220418,6971,910.75,5690,744.76,10299,1346.58,9943,1299.27,4903,639.95,5441,710.26,0,0.0,1099,142.98,-2355,-306.74
603729.SH,20220415,3242,448.28,3941,545.9,4324,598.23,4498,622.05,1584,219.81,711,98.37,0,0.0,0,0.0,-3777,-522.32
603729.SH,20220414,3088,435.02,3330,469.1,3698,520.89,3620,510.18,1106,156.01,942,132.64,0,0.0,0,0.0,-1196,-167.74
603729.SH,20220413,4587,640.21,3835,534.36,6681,934.54,6501,908.87,3132,440.82,3085,433.67,0,0.0,980,138.67,4012,568.17
603729.SH,20220412,3766,516.03,3351,458.9,3170,433.68,3731,511.11,825,113.26,534,73.11,0,0.0,144,19.85,-763,-101.81
603729.SH,20220411,2496,343.99,2832,390.45,3443,474.82,3450,476.27,1292,178.67,1272,175.04,323,44.28,0,0.0,-2626,-360.64
603729.SH,20220408,3494,486.21,3827,532.9,3862,539.15,3874,540.04,2481,346.81,2136,299.23,0,0.0,0,0.0,1407,198.38
603729.SH,20220407,3332,460.67,3035,420.28,3787,523.32,3163,438.61,1348,185.57,2269,310.67,0,0.0,0,0.0,-1019,-143.17
603729.SH,20220406,3176,442.7,2915,406.5,4568,636.24,5108,712.35,1946,271.44,1667,231.53,0,0.0,0,0.0,1481,207.31
603729.SH,20220401,2264,309.84,2485,339.95,3412,466.36,4136,565.65,2317,317.37,833,114.14,0,0.0,539,73.84,-31,-3.66
603729.SH,20220331,2741,371.5,2654,359.59,4008,543.2,4212,571.17,822,111.58,705,95.51,0,0.0,0,0.0,-1389,-187.92
603729.SH,20220330,4039,544.89,3777,510.09,3811,514.15,5155,696.93,2954,401.32,874,117.46,92,12.27,1090,148.15,1386,187.65
603729.SH,20220329,7961,1066.49,7026,944.02,10028,1347.04,8089,1085.86,1914,252.55,4788,636.2,0,0.0,0,0.0,-5887,-793.03
603729.SH,20220328,4328,596.26,5221,719.46,7563,1042.16,6775,934.02,2409,332.87,2304,317.81,0,0.0,0,0.0,-4393,-604.78
603729.SH,20220325,4322,606.5,4900,687.71,5716,803.06,6241,877.75,2470,347.76,1367,191.87,0,0.0,0,0.0,-3504,-489.19
603729.SH,20220324,6325,886.31,6638,929.94,8433,1181.63,7494,1051.48,1899,267.06,2525,353.58,0,0.0,0,0.0,-5725,-800.71
603729.SH,20220323,13000,1865.12,12019,1724.58,19587,2808.29,18619,2671.07,6862,983.17,7439,1063.05,138,19.76,1510,217.65,-9177,-1312.54
603729.SH,20220322,9902,1425.24,9194,1324.26,11007,1585.96,9585,1377.58,2850,408.3,2978,425.29,0,0.0,2002,292.37,3955,584.39
603729.SH,20220321,6113,868.3,5777,820.83,10073,1431.28,9086,1290.88,876,124.26,2200,312.14,0,0.0,0,0.0,-2933,-414.65
603729.SH,20220318,6620,938.54,5522,782.7,7290,1033.29,8272,1173.23,3795,537.86,3089,437.93,858,121.36,1680,237.2,3339,472.37
603729.SH,20220317,9871,1387.48,10451,1468.78,16023,2255.57,13849,1948.16,4872,686.29,6276,886.02,0,0.0,189,26.38,-9428,-1324.82
603729.SH,20220316,10684,1510.83,9083,1282.93,9977,1411.24,9726,1375.65,5571,789.7,7423,1053.19,0,0.0,0,0.0,2371,338.91
603729.SH,20220315,10500,1530.11,9778,1423.54,12821,1863.08,11543,1680.38,6224,905.81,7149,1044.2,0,0.0,1075,150.88,-4595,-658.28
603729.SH,20220314,8639,1295.45,8363,1257.25,8960,1344.47,6693,1006.08,4209,630.25,4534,678.6,0,0.0,2219,328.24,-5011,-758.46
603729.SH,20220311,9648,1488.96,10745,1663.29,11508,1776.79,9744,1504.07,6498,1006.24,5166,797.78,0,0.0,2000,306.84,-1741,-268.14
603729.SH,20220310,11344,1700.66,10414,1562.97,13065,1963.21,14793,2221.49,7326,1104.07,4523,680.58,0,0.0,2006,302.89,3015,462.86
603729.SH,20220309,14876,2140.53,15751,2277.88,16066,2320.94,17340,2505.85,9259,1343.66,7426,1068.35,2286,338.83,1970,291.88,2022,296.77
603729.SH,20220308,10985,1607.14,9081,1330.75,11116,1627.57,12121,1774.35,3147,461.36,3178,465.75,0,0.0,869,125.22,-2437,-356.19
603729.SH,20220307,10114,1529.25,10382,1571.86,15130,2288.03,13762,2082.44,4095,620.51,5196,783.49,0,0.0,0,0.0,3414,516.12
603729.SH,20220304,8575,1262.35,7834,1153.2,7904,1162.88,8392,1234.58,1615,237.39,1865,274.4,0,0.0,3,0.44,-3197,-468.28
603729.SH,20220303,13589,2009.05,10687,1579.13,14695,2175.05,14401,2131.29,6636,983.85,11567,1715.89,2427,361.32,692,102.97,2890,431.68
603729.SH,20220302,2593,369.72,2840,404.87,5261,750.53,2609,372.29,6065,865.44,5938,846.8,0,0.0,2533,361.74,-512,-73.63
603729.SH,20220301,3355,453.17,2347,316.46,3190,430.93,3360,454.23,771,104.52,1609,217.93,0,0.0,0,0.0,1889,256.29
603729.SH,20220228,2730,363.62,2597,345.84,1860,247.73,1757,234.13,509,67.59,745,98.98,0,0.0,0,0.0,-574,-75.83
603729.SH,20220225,1974,264.4,2620,350.9,2690,359.91,1927,257.87,1442,192.92,1559,208.47,0,0.0,0,0.0,-534,-71.86
603729.SH,20220224,5835,777.8,5794,774.19,4996,668.28,4734,633.34,1998,267.09,2301,305.63,0,0.0,0,0.0,-1567,-211.35
603729.SH,20220223,5218,713.06,5566,761.85,8090,1107.01,7077,969.12,2666,366.6,3330,455.7,0,0.0,0,0.0,-1523,-205.58
603729.SH,20220222,6424,857.75,6764,903.0,8482,1134.9,8746,1171.69,5472,741.33,3046,410.47,2457,335.61,4278,584.43,3175,430.18
603729.SH,20220221,3867,501.86,2923,379.38,3078,399.48,3349,434.52,1120,145.29,899,116.54,0,0.0,894,116.19,1309,170.4
603729.SH,20220218,1900,242.49,1956,249.45,3144,399.81,2473,314.79,938,119.64,1553,197.7,0,0.0,0,0.0,1144,146.28
603729.SH,20220217,1771,226.13,1428,182.28,1201,153.32,1337,170.67,159,20.35,366,46.85,0,0.0,0,0.0,-746,-94.95
603729.SH,20220216,1442,184.34,1197,153.14,1356,173.58,1142,145.92,798,102.06,1247,159.63,0,0.0,10,1.29,408,52.45
603729.SH,20220215,1504,191.5,1753,223.16,2361,300.85,2256,287.66,204,26.17,60,7.7,0,0.0,0,0.0,-460,-58.57
603729.SH,20220214,1741,218.79,1945,244.44,2396,301.82,2298,289.62,226,28.54,186,23.49,978,124.5,912,116.1,666,85.3
603729.SH,20220211,2145,271.96,2492,315.78,1909,241.92,1532,194.27,0,0.0,692,88.17,662,84.34,0,0.0,-2753,-349.22
603729.SH,20220210,2516,319.71,2868,364.71,2052,261.53,1622,206.71,1641,209.24,1704,217.03,2024,260.0,2039,262.03,2713,348.83
603729.SH,20220209,2281,292.28,2235,286.31,2245,287.46,2488,318.62,1279,163.95,1082,138.76,0,0.0,0,0.0,-1215,-155.43
603729.SH,20220208,2597,330.91,2512,320.51,4397,560.82,3744,478.84,2116,270.8,1597,204.28,0,0.0,1257,158.89,604,74.62
603729.SH,20220207,2649,334.29,2473,311.85,2967,374.65,3335,421.73,1415,178.61,2001,252.83,1890,238.52,1111,139.65,1761,221.38
603729.SH,20220128,2695,336.82,3396,423.77,4378,546.7,3247,405.55,1357,170.46,1787,224.66,0,0.0,0,0.0,56,9.23
603729.SH,20220127,2658,329.02,3030,375.12,4368,541.34,3990,494.51,683,83.87,689,84.6,1389,171.54,1389,171.54,-402,-47.31
603729.SH,20220126,2003,243.12,1747,211.75,1842,223.96,1940,235.87,222,27.16,380,46.62,0,0.0,0,0.0,527,64.47
603729.SH,20220125,2957,361.44,2577,316.19,2802,340.29,2473,301.46,796,95.65,912,109.22,0,0.0,593,70.51,-2356,-284.25
603729.SH,20220124,1950,245.25,1726,216.91,3138,394.54,3154,396.69,0,0.0,208,26.19,0,0.0,0,0.0,-58,-6.53
603729.SH,20220121,3494,433.31,2921,362.53,3478,431.57,4306,534.4,1192,148.89,938,116.83,0,0.0,0,0.0,-747,-90.32
603729.SH,20220120,2528,319.7,3209,406.6,3584,454.48,3650,462.33,820,104.01,73,9.26,0,0.0,0,0.0,-2713,-344.04
603729.SH,20220119,2470,316.18,2250,288.05,1499,191.56,2051,262.1,156,20.01,899,114.35,1075,136.74,0,0.0,-2066,-263.52
603729.SH,20220118,4509,588.03,4576,595.64,5334,695.91,5177,676.14,1781,231.31,1870,243.46,0,0.0,0,0.0,-2410,-311.05
603729.SH,20220117,5476,705.5,6159,792.85,7135,918.42,9021,1161.57,3092,397.59,523,67.08,0,0.0,0,0.0,-2402,-307.17
603729.SH,20220114,7337,937.71,7643,977.53,9244,1181.48,8757,1118.07,3567,449.2,4627,583.1,3373,423.31,2494,313.0,-6662,-855.83
603729.SH,20220113,3097,415.08,3467,464.39,3704,495.1,3259,435.87,0,0.0,75,9.93,0,0.0,0,0.0,-1889,-251.46
603729.SH,20220112,3739,500.02,3821,510.67,4503,601.49,4155,555.32,3148,420.2,4041,540.38,706,95.31,79,10.66,1721,231.98
603729.SH,20220111,2801,372.4,2815,374.14,3723,495.2,3715,493.94,2031,269.71,2024,269.24,0,0.0,0,0.0,-1069,-141.42
603729.SH,20220110,2682,353.36,3098,407.92,2563,337.37,2162,284.78,15,1.97,0,0.0,0,0.0,0,0.0,-677,-88.76
603729.SH,20220107,3968,523.55,4230,558.01,4369,576.12,3991,526.23,537,70.94,653,86.37,0,0.0,0,0.0,-1555,-204.45
603729.SH,20220106,4847,637.99,5289,695.17,6050,792.42,6037,792.74,3510,460.95,2476,323.38,446,58.63,1050,138.7,2796,370.2
603729.SH,20220105,2885,374.19,4811,623.83,3881,503.29,2788,361.68,2003,260.07,1171,152.04,0,0.0,0,0.0,-3756,-486.68
603729.SH,20220104,3840,495.51,4928,636.06,5123,659.96,5420,698.09,1719,222.08,794,103.79,461,60.39,0,0.0,-1698,-217.24
