ts_code,trade_date,open,high,low,close,pre_close,change,pct_chg,vol,amount
002667.SZ,20251231,13.21,13.3,13.06,13.09,13.21,-0.12,-0.9084,80248.0,105425.685
002667.SZ,20251230,13.31,13.43,13.0,13.21,13.45,-0.24,-1.7844,116636.38,153998.73
002667.SZ,20251229,13.87,13.99,13.42,13.45,13.84,-0.39,-2.8179,146224.7,198253.157
002667.SZ,20251226,14.01,14.28,13.6,13.84,13.59,0.25,1.8396,179441.81,248566.919
002667.SZ,20251225,13.52,13.66,13.27,13.59,13.65,-0.06,-0.4396,126719.47,169952.908
002667.SZ,20251224,13.63,14.02,13.51,13.65,13.63,0.02,0.1467,147265.89,201768.248
002667.SZ,20251223,13.56,13.87,13.32,13.63,13.56,0.07,0.5162,171432.96,233729.722
002667.SZ,20251222,13.51,13.72,13.38,13.56,13.35,0.21,1.573,123818.81,167902.042
002667.SZ,20251219,13.27,13.45,13.05,13.35,13.27,0.08,0.6029,146207.21,193783.776
002667.SZ,20251218,13.71,13.72,13.27,13.27,13.86,-0.59,-4.2569,166098.0,223532.272
002667.SZ,20251217,13.37,13.97,13.06,13.86,13.14,0.72,5.4795,211342.67,285523.924
002667.SZ,20251216,13.42,13.59,13.05,13.14,13.48,-0.34,-2.5223,115792.0,153379.976
002667.SZ,20251215,13.86,14.06,13.42,13.48,13.99,-0.51,-3.6455,158236.89,215785.183
002667.SZ,20251212,14.0,14.5,13.75,13.99,13.89,0.1,0.7199,212112.89,299279.626
002667.SZ,20251211,14.16,14.27,13.59,13.89,14.18,-0.29,-2.0451,179124.0,247385.093
002667.SZ,20251210,14.68,14.69,14.15,14.18,14.69,-0.51,-3.4717,154581.0,221161.691
002667.SZ,20251209,14.98,15.0,14.63,14.69,15.05,-0.36,-2.392,184752.89,272944.686
002667.SZ,20251208,15.25,15.55,14.97,15.05,14.96,0.09,0.6016,227811.74,345723.196
002667.SZ,20251205,15.31,15.67,14.85,14.96,15.6,-0.64,-4.1026,328025.89,498567.009
002667.SZ,20251204,15.02,16.84,15.02,15.6,15.31,0.29,1.8942,432404.76,686838.379
002667.SZ,20251203,16.96,17.45,15.03,15.31,16.28,-0.97,-5.9582,446508.1,697673.974
002667.SZ,20251202,16.8,17.93,15.32,16.28,16.9,-0.62,-3.6686,652082.57,1107193.06
002667.SZ,20251124,15.69,16.9,15.69,16.9,15.36,1.54,10.026,357507.68,589870.227
002667.SZ,20251121,14.84,16.19,14.84,15.36,16.49,-1.13,-6.8526,489884.38,763645.057
002667.SZ,20251120,15.43,16.96,15.42,16.49,15.42,1.07,6.939,602693.78,998422.346
002667.SZ,20251119,15.41,16.01,15.3,15.42,15.5,-0.08,-0.5161,337443.65,526543.309
002667.SZ,20251118,15.4,15.79,14.92,15.5,15.42,0.08,0.5188,317895.17,486026.547
002667.SZ,20251117,15.38,15.88,15.18,15.42,15.24,0.18,1.1811,397195.01,615281.167
002667.SZ,20251114,14.47,15.43,14.45,15.24,14.5,0.74,5.1034,556838.15,838184.742
002667.SZ,20251113,13.61,15.03,13.58,14.5,13.66,0.84,6.1493,564588.37,819013.772
002667.SZ,20251112,13.4,13.78,13.21,13.66,13.49,0.17,1.2602,323858.61,437901.735
002667.SZ,20251111,14.98,14.98,13.36,13.49,13.84,-0.35,-2.5289,486458.26,665942.876
002667.SZ,20251110,12.7,13.84,12.7,13.84,12.58,1.26,10.0159,165902.16,224993.452
002667.SZ,20251107,12.36,12.65,12.3,12.58,12.39,0.19,1.5335,116122.81,145268.293
002667.SZ,20251106,12.43,12.47,12.23,12.39,12.45,-0.06,-0.4819,61664.79,76186.682
002667.SZ,20251105,12.3,12.51,12.17,12.45,12.3,0.15,1.2195,84672.55,104994.712
002667.SZ,20251104,12.41,12.7,12.23,12.3,12.46,-0.16,-1.2841,106923.28,132670.525
002667.SZ,20251103,12.09,12.55,12.02,12.46,12.06,0.4,3.3167,170738.0,210441.038
002667.SZ,20251031,11.85,12.38,11.83,12.06,11.97,0.09,0.7519,156898.1,191466.281
002667.SZ,20251030,11.95,12.14,11.6,11.97,11.88,0.09,0.7576,136411.34,162145.527
002667.SZ,20251029,11.54,12.06,11.48,11.88,11.57,0.31,2.6793,109896.36,129353.955
002667.SZ,20251028,11.72,11.81,11.55,11.57,11.79,-0.22,-1.866,61837.01,71920.114
002667.SZ,20251027,11.96,12.16,11.7,11.79,12.0,-0.21,-1.75,95309.75,112764.698
002667.SZ,20251024,11.97,12.43,11.91,12.0,12.0,0.0,0.0,94237.03,114552.789
002667.SZ,20251023,12.02,12.05,11.78,12.0,11.97,0.03,0.2506,73486.49,87396.8
002667.SZ,20251022,11.85,12.24,11.61,11.97,11.73,0.24,2.046,119193.0,143257.589
002667.SZ,20251021,11.52,11.86,11.43,11.73,11.47,0.26,2.2668,82046.0,96137.442
002667.SZ,20251020,11.5,11.58,11.33,11.47,11.37,0.1,0.8795,57400.99,65814.423
002667.SZ,20251017,11.61,12.06,11.35,11.37,11.6,-0.23,-1.9828,89527.0,103841.908
002667.SZ,20251016,12.0,12.02,11.55,11.6,12.0,-0.4,-3.3333,93820.16,109976.392
002667.SZ,20251015,11.88,12.28,11.86,12.0,11.88,0.12,1.0101,137933.56,167048.133
002667.SZ,20251014,11.74,12.46,11.73,11.88,11.64,0.24,2.0619,180293.0,218256.14
002667.SZ,20251013,11.0,11.68,10.76,11.64,11.38,0.26,2.2847,113444.79,128538.545
002667.SZ,20251010,11.65,11.71,11.36,11.38,11.73,-0.35,-2.9838,78333.0,89767.538
002667.SZ,20251009,11.64,11.92,11.59,11.73,11.64,0.09,0.7732,123089.31,144657.995
002667.SZ,20250930,11.28,11.94,11.24,11.64,11.27,0.37,3.2831,134550.77,157240.579
002667.SZ,20250929,11.06,11.31,10.95,11.27,11.09,0.18,1.6231,89070.86,99577.802
002667.SZ,20250926,11.02,11.3,11.02,11.09,11.14,-0.05,-0.4488,58067.26,64828.582
002667.SZ,20250925,11.3,11.48,11.06,11.14,11.32,-0.18,-1.5901,74816.1,84128.472
002667.SZ,20250924,10.88,11.35,10.83,11.32,10.98,0.34,3.0965,98135.89,110280.425
002667.SZ,20250923,11.36,11.36,10.69,10.98,11.36,-0.38,-3.3451,131929.03,143801.253
002667.SZ,20250922,11.88,11.96,11.26,11.36,11.92,-0.56,-4.698,132108.02,151042.12
002667.SZ,20250919,11.71,11.98,11.52,11.92,11.66,0.26,2.2298,166688.53,196372.41
002667.SZ,20250918,12.06,12.07,11.54,11.66,12.06,-0.4,-3.3167,149241.39,175981.107
002667.SZ,20250917,12.19,12.22,12.01,12.06,12.19,-0.13,-1.0664,93817.59,113278.332
002667.SZ,20250916,12.54,12.56,12.08,12.19,12.54,-0.35,-2.7911,139161.03,170228.177
002667.SZ,20250915,12.74,13.28,12.51,12.54,12.71,-0.17,-1.3375,156798.3,199719.552
002667.SZ,20250912,11.97,12.98,11.7,12.71,11.97,0.74,6.1821,270770.62,334265.248
002667.SZ,20250911,11.75,12.0,11.48,11.97,11.78,0.19,1.6129,130404.0,152607.995
002667.SZ,20250910,12.45,12.59,11.53,11.78,12.51,-0.73,-5.8353,246500.86,294012.158
002667.SZ,20250909,13.12,13.41,12.44,12.51,13.25,-0.74,-5.5849,199597.72,256905.66
002667.SZ,20250908,12.96,13.41,12.8,13.25,13.0,0.25,1.9231,179777.95,236856.981
002667.SZ,20250905,12.54,13.57,12.46,13.0,12.46,0.54,4.3339,165464.82,215747.212
002667.SZ,20250904,12.69,13.0,12.29,12.46,12.69,-0.23,-1.8125,139630.11,177365.011
002667.SZ,20250903,13.42,13.68,12.6,12.69,13.4,-0.71,-5.2985,159337.96,208814.327
002667.SZ,20250902,13.96,13.96,13.32,13.4,13.9,-0.5,-3.5971,143464.16,194076.388
002667.SZ,20250901,13.1,13.94,12.96,13.9,13.09,0.81,6.1879,229112.43,311209.323
002667.SZ,20250829,13.25,13.63,13.04,13.09,13.2,-0.11,-0.8333,147688.0,196255.232
002667.SZ,20250828,13.14,13.47,12.82,13.2,13.22,-0.02,-0.1513,167901.56,220832.247
002667.SZ,20250827,13.6,13.88,13.07,13.22,13.56,-0.34,-2.5074,216995.64,293651.866
002667.SZ,20250826,13.32,13.85,12.75,13.56,12.98,0.58,4.4684,281962.99,380769.939
002667.SZ,20250825,12.68,13.3,12.6,12.98,12.56,0.42,3.3439,198698.14,257953.761
002667.SZ,20250822,12.59,12.64,12.47,12.56,12.54,0.02,0.1595,75180.0,94231.268
002667.SZ,20250821,12.5,12.65,12.42,12.54,12.45,0.09,0.7229,99792.26,125323.798
002667.SZ,20250820,12.4,12.52,12.3,12.45,12.47,-0.02,-0.1604,64458.03,79930.117
002667.SZ,20250819,12.38,12.65,12.21,12.47,12.42,0.05,0.4026,88373.37,109810.532
002667.SZ,20250818,12.5,12.57,12.3,12.42,12.43,-0.01,-0.0805,86682.83,107797.812
002667.SZ,20250815,12.1,12.48,12.1,12.43,12.11,0.32,2.6424,88728.0,109049.493
002667.SZ,20250814,12.41,12.44,12.1,12.11,12.43,-0.32,-2.5744,71606.26,87946.547
002667.SZ,20250813,12.47,12.57,12.36,12.43,12.52,-0.09,-0.7188,93839.83,116775.846
002667.SZ,20250812,12.62,12.71,12.36,12.52,12.76,-0.24,-1.8809,133992.11,167420.072
002667.SZ,20250811,13.42,13.62,12.49,12.76,12.39,0.37,2.9863,220865.62,285504.926
002667.SZ,20250808,12.13,12.5,12.07,12.39,12.18,0.21,1.7241,88067.7,108295.669
002667.SZ,20250807,12.23,12.26,12.04,12.18,12.21,-0.03,-0.2457,56381.0,68518.61
002667.SZ,20250806,12.16,12.27,12.05,12.21,12.17,0.04,0.3287,57418.13,69841.07
002667.SZ,20250805,12.22,12.22,12.07,12.17,12.03,0.14,1.1638,61974.49,75260.339
002667.SZ,20250804,12.0,12.11,11.84,12.03,12.0,0.03,0.25,48960.0,58709.021
002667.SZ,20250801,12.0,12.1,11.95,12.0,11.99,0.01,0.0834,44208.0,53200.349
002667.SZ,20250731,12.06,12.22,11.96,11.99,12.12,-0.13,-1.0726,54424.0,65528.378
002667.SZ,20250730,12.26,12.26,11.96,12.12,12.22,-0.1,-0.8183,73887.0,89436.032
002667.SZ,20250729,12.26,12.4,12.13,12.22,12.32,-0.1,-0.8117,68182.5,83479.125
002667.SZ,20250728,12.43,12.47,12.27,12.32,12.49,-0.17,-1.3611,82713.01,102140.257
002667.SZ,20250725,12.77,12.8,12.41,12.49,12.69,-0.2,-1.576,106235.0,133571.454
002667.SZ,20250724,12.17,12.86,12.17,12.69,12.23,0.46,3.7612,187277.02,235521.377
002667.SZ,20250723,12.5,12.56,12.22,12.23,12.43,-0.2,-1.609,74862.0,92491.068
002667.SZ,20250722,12.47,12.74,12.2,12.43,12.54,-0.11,-0.8772,111177.2,138102.421
002667.SZ,20250721,12.62,12.68,12.4,12.54,12.59,-0.05,-0.3971,103569.2,129286.398
002667.SZ,20250718,12.55,12.85,12.47,12.59,12.53,0.06,0.4789,96540.0,122107.39
002667.SZ,20250717,12.44,12.7,12.36,12.53,12.48,0.05,0.4006,70572.0,88482.465
002667.SZ,20250716,12.77,12.77,12.45,12.48,12.62,-0.14,-1.1094,64590.0,80938.671
002667.SZ,20250715,12.27,12.8,12.25,12.62,12.75,-0.13,-1.0196,152861.0,192222.808
002667.SZ,20250714,12.55,13.31,12.47,12.75,12.23,0.52,4.2518,202073.39,260703.207
002667.SZ,20250711,12.33,12.55,12.2,12.23,12.32,-0.09,-0.7305,92517.5,114368.058
002667.SZ,20250710,12.47,12.47,12.15,12.32,12.32,0.0,0.0,75906.0,93188.29
002667.SZ,20250709,12.21,12.75,12.04,12.32,12.05,0.27,2.2407,135140.64,167326.414
002667.SZ,20250708,11.68,12.09,11.62,12.05,11.69,0.36,3.0796,100296.3,119593.857
002667.SZ,20250707,11.8,11.8,11.58,11.69,11.73,-0.04,-0.341,41981.0,48833.05
002667.SZ,20250704,11.85,11.91,11.67,11.73,11.84,-0.11,-0.9291,66990.7,78990.158
002667.SZ,20250703,12.08,12.11,11.72,11.84,11.94,-0.1,-0.8375,66931.7,79181.105
002667.SZ,20250702,11.87,11.97,11.67,11.94,11.83,0.11,0.9298,68623.0,81287.239
002667.SZ,20250701,11.8,11.93,11.58,11.83,11.69,0.14,1.1976,75796.5,88939.866
002667.SZ,20250630,11.73,11.81,11.55,11.69,11.72,-0.03,-0.256,73337.39,85282.752
002667.SZ,20250627,11.8,12.0,11.71,11.72,11.73,-0.01,-0.0853,46679.5,55164.714
002667.SZ,20250626,11.93,12.17,11.69,11.73,11.89,-0.16,-1.3457,63447.01,75315.168
002667.SZ,20250625,11.91,11.98,11.77,11.89,11.91,-0.02,-0.1679,49346.7,58587.55
002667.SZ,20250624,11.6,11.97,11.49,11.91,11.63,0.28,2.4076,71698.01,84419.006
002667.SZ,20250623,11.51,11.84,11.39,11.63,11.55,0.08,0.6926,61468.0,71719.398
002667.SZ,20250620,11.8,11.85,11.5,11.55,11.79,-0.24,-2.0356,56185.4,65257.825
002667.SZ,20250619,11.97,12.29,11.55,11.79,11.97,-0.18,-1.5038,83092.79,98276.782
002667.SZ,20250618,12.1,12.19,11.91,11.97,12.21,-0.24,-1.9656,46100.18,55344.054
002667.SZ,20250617,11.99,12.25,11.5,12.21,11.92,0.29,2.4329,97003.99,115660.484
002667.SZ,20250616,12.04,12.05,11.89,11.92,12.17,-0.25,-2.0542,65159.0,77895.382
002667.SZ,20250613,12.46,12.49,12.0,12.17,12.51,-0.34,-2.7178,100157.6,122040.997
002667.SZ,20250612,12.68,12.72,12.45,12.51,12.71,-0.2,-1.5736,67655.6,84906.199
002667.SZ,20250611,12.49,12.86,12.41,12.71,12.5,0.21,1.68,75748.0,96474.598
002667.SZ,20250610,12.77,12.83,12.3,12.5,12.56,-0.06,-0.4777,93365.5,117768.397
002667.SZ,20250609,12.4,12.63,12.37,12.56,12.4,0.16,1.2903,57144.6,71441.734
002667.SZ,20250606,12.42,12.52,12.3,12.4,12.43,-0.03,-0.2414,70504.8,87300.111
002667.SZ,20250605,12.55,12.55,12.29,12.43,12.58,-0.15,-1.1924,79080.7,97787.259
002667.SZ,20250604,12.35,12.69,12.35,12.58,12.35,0.23,1.8623,69090.0,86949.846
002667.SZ,20250603,12.29,12.53,12.25,12.35,12.42,-0.07,-0.5636,48288.0,59798.169
002667.SZ,20250530,12.49,12.55,12.27,12.42,12.5,-0.08,-0.64,54518.0,67299.903
002667.SZ,20250529,12.48,12.57,12.28,12.5,12.5,0.0,0.0,69072.0,85876.536
002667.SZ,20250528,12.53,12.64,12.45,12.5,12.56,-0.06,-0.4777,52527.0,65746.693
002667.SZ,20250527,12.65,12.66,12.4,12.56,12.65,-0.09,-0.7115,53671.5,67296.885
002667.SZ,20250526,12.58,12.9,12.4,12.65,12.69,-0.04,-0.3152,82595.7,103867.445
002667.SZ,20250523,12.88,13.06,12.66,12.69,12.94,-0.25,-1.932,101716.0,130616.28
002667.SZ,20250522,13.2,13.61,12.81,12.94,13.33,-0.39,-2.9257,154983.92,202549.52
002667.SZ,20250521,14.74,14.74,13.3,13.33,14.78,-1.45,-9.8106,362230.12,501716.106
002667.SZ,20250520,13.75,14.93,13.28,14.78,13.57,1.21,8.9167,412966.8,598583.755
002667.SZ,20250519,13.7,13.8,13.12,13.57,13.7,-0.13,-0.9489,125032.9,167861.746
002667.SZ,20250516,13.31,14.33,13.31,13.7,13.32,0.38,2.8529,235622.7,329448.447
002667.SZ,20250515,13.35,13.48,13.1,13.32,13.35,-0.03,-0.2247,111122.42,147519.733
002667.SZ,20250514,13.4,13.65,13.0,13.35,13.16,0.19,1.4438,132395.0,176930.149
002667.SZ,20250513,13.33,13.38,12.96,13.16,13.11,0.05,0.3814,91013.0,119726.339
002667.SZ,20250512,12.99,13.32,12.85,13.11,12.82,0.29,2.2621,143238.71,187233.66
002667.SZ,20250509,12.74,12.92,12.57,12.82,12.82,0.0,0.0,128139.81,162800.635
002667.SZ,20250508,12.77,12.94,12.6,12.82,12.96,-0.14,-1.0802,111522.1,142584.976
002667.SZ,20250507,13.15,13.38,12.7,12.96,12.98,-0.02,-0.1541,157533.96,204712.7
002667.SZ,20250506,13.5,13.7,12.6,12.98,13.41,-0.43,-3.2066,276790.5,362104.633
002667.SZ,20250430,12.75,13.41,12.45,13.41,12.19,1.22,10.0082,265158.61,344088.47
002667.SZ,20250429,12.47,12.8,11.95,12.19,13.09,-0.9,-6.8755,207486.0,256695.558
002667.SZ,20250428,13.51,13.74,12.84,13.09,12.49,0.6,4.8038,373938.18,504052.775
002667.SZ,20250425,12.73,12.84,12.09,12.49,12.99,-0.5,-3.8491,175171.0,218705.295
002667.SZ,20250424,13.96,14.39,12.53,12.99,13.92,-0.93,-6.681,300355.8,390667.517
002667.SZ,20250423,14.0,14.18,13.68,13.92,13.86,0.06,0.4329,160730.0,224547.904
002667.SZ,20250422,13.33,14.39,13.03,13.86,13.29,0.57,4.2889,255695.0,348641.105
002667.SZ,20250421,12.99,13.55,12.78,13.29,12.82,0.47,3.6661,187377.0,249229.596
002667.SZ,20250418,13.01,13.2,12.5,12.82,13.26,-0.44,-3.3183,164610.0,210790.451
002667.SZ,20250417,13.98,14.0,13.0,13.26,13.77,-0.51,-3.7037,231348.8,308282.882
002667.SZ,20250416,14.01,14.25,13.39,13.77,14.15,-0.38,-2.6855,245683.3,338760.457
002667.SZ,20250415,14.95,15.0,13.22,14.15,14.05,0.1,0.7117,398898.95,562154.62
002667.SZ,20250414,13.54,14.05,13.21,14.05,12.77,1.28,10.0235,117683.36,163600.52
002667.SZ,20250411,12.01,13.01,11.96,12.77,12.14,0.63,5.1895,213162.7,270369.874
002667.SZ,20250410,11.83,12.25,11.77,12.14,11.6,0.54,4.6552,181346.64,217565.198
002667.SZ,20250409,11.39,11.85,10.35,11.6,11.5,0.1,0.8696,217515.0,239348.676
002667.SZ,20250408,11.23,11.87,11.12,11.5,11.19,0.31,2.7703,227451.4,259739.097
002667.SZ,20250407,11.6,12.0,11.19,11.19,12.43,-1.24,-9.9759,203526.44,234208.869
002667.SZ,20250403,12.5,12.86,12.39,12.43,12.56,-0.13,-1.035,206718.11,260762.36
002667.SZ,20250402,12.29,13.1,12.14,12.56,12.41,0.15,1.2087,319477.19,403126.17
002667.SZ,20250401,11.26,12.41,11.18,12.41,11.28,1.13,10.0177,250356.53,301852.742
002667.SZ,20250331,10.91,11.28,10.76,11.28,10.91,0.37,3.3914,122554.86,135112.533
002667.SZ,20250328,11.33,11.4,10.78,10.91,11.17,-0.26,-2.3277,137206.98,152913.366
002667.SZ,20250327,11.4,11.58,11.08,11.17,11.47,-0.3,-2.6155,146471.39,165704.322
002667.SZ,20250326,11.27,11.54,11.23,11.47,11.33,0.14,1.2357,161513.13,184181.879
002667.SZ,20250325,11.03,11.38,10.93,11.33,11.11,0.22,1.9802,274390.89,307401.534
002667.SZ,20250324,10.1,11.11,9.96,11.11,10.1,1.01,10.0,266910.0,282157.474
002667.SZ,20250321,10.23,10.34,10.04,10.1,10.31,-0.21,-2.0369,71602.0,72656.086
002667.SZ,20250320,10.26,10.43,10.2,10.31,10.3,0.01,0.0971,57311.0,59024.574
002667.SZ,20250319,10.4,10.49,10.2,10.3,10.5,-0.2,-1.9048,78432.0,80832.173
002667.SZ,20250318,10.6,10.62,10.38,10.5,10.53,-0.03,-0.2849,69610.0,72814.272
002667.SZ,20250317,10.54,10.7,10.33,10.53,10.57,-0.04,-0.3784,101126.0,105947.457
002667.SZ,20250314,10.7,10.92,10.56,10.57,10.7,-0.13,-1.215,157690.7,169846.742
002667.SZ,20250313,10.43,10.88,10.36,10.7,10.43,0.27,2.5887,161647.2,171617.768
002667.SZ,20250312,10.49,10.59,10.36,10.43,10.46,-0.03,-0.2868,62187.0,64850.581
002667.SZ,20250311,10.33,10.5,10.11,10.46,10.4,0.06,0.5769,85996.0,88548.76
002667.SZ,20250310,10.3,10.54,10.22,10.4,10.23,0.17,1.6618,90659.0,94165.619
002667.SZ,20250307,10.16,10.55,10.09,10.23,10.19,0.04,0.3925,115083.0,118733.551
002667.SZ,20250306,10.17,10.26,10.06,10.19,10.18,0.01,0.0982,82226.0,83556.315
002667.SZ,20250305,10.18,10.25,9.84,10.18,10.18,0.0,0.0,91559.14,91858.192
002667.SZ,20250304,10.12,10.2,9.88,10.18,10.19,-0.01,-0.0981,125528.0,125740.347
002667.SZ,20250303,10.08,10.57,10.07,10.19,10.17,0.02,0.1967,121584.55,125971.761
002667.SZ,20250228,10.5,10.66,10.08,10.17,10.5,-0.33,-3.1429,94167.99,96980.366
002667.SZ,20250227,10.66,11.1,10.33,10.5,10.5,0.0,0.0,153515.0,164157.147
002667.SZ,20250226,10.28,10.64,10.28,10.5,10.3,0.2,1.9417,132198.82,138592.29
002667.SZ,20250225,10.04,10.59,10.0,10.3,10.18,0.12,1.1788,145021.0,150263.893
002667.SZ,20250224,10.05,10.3,9.95,10.18,10.09,0.09,0.892,101404.93,102715.698
002667.SZ,20250221,9.86,10.16,9.66,10.09,9.9,0.19,1.9192,109675.33,108896.929
002667.SZ,20250220,10.04,10.05,9.71,9.9,10.05,-0.15,-1.4925,90080.0,88878.363
002667.SZ,20250219,9.93,10.14,9.84,10.05,9.98,0.07,0.7014,65398.04,65587.581
002667.SZ,20250218,10.41,10.44,9.96,9.98,10.31,-0.33,-3.2008,99614.0,101881.875
002667.SZ,20250217,10.05,10.5,10.04,10.31,10.05,0.26,2.5871,124234.13,127255.059
002667.SZ,20250214,10.15,10.4,9.97,10.05,10.23,-0.18,-1.7595,94108.13,95065.66
002667.SZ,20250213,10.28,10.48,10.22,10.23,10.31,-0.08,-0.7759,82692.0,85474.952
002667.SZ,20250212,10.08,10.45,10.0,10.31,10.07,0.24,2.3833,132452.0,135271.818
002667.SZ,20250211,10.15,10.21,10.01,10.07,10.19,-0.12,-1.1776,84935.0,85681.036
002667.SZ,20250210,9.99,10.28,9.91,10.19,9.99,0.2,2.002,132600.0,133191.933
002667.SZ,20250207,9.66,10.18,9.6,9.99,9.66,0.33,3.4161,204868.53,202528.517
002667.SZ,20250206,9.55,9.66,9.36,9.66,9.54,0.12,1.2579,128083.0,122000.611
002667.SZ,20250205,9.37,10.02,9.37,9.54,9.52,0.02,0.2101,214092.0,207029.24
002667.SZ,20250127,8.82,9.52,8.68,9.52,8.65,0.87,10.0578,237369.32,223386.527
002667.SZ,20250124,8.55,8.68,8.36,8.65,8.55,0.1,1.1696,109553.57,93342.872
002667.SZ,20250123,9.13,9.25,8.5,8.55,8.99,-0.44,-4.8943,209276.43,184929.645
002667.SZ,20250122,9.6,9.65,8.98,8.99,9.63,-0.64,-6.6459,139324.0,128812.649
002667.SZ,20250121,10.0,10.08,9.48,9.63,9.83,-0.2,-2.0346,95013.0,92190.678
002667.SZ,20250120,9.77,10.18,9.77,9.83,9.91,-0.08,-0.8073,105472.0,105089.635
002667.SZ,20250117,9.59,10.2,9.51,9.91,9.6,0.31,3.2292,164760.0,161844.93
002667.SZ,20250116,9.47,9.79,9.31,9.6,9.34,0.26,2.7837,131592.0,125062.681
002667.SZ,20250115,9.48,9.68,9.21,9.34,9.39,-0.05,-0.5325,107700.0,101328.326
002667.SZ,20250114,8.91,9.42,8.91,9.39,8.9,0.49,5.5056,120439.79,111602.291
002667.SZ,20250113,8.83,9.16,8.5,8.9,9.03,-0.13,-1.4396,79096.0,69943.04
002667.SZ,20250110,9.4,9.62,9.01,9.03,9.36,-0.33,-3.5256,109232.86,101068.433
002667.SZ,20250109,9.27,9.68,9.27,9.36,9.33,0.03,0.3215,76071.0,71855.305
002667.SZ,20250108,9.51,9.6,9.08,9.33,9.6,-0.27,-2.8125,135143.0,125842.051
002667.SZ,20250107,8.94,9.72,8.93,9.6,8.95,0.65,7.2626,157298.86,146649.706
002667.SZ,20250106,9.3,9.43,8.8,8.95,9.34,-0.39,-4.1756,167657.4,151919.899
002667.SZ,20250103,10.35,10.5,9.32,9.34,10.35,-1.01,-9.7585,188027.0,182762.843
002667.SZ,20250102,10.46,10.65,10.11,10.35,10.6,-0.25,-2.3585,125391.86,130163.238
002667.SZ,20241231,10.95,11.35,10.33,10.6,10.94,-0.34,-3.1079,170382.0,184055.856
002667.SZ,20241230,10.85,11.25,10.43,10.94,11.05,-0.11,-0.9955,161189.0,174175.254
002667.SZ,20241227,10.69,11.6,10.36,11.05,10.69,0.36,3.3676,273002.56,303015.334
002667.SZ,20241226,10.45,10.88,10.21,10.69,10.67,0.02,0.1874,231284.73,243267.614
002667.SZ,20241225,11.63,11.65,10.67,10.67,11.85,-1.18,-9.9578,227147.7,249358.805
002667.SZ,20241224,12.0,12.29,11.3,11.85,12.21,-0.36,-2.9484,438694.14,513208.379
002667.SZ,20241223,11.1,12.21,11.0,12.21,11.1,1.11,10.0,367793.1,441604.851
002667.SZ,20241220,11.65,11.67,10.76,11.1,11.8,-0.7,-5.9322,308149.96,340535.441
002667.SZ,20241219,11.48,11.92,11.33,11.8,11.7,0.1,0.8547,314265.83,364510.521
002667.SZ,20241218,11.32,12.4,11.0,11.7,11.32,0.38,3.3569,522810.75,606454.986
002667.SZ,20241217,10.19,11.32,10.11,11.32,10.29,1.03,10.0097,400933.21,439687.029
002667.SZ,20241216,9.96,10.5,9.95,10.29,9.9,0.39,3.9394,220454.89,226291.03
002667.SZ,20241213,10.1,10.13,9.88,9.9,10.2,-0.3,-2.9412,112844.0,112819.74
002667.SZ,20241212,10.12,10.35,10.0,10.2,10.21,-0.01,-0.0979,115399.86,117008.94
002667.SZ,20241211,10.08,10.24,9.92,10.21,10.13,0.08,0.7897,135666.09,137156.377
002667.SZ,20241210,10.43,10.5,10.06,10.13,10.13,0.0,0.0,170995.23,174036.749
002667.SZ,20241209,10.32,10.49,9.75,10.13,10.32,-0.19,-1.8411,230937.09,233214.316
002667.SZ,20241206,11.12,11.12,10.19,10.32,11.04,-0.72,-6.5217,283411.51,296561.043
002667.SZ,20241205,11.28,11.28,10.73,11.04,11.26,-0.22,-1.9538,183033.92,200538.184
002667.SZ,20241204,11.23,11.38,11.0,11.26,11.15,0.11,0.9865,185587.25,207422.872
002667.SZ,20241203,11.5,11.54,11.04,11.15,11.48,-0.33,-2.8746,206322.81,230472.699
002667.SZ,20241202,11.3,11.48,11.01,11.48,11.45,0.03,0.262,287352.6,323004.633
002667.SZ,20241129,11.32,12.4,11.32,11.45,11.31,0.14,1.2378,283237.62,328775.072
002667.SZ,20241128,11.7,11.9,11.27,11.31,11.67,-0.36,-3.0848,222067.3,255456.174
002667.SZ,20241127,11.2,11.7,11.06,11.67,11.38,0.29,2.5483,289628.5,331409.717
002667.SZ,20241126,11.85,12.2,11.0,11.38,11.85,-0.47,-3.9662,354904.8,409219.404
002667.SZ,20241125,10.67,11.85,10.67,11.85,10.77,1.08,10.0279,119739.8,139622.888
002667.SZ,20241122,11.01,11.48,10.75,10.77,11.23,-0.46,-4.0962,347961.6,384188.098
002667.SZ,20241121,11.78,12.24,11.0,11.23,11.88,-0.65,-5.4714,526061.24,600841.11
002667.SZ,20241120,11.88,11.88,11.4,11.88,10.8,1.08,10.0,138167.0,163302.636
002667.SZ,20241119,10.03,10.8,10.02,10.8,9.82,0.98,9.9796,120032.14,127732.598
002667.SZ,20241118,10.0,10.18,9.61,9.82,10.12,-0.3,-2.9644,169791.0,167728.816
002667.SZ,20241115,10.7,10.88,10.02,10.12,10.99,-0.87,-7.9163,251747.6,261548.412
002667.SZ,20241114,11.94,12.01,10.99,10.99,12.21,-1.22,-9.9918,287995.0,326303.434
002667.SZ,20241113,12.29,12.72,11.44,12.21,11.8,0.41,3.4746,595521.58,727713.493
002667.SZ,20241112,11.8,11.8,11.41,11.8,10.73,1.07,9.972,152923.5,179959.883
002667.SZ,20241111,9.63,10.73,9.58,10.73,9.75,0.98,10.0513,210225.57,216466.695
002667.SZ,20241108,9.83,10.08,9.64,9.75,9.69,0.06,0.6192,178174.69,175180.224
002667.SZ,20241107,9.39,9.72,9.15,9.69,9.65,0.04,0.4145,189704.0,180321.252
002667.SZ,20241106,9.76,10.28,9.56,9.65,9.84,-0.19,-1.9309,293177.79,291732.667
002667.SZ,20241105,9.73,10.6,9.49,9.84,9.73,0.11,1.1305,384258.42,383768.402
002667.SZ,20241104,10.49,10.66,9.73,9.73,10.81,-1.08,-9.9907,333385.5,331543.62
002667.SZ,20241101,10.4,11.35,10.38,10.81,10.32,0.49,4.7481,442303.01,487509.836
002667.SZ,20241031,9.52,10.32,9.5,10.32,9.38,0.94,10.0213,310351.24,311289.397
002667.SZ,20241030,9.33,9.77,9.1,9.38,9.72,-0.34,-3.4979,279586.5,262809.193
002667.SZ,20241029,9.25,10.19,9.24,9.72,9.26,0.46,4.9676,406915.63,400608.839
002667.SZ,20241028,8.76,9.5,8.73,9.26,8.69,0.57,6.5593,398764.38,363504.293
002667.SZ,20241025,7.71,8.69,7.71,8.69,7.9,0.79,10.0,358642.84,299240.812
002667.SZ,20241024,8.07,8.25,7.88,7.9,8.26,-0.36,-4.3584,148724.0,119037.835
002667.SZ,20241023,8.07,8.44,8.03,8.26,7.85,0.41,5.2229,260381.7,214388.503
002667.SZ,20241022,7.68,7.89,7.53,7.85,7.7,0.15,1.9481,139247.54,108417.508
002667.SZ,20241021,7.88,7.97,7.65,7.7,7.9,-0.2,-2.5316,174814.9,135873.534
002667.SZ,20241018,7.68,8.03,7.61,7.9,7.75,0.15,1.9355,133003.5,104059.486
002667.SZ,20241017,7.84,8.39,7.73,7.75,7.72,0.03,0.3886,117741.0,93247.021
002667.SZ,20241016,7.65,7.88,7.58,7.72,7.95,-0.23,-2.8931,120227.08,92902.209
002667.SZ,20241015,8.2,8.25,7.95,7.95,8.38,-0.43,-5.1313,139098.6,112855.094
002667.SZ,20241014,8.02,8.49,7.85,8.38,7.95,0.43,5.4088,179476.84,148719.664
002667.SZ,20241011,7.74,8.16,7.53,7.95,7.81,0.14,1.7926,152429.54,120044.195
002667.SZ,20241010,8.14,8.14,7.57,7.81,8.22,-0.41,-4.9878,170206.44,133572.723
002667.SZ,20241009,8.67,8.68,8.22,8.22,9.13,-0.91,-9.9671,185609.0,154914.899
002667.SZ,20241008,9.25,9.32,8.2,9.13,8.5,0.63,7.4118,411450.45,367123.917
002667.SZ,20240930,8.53,8.53,7.8,8.5,7.77,0.73,9.3951,450551.46,371897.317
002667.SZ,20240927,7.31,7.77,7.17,7.77,7.06,0.71,10.0567,294832.2,223331.273
002667.SZ,20240926,6.98,7.07,6.82,7.06,7.03,0.03,0.4267,243793.79,170325.832
002667.SZ,20240925,6.8,7.36,6.7,7.03,6.74,0.29,4.3027,411988.38,286428.161
002667.SZ,20240924,6.19,6.74,6.19,6.74,6.13,0.61,9.9511,173922.67,116054.088
002667.SZ,20240923,6.25,6.26,5.96,6.13,6.3,-0.17,-2.6984,170232.82,104107.887
002667.SZ,20240920,6.62,6.63,6.25,6.3,6.63,-0.33,-4.9774,199391.0,127044.685
002667.SZ,20240919,6.65,6.75,6.37,6.63,6.62,0.01,0.1511,191783.7,125636.386
002667.SZ,20240918,6.49,6.88,6.22,6.62,6.68,-0.06,-0.8982,224973.53,147359.001
002667.SZ,20240913,6.47,6.89,6.47,6.68,7.19,-0.51,-7.0932,323226.53,215111.076
002667.SZ,20240912,7.69,7.69,7.08,7.19,6.99,0.2,2.8612,502926.96,370247.76
002667.SZ,20240911,6.4,6.99,6.4,6.99,6.35,0.64,10.0787,113858.84,78199.436
002667.SZ,20240910,6.51,6.89,6.28,6.35,6.5,-0.15,-2.3077,352161.0,229265.766
002667.SZ,20240909,5.8,6.5,5.7,6.5,5.91,0.59,9.9831,143700.0,91578.572
002667.SZ,20240906,6.27,6.29,5.91,5.91,6.29,-0.38,-6.0413,166097.04,100656.556
002667.SZ,20240905,6.09,6.38,5.93,6.29,6.09,0.2,3.2841,194131.39,120388.96
002667.SZ,20240904,6.14,6.31,6.05,6.09,6.31,-0.22,-3.4865,203567.0,125212.026
002667.SZ,20240903,5.85,6.45,5.76,6.31,5.99,0.32,5.3422,308887.24,190611.397
002667.SZ,20240902,5.81,6.17,5.77,5.99,5.85,0.14,2.3932,277244.99,166160.843
002667.SZ,20240830,5.7,5.92,5.6,5.85,5.7,0.15,2.6316,222431.76,129138.984
002667.SZ,20240829,5.69,5.8,5.53,5.7,5.76,-0.06,-1.0417,174571.7,98834.657
002667.SZ,20240828,5.6,5.87,5.48,5.76,5.79,-0.03,-0.5181,196565.0,112096.458
002667.SZ,20240827,6.09,6.19,5.64,5.79,6.09,-0.3,-4.9261,317801.49,186309.029
002667.SZ,20240826,5.46,6.09,5.37,6.09,5.54,0.55,9.9278,144394.32,85219.41
002667.SZ,20240823,5.68,5.79,5.34,5.54,5.81,-0.27,-4.6472,316149.25,174254.519
002667.SZ,20240822,6.19,6.81,5.8,5.81,6.19,-0.38,-6.1389,486661.08,306270.43
002667.SZ,20240821,5.65,6.19,5.47,6.19,5.63,0.56,9.9467,409508.14,242503.662
002667.SZ,20240820,5.12,5.63,5.06,5.63,5.12,0.51,9.9609,163177.34,90787.96
002667.SZ,20240819,5.18,5.21,4.98,5.12,5.13,-0.01,-0.1949,60107.0,30711.412
002667.SZ,20240816,5.39,5.48,5.07,5.13,5.41,-0.28,-5.1756,107502.0,55894.283
002667.SZ,20240815,5.27,5.43,5.16,5.41,5.27,0.14,2.6565,96696.0,51580.23
002667.SZ,20240814,5.26,5.33,5.2,5.27,5.27,0.0,0.0,67789.0,35732.124
002667.SZ,20240813,5.15,5.31,5.06,5.27,5.18,0.09,1.7375,77289.0,40128.031
002667.SZ,20240812,5.14,5.2,5.04,5.18,5.14,0.04,0.7782,82592.35,42433.089
002667.SZ,20240809,5.26,5.33,5.11,5.14,5.27,-0.13,-2.4668,101390.32,52746.692
002667.SZ,20240808,5.33,5.35,5.14,5.27,5.36,-0.09,-1.6791,144699.15,75765.703
002667.SZ,20240807,5.7,5.7,5.24,5.36,5.31,0.05,0.9416,248185.18,134137.838
002667.SZ,20240806,4.89,5.31,4.89,5.31,4.83,0.48,9.9379,73509.0,37636.241
002667.SZ,20240805,4.99,5.09,4.83,4.83,4.99,-0.16,-3.2064,56877.0,28236.758
002667.SZ,20240802,5.15,5.15,4.96,4.99,5.1,-0.11,-2.1569,49539.0,24941.495
002667.SZ,20240801,5.09,5.15,5.06,5.1,5.09,0.01,0.1965,51760.0,26404.643
002667.SZ,20240731,4.9,5.1,4.86,5.09,4.9,0.19,3.8776,50520.91,25338.718
002667.SZ,20240730,4.9,4.92,4.78,4.9,4.83,0.07,1.4493,43572.0,21213.325
002667.SZ,20240729,4.83,4.88,4.68,4.83,4.76,0.07,1.4706,46686.0,22390.702
002667.SZ,20240726,4.72,4.87,4.71,4.76,4.72,0.04,0.8475,40546.83,19441.87
002667.SZ,20240725,4.56,4.79,4.5,4.72,4.62,0.1,2.1645,59699.37,27912.213
002667.SZ,20240724,4.8,4.84,4.58,4.62,4.81,-0.19,-3.9501,55166.0,25788.841
002667.SZ,20240723,4.85,5.06,4.8,4.81,4.87,-0.06,-1.232,68268.0,33746.957
002667.SZ,20240722,4.79,4.9,4.75,4.87,4.8,0.07,1.4583,51502.24,24948.647
002667.SZ,20240719,4.76,4.82,4.59,4.8,4.69,0.11,2.3454,54345.3,25703.061
002667.SZ,20240718,4.65,4.72,4.47,4.69,4.69,0.0,0.0,50238.7,23081.519
002667.SZ,20240717,4.8,4.84,4.66,4.69,4.79,-0.1,-2.0877,56179.0,26505.159
002667.SZ,20240716,4.85,4.89,4.73,4.79,4.82,-0.03,-0.6224,81768.7,39282.346
002667.SZ,20240715,4.88,5.15,4.78,4.82,4.78,0.04,0.8368,108216.92,52850.603
002667.SZ,20240712,5.23,5.23,4.77,4.78,4.87,-0.09,-1.848,140413.0,68728.518
002667.SZ,20240711,4.56,4.87,4.52,4.87,4.43,0.44,9.9323,62354.0,29555.323
002667.SZ,20240710,4.53,4.63,4.35,4.43,4.56,-0.13,-2.8509,49574.0,22227.426
002667.SZ,20240709,4.58,4.67,4.41,4.56,4.59,-0.03,-0.6536,50661.7,22844.346
002667.SZ,20240708,4.77,4.79,4.53,4.59,4.77,-0.18,-3.7736,45350.7,20913.035
002667.SZ,20240705,4.69,4.83,4.55,4.77,4.69,0.08,1.7058,49946.0,23678.727
002667.SZ,20240704,4.99,5.04,4.65,4.69,4.99,-0.3,-6.012,55512.0,26723.174
002667.SZ,20240703,4.99,5.1,4.94,4.99,4.92,0.07,1.4228,55822.74,27997.521
002667.SZ,20240702,4.8,4.99,4.74,4.92,4.76,0.16,3.3613,57007.0,27934.02
002667.SZ,20240701,4.71,4.85,4.59,4.76,4.71,0.05,1.0616,47268.0,22190.215
002667.SZ,20240628,4.93,4.98,4.69,4.71,4.93,-0.22,-4.4625,43824.4,21232.585
002667.SZ,20240627,5.02,5.12,4.91,4.93,5.06,-0.13,-2.5692,45171.1,22570.245
002667.SZ,20240626,4.74,5.07,4.63,5.06,4.74,0.32,6.7511,56037.39,27316.295
002667.SZ,20240625,4.7,4.8,4.63,4.74,4.69,0.05,1.0661,47538.0,22415.104
002667.SZ,20240624,4.89,4.89,4.64,4.69,4.92,-0.23,-4.6748,64007.0,30238.042
002667.SZ,20240621,5.11,5.13,4.91,4.92,5.08,-0.16,-3.1496,42873.9,21381.566
002667.SZ,20240620,5.38,5.38,5.08,5.08,5.36,-0.28,-5.2239,48404.7,25001.498
002667.SZ,20240619,5.49,5.5,5.32,5.36,5.44,-0.08,-1.4706,38562.0,20741.179
002667.SZ,20240618,5.2,5.46,5.19,5.44,5.23,0.21,4.0153,48035.69,25836.741
002667.SZ,20240617,5.45,5.45,5.2,5.23,5.34,-0.11,-2.0599,39679.1,20863.274
002667.SZ,20240614,5.54,5.54,5.29,5.34,5.45,-0.11,-2.0183,38477.0,20618.393
002667.SZ,20240613,5.7,5.7,5.43,5.45,5.63,-0.18,-3.1972,44281.0,24407.291
002667.SZ,20240612,5.4,5.65,5.35,5.63,5.45,0.18,3.3028,55835.86,31088.483
002667.SZ,20240611,5.58,5.59,5.14,5.45,5.42,0.03,0.5535,65996.25,35196.505
002667.SZ,20240607,5.17,5.45,5.13,5.42,5.06,0.36,7.1146,100139.05,53620.598
002667.SZ,20240606,5.65,5.68,5.06,5.06,5.62,-0.56,-9.9644,82899.0,43379.237
002667.SZ,20240605,5.82,5.82,5.57,5.62,5.82,-0.2,-3.4364,51271.72,29024.751
002667.SZ,20240604,5.99,6.02,5.68,5.82,6.1,-0.28,-4.5902,78703.76,45453.703
002667.SZ,20240603,6.37,6.37,5.98,6.1,6.3,-0.2,-3.1746,54365.04,33156.313
002667.SZ,20240531,6.48,6.52,6.3,6.3,6.44,-0.14,-2.1739,36479.0,23241.169
002667.SZ,20240530,6.58,6.61,6.41,6.44,6.59,-0.15,-2.2762,30402.0,19732.019
002667.SZ,20240529,6.45,6.74,6.45,6.59,6.47,0.12,1.8547,43045.0,28573.816
002667.SZ,20240528,6.61,6.61,6.44,6.47,6.61,-0.14,-2.118,22755.0,14835.947
002667.SZ,20240527,6.61,6.65,6.46,6.61,6.6,0.01,0.1515,28681.0,18742.095
002667.SZ,20240524,6.73,6.81,6.6,6.6,6.73,-0.13,-1.9316,32938.0,21997.971
002667.SZ,20240523,7.0,7.0,6.72,6.73,6.91,-0.18,-2.6049,50993.0,34708.624
002667.SZ,20240522,6.79,7.0,6.75,6.91,6.81,0.1,1.4684,64040.0,44191.109
002667.SZ,20240521,7.02,7.06,6.53,6.81,7.22,-0.41,-5.6787,125387.37,84830.16
002667.SZ,20240520,7.27,7.37,7.18,7.22,7.29,-0.07,-0.9602,45285.42,32956.815
002667.SZ,20240517,7.25,7.33,7.15,7.29,7.23,0.06,0.8299,31008.72,22388.379
002667.SZ,20240516,7.17,7.35,7.17,7.23,7.21,0.02,0.2774,33827.0,24643.421
002667.SZ,20240515,7.29,7.38,7.2,7.21,7.29,-0.08,-1.0974,30731.0,22365.718
002667.SZ,20240514,7.22,7.42,7.2,7.29,7.21,0.08,1.1096,35653.5,25980.24
002667.SZ,20240513,7.32,7.43,7.01,7.21,7.39,-0.18,-2.4357,78352.0,56801.117
002667.SZ,20240510,7.54,7.58,7.29,7.39,7.52,-0.13,-1.7287,71599.0,52747.184
002667.SZ,20240509,7.4,7.74,7.39,7.52,7.31,0.21,2.8728,83183.5,63226.155
002667.SZ,20240508,7.5,7.57,7.29,7.31,7.54,-0.23,-3.0504,59613.45,44149.57
002667.SZ,20240507,7.46,7.83,7.31,7.54,7.41,0.13,1.7544,96633.25,72724.816
002667.SZ,20240506,7.3,7.42,7.22,7.41,7.16,0.25,3.4916,54793.0,40136.946
002667.SZ,20240430,7.32,7.35,7.06,7.16,7.29,-0.13,-1.7833,62736.03,44968.972
002667.SZ,20240429,7.03,7.33,7.02,7.29,7.03,0.26,3.6984,65231.0,47067.476
002667.SZ,20240426,6.7,7.1,6.6,7.03,6.72,0.31,4.6131,78048.3,53629.202
002667.SZ,20240425,6.73,6.83,6.62,6.72,6.74,-0.02,-0.2967,41232.0,27784.973
002667.SZ,20240424,6.76,6.82,6.61,6.74,6.71,0.03,0.4471,43627.5,29416.562
002667.SZ,20240423,6.58,6.79,6.54,6.71,6.51,0.2,3.0722,65164.07,43610.342
002667.SZ,20240422,6.81,6.9,6.46,6.51,6.76,-0.25,-3.6982,59497.72,39318.574
002667.SZ,20240419,6.8,6.89,6.58,6.76,6.75,0.01,0.1481,84859.59,57487.743
002667.SZ,20240418,6.79,6.96,6.39,6.75,6.72,0.03,0.4464,103003.0,69126.673
002667.SZ,20240417,5.93,6.73,5.93,6.72,6.53,0.19,2.9096,131596.45,86019.277
002667.SZ,20240416,6.94,7.0,6.53,6.53,7.25,-0.72,-9.931,48399.0,31851.754
002667.SZ,20240415,8.0,8.08,7.25,7.25,8.06,-0.81,-10.0496,75107.34,55576.73
002667.SZ,20240412,8.28,8.28,8.02,8.06,8.29,-0.23,-2.7744,52043.0,42329.815
002667.SZ,20240411,8.23,8.46,8.02,8.29,8.23,0.06,0.729,61426.0,50682.226
002667.SZ,20240410,8.61,8.65,8.18,8.23,8.59,-0.36,-4.1909,58176.73,48439.911
002667.SZ,20240409,8.31,8.69,8.31,8.59,8.35,0.24,2.8743,77037.08,66026.708
002667.SZ,20240408,8.64,8.79,8.34,8.35,8.69,-0.34,-3.9125,78408.33,66844.912
002667.SZ,20240403,8.75,8.98,8.63,8.69,8.82,-0.13,-1.4739,80330.14,70389.418
002667.SZ,20240402,8.62,8.91,8.56,8.82,8.62,0.2,2.3202,75499.79,66211.898
002667.SZ,20240401,8.23,8.64,8.23,8.62,8.2,0.42,5.122,67345.0,57255.94
002667.SZ,20240329,8.1,8.33,8.1,8.2,8.14,0.06,0.7371,36224.98,29695.082
002667.SZ,20240328,7.82,8.18,7.82,8.14,7.82,0.32,4.0921,52626.77,42358.102
002667.SZ,20240327,8.28,8.29,7.82,7.82,8.27,-0.45,-5.4414,55433.58,44666.419
002667.SZ,20240326,8.17,8.36,8.05,8.27,8.2,0.07,0.8537,56493.68,46484.768
002667.SZ,20240325,8.49,8.73,8.19,8.2,8.54,-0.34,-3.9813,86145.02,72219.727
002667.SZ,20240322,8.82,8.9,8.44,8.54,8.91,-0.37,-4.1526,81620.0,70405.27
002667.SZ,20240321,8.76,9.4,8.76,8.91,8.75,0.16,1.8286,102247.19,91517.23
002667.SZ,20240320,8.69,8.77,8.62,8.75,8.69,0.06,0.6904,49779.81,43291.105
002667.SZ,20240319,8.58,8.81,8.58,8.69,8.61,0.08,0.9292,63367.08,55116.401
002667.SZ,20240318,8.49,8.62,8.42,8.61,8.45,0.16,1.8935,69519.36,59385.492
002667.SZ,20240315,8.52,8.65,8.23,8.45,8.38,0.07,0.8353,74440.62,62518.949
002667.SZ,20240314,8.48,8.8,8.25,8.38,8.4,-0.02,-0.2381,98440.0,83189.051
002667.SZ,20240313,8.33,8.49,8.21,8.4,8.35,0.05,0.5988,59397.5,49557.776
002667.SZ,20240312,8.35,8.42,8.1,8.35,8.23,0.12,1.4581,70714.0,58276.425
002667.SZ,20240311,7.86,8.23,7.86,8.23,7.84,0.39,4.9745,83369.94,67784.832
002667.SZ,20240308,7.98,8.02,7.79,7.84,7.89,-0.05,-0.6337,39326.0,30962.17
002667.SZ,20240307,8.06,8.25,7.87,7.89,8.0,-0.11,-1.375,63144.0,50658.467
002667.SZ,20240306,7.74,8.1,7.74,8.0,7.74,0.26,3.3592,59154.0,46894.352
002667.SZ,20240305,7.97,7.99,7.69,7.74,8.01,-0.27,-3.3708,56703.01,44299.283
002667.SZ,20240304,8.15,8.28,7.86,8.01,8.16,-0.15,-1.8382,69515.7,55635.591
002667.SZ,20240301,8.08,8.33,8.0,8.16,8.08,0.08,0.9901,70074.87,57101.702
002667.SZ,20240229,7.41,8.11,7.41,8.08,7.68,0.4,5.2083,98161.61,77495.299
002667.SZ,20240228,8.47,8.88,7.62,7.68,8.35,-0.67,-8.024,134160.3,112166.651
002667.SZ,20240227,8.11,8.37,8.02,8.35,8.19,0.16,1.9536,68283.08,56494.564
002667.SZ,20240226,8.25,8.53,8.14,8.19,8.1,0.09,1.1111,107757.4,89327.731
002667.SZ,20240223,7.69,8.1,7.67,8.1,7.69,0.41,5.3316,75205.34,59206.652
002667.SZ,20240222,7.1,7.73,7.09,7.69,7.13,0.56,7.8541,102001.45,76010.184
002667.SZ,20240221,6.74,7.33,6.69,7.13,6.79,0.34,5.0074,90888.72,64587.032
002667.SZ,20240220,6.54,6.81,6.38,6.79,6.59,0.2,3.0349,66057.48,43901.335
002667.SZ,20240219,6.2,6.71,6.19,6.59,6.15,0.44,7.1545,97767.21,63792.179
002667.SZ,20240208,5.72,6.16,5.29,6.15,5.6,0.55,9.8214,144390.29,82742.401
002667.SZ,20240207,6.29,6.3,5.59,5.6,6.21,-0.61,-9.8229,140865.6,82539.346
002667.SZ,20240206,6.06,6.58,5.96,6.21,6.62,-0.41,-6.1934,130919.2,80041.769
002667.SZ,20240205,7.4,7.44,6.62,6.62,7.35,-0.73,-9.932,63390.24,42864.468
002667.SZ,20240202,7.89,8.14,7.13,7.35,7.92,-0.57,-7.197,84587.04,63887.082
002667.SZ,20240201,7.99,8.12,7.83,7.92,8.06,-0.14,-1.737,61615.87,49148.643
002667.SZ,20240131,8.63,8.7,8.01,8.06,8.61,-0.55,-6.3879,70203.54,58410.45
002667.SZ,20240130,8.79,8.94,8.61,8.61,8.85,-0.24,-2.7119,61194.24,53558.754
002667.SZ,20240129,9.6,9.6,8.8,8.85,9.68,-0.83,-8.5744,100170.04,91087.022
002667.SZ,20240126,9.76,9.95,9.68,9.68,9.8,-0.12,-1.2245,59808.16,58572.683
002667.SZ,20240125,9.61,9.85,9.41,9.8,9.6,0.2,2.0833,78195.9,75565.918
002667.SZ,20240124,9.9,9.99,9.16,9.6,9.79,-0.19,-1.9408,97832.32,93420.174
002667.SZ,20240123,9.97,10.15,9.41,9.79,10.15,-0.36,-3.5468,102043.73,99765.118
002667.SZ,20240122,11.0,11.03,10.15,10.15,11.28,-1.13,-10.0177,149983.91,158582.256
002667.SZ,20240119,11.78,12.09,11.26,11.28,11.95,-0.67,-5.6067,141187.76,163072.351
002667.SZ,20240118,11.64,12.2,11.44,11.95,12.03,-0.08,-0.665,167690.62,197846.88
002667.SZ,20240117,12.55,12.66,11.96,12.03,12.8,-0.77,-6.0156,193918.18,238648.296
002667.SZ,20240116,12.37,12.95,12.15,12.8,12.39,0.41,3.3091,225330.54,283962.29
002667.SZ,20240115,12.33,12.91,12.15,12.39,12.38,0.01,0.0808,194647.98,243679.888
002667.SZ,20240112,12.0,12.71,11.93,12.38,12.16,0.22,1.8092,267426.82,329757.428
002667.SZ,20240111,12.05,12.73,11.6,12.16,12.09,0.07,0.579,304016.42,367626.741
002667.SZ,20240110,11.18,12.09,10.83,12.09,10.99,1.1,10.0091,93517.5,108480.685
002667.SZ,20240109,10.71,11.12,10.7,10.99,10.75,0.24,2.2326,46561.21,50819.157
002667.SZ,20240108,10.93,11.16,10.73,10.75,10.85,-0.1,-0.9217,41063.65,44679.134
002667.SZ,20240105,11.05,11.31,10.79,10.85,11.07,-0.22,-1.9874,41994.21,46389.319
002667.SZ,20240104,11.04,11.1,10.83,11.07,10.99,0.08,0.7279,45266.0,49589.177
002667.SZ,20240103,11.15,11.18,10.9,10.99,11.09,-0.1,-0.9017,40917.04,45117.744
002667.SZ,20240102,11.32,11.37,11.06,11.09,11.27,-0.18,-1.5972,54778.04,61148.677
002667.SZ,20231229,11.06,11.31,10.98,11.27,11.03,0.24,2.1759,71414.5,79944.272
002667.SZ,20231228,10.4,11.12,10.35,11.03,10.41,0.62,5.9558,113198.51,122912.775
002667.SZ,20231227,10.7,10.7,10.35,10.41,10.66,-0.25,-2.3452,44690.54,46604.798
002667.SZ,20231226,10.75,10.95,10.63,10.66,10.75,-0.09,-0.8372,46616.75,50008.327
002667.SZ,20231225,10.87,10.93,10.58,10.75,10.92,-0.17,-1.5568,69872.0,75015.46
002667.SZ,20231222,10.6,10.92,10.28,10.92,10.6,0.32,3.0189,104024.97,111154.261
002667.SZ,20231221,10.29,10.68,10.17,10.6,10.37,0.23,2.2179,59986.04,62636.506
002667.SZ,20231220,10.4,10.49,10.36,10.37,10.4,-0.03,-0.2885,37242.25,38808.156
002667.SZ,20231219,10.45,10.58,10.33,10.4,10.47,-0.07,-0.6686,42078.5,43931.11
002667.SZ,20231218,10.77,10.87,10.4,10.47,10.66,-0.19,-1.7824,70974.0,75245.083
002667.SZ,20231215,10.4,10.98,10.38,10.66,10.31,0.35,3.3948,120176.79,128511.983
002667.SZ,20231214,10.35,10.6,10.29,10.31,10.24,0.07,0.6836,74961.5,78313.759
002667.SZ,20231213,10.66,10.66,10.23,10.24,10.62,-0.38,-3.5782,67003.65,69298.046
002667.SZ,20231212,10.68,10.75,10.54,10.62,10.7,-0.08,-0.7477,56638.52,60253.881
002667.SZ,20231211,11.18,11.18,10.51,10.7,11.24,-0.54,-4.8043,151550.8,162428.732
002667.SZ,20231208,11.94,12.27,11.03,11.24,11.83,-0.59,-4.9873,124707.81,144576.917
002667.SZ,20231207,12.05,12.18,11.61,11.83,12.18,-0.35,-2.8736,83530.0,98504.824
002667.SZ,20231206,11.72,12.47,11.7,12.18,11.78,0.4,3.3956,140398.97,171728.449
002667.SZ,20231205,11.94,12.24,11.76,11.78,11.94,-0.16,-1.34,53444.0,64210.493
002667.SZ,20231204,11.91,12.2,11.87,11.94,11.91,0.03,0.2519,51261.32,61539.559
002667.SZ,20231201,11.81,12.04,11.68,11.91,11.84,0.07,0.5912,35688.4,42294.373
002667.SZ,20231130,12.1,12.15,11.7,11.84,12.11,-0.27,-2.2296,41791.15,49632.871
002667.SZ,20231129,12.34,12.37,12.1,12.11,12.3,-0.19,-1.5447,30059.0,36735.676
002667.SZ,20231128,12.21,12.32,12.1,12.3,12.24,0.06,0.4902,35174.67,43005.563
002667.SZ,20231127,12.54,12.54,12.16,12.24,12.55,-0.31,-2.4701,47526.41,58326.038
002667.SZ,20231124,12.83,12.85,12.5,12.55,12.84,-0.29,-2.2586,48443.79,61015.046
002667.SZ,20231123,12.82,12.9,12.66,12.84,12.88,-0.04,-0.3106,45938.0,58642.398
002667.SZ,20231122,13.1,13.25,12.88,12.88,13.21,-0.33,-2.4981,57704.19,75013.475
002667.SZ,20231121,13.44,13.55,13.16,13.21,13.41,-0.2,-1.4914,61368.96,81808.828
002667.SZ,20231120,13.46,13.52,13.26,13.41,13.47,-0.06,-0.4454,57899.17,77494.231
002667.SZ,20231117,13.2,13.54,13.11,13.47,13.2,0.27,2.0455,66194.87,88482.432
002667.SZ,20231116,13.41,13.55,13.18,13.2,13.56,-0.36,-2.6549,90338.48,120295.273
002667.SZ,20231115,13.58,13.95,13.45,13.56,13.44,0.12,0.8929,141906.32,193969.776
002667.SZ,20231114,13.51,13.6,13.24,13.44,13.58,-0.14,-1.0309,104130.62,139538.609
002667.SZ,20231113,13.95,14.0,13.43,13.58,13.76,-0.18,-1.3081,255342.21,350947.571
002667.SZ,20231110,12.35,13.76,12.31,13.76,12.51,1.25,9.992,140151.14,185539.32
002667.SZ,20231109,12.36,13.05,12.32,12.51,12.37,0.14,1.1318,92583.01,116771.901
002667.SZ,20231108,12.5,12.55,12.3,12.37,12.49,-0.12,-0.9608,40247.76,50018.605
002667.SZ,20231107,12.61,12.64,12.41,12.49,12.64,-0.15,-1.1867,33473.67,41833.228
002667.SZ,20231106,12.39,12.71,12.39,12.64,12.39,0.25,2.0178,36904.0,46484.676
002667.SZ,20231103,12.09,12.45,12.09,12.39,12.08,0.31,2.5662,41395.0,51206.462
002667.SZ,20231102,12.3,12.46,12.05,12.08,12.34,-0.26,-2.107,32089.0,39091.732
002667.SZ,20231101,12.42,12.51,12.12,12.34,12.47,-0.13,-1.0425,44280.19,54466.815
002667.SZ,20231031,12.38,12.64,12.38,12.47,12.5,-0.03,-0.24,37612.0,46918.765
002667.SZ,20231030,12.42,12.58,12.35,12.5,12.52,-0.02,-0.1597,42788.0,53274.82
002667.SZ,20231027,11.92,12.6,11.75,12.52,11.92,0.6,5.0336,71200.17,87394.795
002667.SZ,20231026,11.89,11.96,11.68,11.92,11.97,-0.05,-0.4177,41912.0,49422.255
002667.SZ,20231025,11.91,12.2,11.83,11.97,12.02,-0.05,-0.416,43738.3,52609.256
002667.SZ,20231024,11.4,12.39,11.36,12.02,11.4,0.62,5.4386,93778.7,112828.309
002667.SZ,20231023,12.06,12.15,11.35,11.4,12.07,-0.67,-5.551,44331.1,51339.756
002667.SZ,20231020,11.64,12.22,11.64,12.07,11.77,0.3,2.5489,54772.0,65842.051
002667.SZ,20231019,11.68,12.08,11.6,11.77,11.74,0.03,0.2555,28240.1,33463.962
002667.SZ,20231018,11.95,11.96,11.74,11.74,11.95,-0.21,-1.7573,25113.28,29652.041
002667.SZ,20231017,12.06,12.16,11.86,11.95,12.07,-0.12,-0.9942,35707.39,42810.782
002667.SZ,20231016,12.6,12.6,11.85,12.07,12.64,-0.57,-4.5095,72852.3,87944.744
002667.SZ,20231013,12.61,12.69,12.38,12.64,12.71,-0.07,-0.5507,45126.91,56445.58
002667.SZ,20231012,12.2,12.8,12.16,12.71,12.19,0.52,4.2658,61814.19,77750.928
002667.SZ,20231011,12.51,12.68,12.16,12.19,12.49,-0.3,-2.4019,33900.0,41730.79
002667.SZ,20231010,12.23,12.87,12.23,12.49,12.19,0.3,2.461,48910.71,61367.943
002667.SZ,20231009,12.47,12.51,12.18,12.19,12.53,-0.34,-2.7135,29403.0,36142.168
002667.SZ,20230928,12.66,12.86,12.53,12.53,12.66,-0.13,-1.0269,23485.19,29653.912
002667.SZ,20230927,12.3,12.87,12.16,12.66,12.33,0.33,2.6764,51324.22,64838.786
002667.SZ,20230926,12.57,12.7,12.32,12.33,12.58,-0.25,-1.9873,24733.0,30812.534
002667.SZ,20230925,12.75,12.99,12.43,12.58,12.76,-0.18,-1.4107,35997.0,45514.752
002667.SZ,20230922,12.62,13.14,12.31,12.76,12.37,0.39,3.1528,54155.26,68383.744
002667.SZ,20230921,12.51,12.59,12.34,12.37,12.51,-0.14,-1.1191,20533.0,25538.757
002667.SZ,20230920,12.58,12.75,12.49,12.51,12.7,-0.19,-1.4961,19089.0,24019.71
002667.SZ,20230919,13.01,13.04,12.6,12.7,13.0,-0.3,-2.3077,25239.38,32188.982
002667.SZ,20230918,12.86,13.14,12.58,13.0,12.72,0.28,2.2013,29747.0,38498.829
002667.SZ,20230915,12.72,12.88,12.58,12.72,12.69,0.03,0.2364,22495.0,28572.46
002667.SZ,20230914,12.84,12.88,12.65,12.69,12.9,-0.21,-1.6279,22655.06,28874.296
002667.SZ,20230913,13.12,13.22,12.81,12.9,13.22,-0.32,-2.4206,25210.0,32702.807
002667.SZ,20230912,13.15,13.47,13.03,13.22,13.15,0.07,0.5323,31463.0,41577.58
002667.SZ,20230911,13.08,13.22,12.86,13.15,13.02,0.13,0.9985,26953.0,35307.873
002667.SZ,20230908,13.04,13.16,13.0,13.02,13.05,-0.03,-0.2299,21221.47,27747.648
002667.SZ,20230907,13.35,13.39,13.04,13.05,13.34,-0.29,-2.1739,26589.7,34990.188
002667.SZ,20230906,13.03,13.34,13.03,13.34,13.23,0.11,0.8314,26101.1,34610.311
002667.SZ,20230905,13.26,13.26,13.04,13.23,13.17,0.06,0.4556,26224.4,34537.205
002667.SZ,20230904,12.76,13.19,12.76,13.17,12.76,0.41,3.2132,40685.47,52992.576
002667.SZ,20230901,12.88,12.96,12.63,12.76,12.88,-0.12,-0.9317,30137.47,38371.738
002667.SZ,20230831,12.99,13.07,12.74,12.88,12.99,-0.11,-0.8468,32456.51,41710.281
002667.SZ,20230830,13.05,13.3,12.9,12.99,12.87,0.12,0.9324,59599.0,77945.633
002667.SZ,20230829,12.33,12.93,12.33,12.87,12.33,0.54,4.3796,60661.31,77518.216
002667.SZ,20230828,12.86,12.88,12.3,12.33,12.27,0.06,0.489,47597.43,60264.118
002667.SZ,20230825,12.63,12.75,12.26,12.27,12.71,-0.44,-3.4618,46003.0,57334.554
002667.SZ,20230824,12.85,13.02,12.68,12.71,12.98,-0.27,-2.0801,39691.93,50896.146
002667.SZ,20230823,13.34,13.34,12.97,12.98,13.34,-0.36,-2.6987,26489.0,34698.618
002667.SZ,20230822,13.42,13.56,13.01,13.34,13.41,-0.07,-0.522,35525.7,46889.899
002667.SZ,20230821,13.76,13.76,13.4,13.41,13.55,-0.14,-1.0332,17638.9,23842.762
002667.SZ,20230818,13.77,13.96,13.55,13.55,13.77,-0.22,-1.5977,19196.0,26416.248
002667.SZ,20230817,13.59,13.78,13.4,13.77,13.58,0.19,1.3991,25042.0,34035.242
002667.SZ,20230816,13.63,13.77,13.55,13.58,13.63,-0.05,-0.3668,17746.0,24264.807
002667.SZ,20230815,14.0,14.04,13.49,13.63,13.88,-0.25,-1.8012,26459.0,36079.854
002667.SZ,20230814,13.9,14.0,13.71,13.88,14.01,-0.13,-0.9279,22917.12,31661.152
002667.SZ,20230811,14.32,14.36,14.0,14.01,14.27,-0.26,-1.822,19981.49,28258.741
002667.SZ,20230810,14.38,14.52,14.23,14.27,14.33,-0.06,-0.4187,18014.0,25836.594
002667.SZ,20230809,14.57,14.58,14.28,14.33,14.53,-0.2,-1.3765,14188.0,20397.48
002667.SZ,20230808,14.61,14.67,14.41,14.53,14.6,-0.07,-0.4795,17810.4,25793.225
002667.SZ,20230807,14.88,14.9,14.56,14.6,14.88,-0.28,-1.8817,25560.7,37479.062
002667.SZ,20230804,14.91,15.16,14.83,14.88,14.92,-0.04,-0.2681,22102.0,33078.192
002667.SZ,20230803,14.88,14.95,14.78,14.92,14.88,0.04,0.2688,17866.52,26547.264
002667.SZ,20230802,14.82,15.17,14.78,14.88,14.82,0.06,0.4049,23420.4,34943.467
002667.SZ,20230801,15.06,15.06,14.8,14.82,14.97,-0.15,-1.002,19063.0,28333.585
002667.SZ,20230731,14.93,15.24,14.91,14.97,14.85,0.12,0.8081,27289.7,41059.623
002667.SZ,20230728,14.74,14.93,14.55,14.85,14.73,0.12,0.8147,20974.0,30934.379
002667.SZ,20230727,15.02,15.13,14.7,14.73,15.06,-0.33,-2.1912,26199.0,38999.826
002667.SZ,20230726,15.24,15.24,14.98,15.06,15.24,-0.18,-1.1811,17715.0,26703.252
002667.SZ,20230725,15.19,15.3,14.98,15.24,14.9,0.34,2.2819,21428.0,32550.642
002667.SZ,20230724,15.01,15.14,14.8,14.9,15.09,-0.19,-1.2591,20302.0,30371.799
002667.SZ,20230721,15.28,15.45,15.01,15.09,15.3,-0.21,-1.3725,32195.78,48912.8
002667.SZ,20230720,15.62,16.07,15.28,15.3,15.3,0.0,0.0,53664.12,83809.656
002667.SZ,20230719,15.6,15.85,15.21,15.3,15.44,-0.14,-0.9067,32295.66,49975.295
002667.SZ,20230718,15.7,15.76,15.43,15.44,15.69,-0.25,-1.5934,24140.52,37524.816
002667.SZ,20230717,15.62,15.73,15.3,15.69,15.75,-0.06,-0.381,19174.0,29914.778
002667.SZ,20230714,16.1,16.16,15.73,15.75,16.1,-0.35,-2.1739,38670.6,61345.554
002667.SZ,20230713,16.25,16.39,16.06,16.1,16.21,-0.11,-0.6786,25247.0,40796.245
002667.SZ,20230712,16.54,16.6,16.18,16.21,16.58,-0.37,-2.2316,26693.7,43637.948
002667.SZ,20230711,16.42,16.74,16.31,16.58,16.49,0.09,0.5458,23525.0,38898.66
002667.SZ,20230710,16.49,16.8,16.36,16.49,16.45,0.04,0.2432,25866.0,42965.915
002667.SZ,20230707,16.5,16.62,16.21,16.45,16.6,-0.15,-0.9036,25637.0,42173.839
002667.SZ,20230706,16.67,16.75,16.46,16.6,16.71,-0.11,-0.6583,23779.27,39455.772
002667.SZ,20230705,16.87,17.07,16.65,16.71,16.85,-0.14,-0.8309,28992.0,48800.128
002667.SZ,20230704,16.89,16.94,16.68,16.85,16.94,-0.09,-0.5313,28064.0,47243.599
002667.SZ,20230703,16.9,17.2,16.82,16.94,16.78,0.16,0.9535,45439.61,77134.856
002667.SZ,20230630,16.2,16.98,16.2,16.78,16.21,0.57,3.5163,57992.25,96775.658
002667.SZ,20230629,16.01,16.45,16.01,16.21,16.08,0.13,0.8085,31801.1,51828.005
002667.SZ,20230628,16.21,16.21,15.6,16.08,16.19,-0.11,-0.6794,35564.73,56499.548
002667.SZ,20230627,15.91,16.28,15.88,16.19,15.87,0.32,2.0164,34330.0,55187.665
002667.SZ,20230626,16.13,16.47,15.68,15.87,16.34,-0.47,-2.8764,54885.72,87865.39
002667.SZ,20230621,16.86,16.87,16.31,16.34,16.69,-0.35,-2.0971,49926.34,82263.904
002667.SZ,20230620,16.83,16.99,16.65,16.69,16.76,-0.07,-0.4177,42979.33,72074.594
002667.SZ,20230619,17.02,17.24,16.75,16.76,17.05,-0.29,-1.7009,62799.64,106242.315
002667.SZ,20230616,17.0,17.23,16.87,17.05,17.33,-0.28,-1.6157,74624.39,127055.541
002667.SZ,20230615,16.61,17.59,16.36,17.33,16.69,0.64,3.8346,137222.15,234899.875
002667.SZ,20230614,17.01,17.5,16.5,16.69,16.67,0.02,0.12,162219.5,274243.928
002667.SZ,20230613,15.5,16.67,15.39,16.67,15.15,1.52,10.033,54213.11,88273.709
002667.SZ,20230612,15.05,15.26,14.61,15.15,15.02,0.13,0.8655,42725.44,63707.354
002667.SZ,20230609,14.99,15.3,14.88,15.02,14.87,0.15,1.0087,37610.97,56633.187
002667.SZ,20230608,14.94,15.34,14.69,14.87,14.94,-0.07,-0.4685,44779.64,66985.474
002667.SZ,20230607,15.73,15.77,14.74,14.94,15.73,-0.79,-5.0223,71212.18,107041.63
002667.SZ,20230606,16.4,16.46,15.61,15.73,16.31,-0.58,-3.5561,38198.38,60761.482
002667.SZ,20230605,16.34,16.5,16.24,16.31,16.34,-0.03,-0.1836,28965.95,47403.596
002667.SZ,20230602,15.68,16.48,15.68,16.34,15.73,0.61,3.8779,51054.84,82686.923
002667.SZ,20230601,15.65,16.07,15.45,15.73,15.47,0.26,1.6807,30071.11,47533.025
002667.SZ,20230531,15.71,15.83,15.45,15.47,15.8,-0.33,-2.0886,22715.27,35466.905
002667.SZ,20230530,15.78,15.95,15.65,15.8,15.85,-0.05,-0.3155,21372.0,33683.81
002667.SZ,20230529,16.23,16.33,15.77,15.85,16.22,-0.37,-2.2811,35692.95,56805.885
002667.SZ,20230526,16.38,16.4,15.87,16.22,16.37,-0.15,-0.9163,31039.39,49877.088
002667.SZ,20230525,16.2,16.58,16.12,16.37,16.28,0.09,0.5528,36170.03,59150.747
002667.SZ,20230524,16.39,16.58,16.25,16.28,16.41,-0.13,-0.7922,23263.08,38110.905
002667.SZ,20230523,16.47,16.67,16.39,16.41,16.53,-0.12,-0.726,26772.4,44206.06
002667.SZ,20230522,16.35,16.53,16.19,16.53,16.35,0.18,1.1009,31515.25,51627.317
002667.SZ,20230519,16.39,16.5,15.94,16.35,16.46,-0.11,-0.6683,44124.87,71761.236
002667.SZ,20230518,16.83,16.91,16.24,16.46,17.0,-0.54,-3.1765,80893.39,133314.18
002667.SZ,20230517,16.09,17.71,16.04,17.0,16.19,0.81,5.0031,119398.45,201977.64
002667.SZ,20230516,16.54,16.6,16.13,16.19,16.29,-0.1,-0.6139,47427.44,77337.782
002667.SZ,20230515,15.51,16.34,15.42,16.29,15.4,0.89,5.7792,78196.56,125576.354
002667.SZ,20230512,16.39,16.5,15.36,15.4,16.22,-0.82,-5.0555,62708.2,98702.975
002667.SZ,20230511,16.01,16.24,15.73,16.22,15.86,0.36,2.2699,41737.42,67071.708
002667.SZ,20230510,15.68,15.94,15.15,15.86,15.46,0.4,2.5873,53194.09,83539.458
002667.SZ,20230509,15.86,16.02,15.46,15.46,15.86,-0.4,-2.5221,37763.7,59012.352
002667.SZ,20230508,15.84,16.09,15.75,15.86,15.85,0.01,0.0631,26568.93,42165.265
002667.SZ,20230505,16.18,16.19,15.73,15.85,16.12,-0.27,-1.6749,26584.34,42171.947
002667.SZ,20230504,16.16,16.46,16.05,16.12,16.17,-0.05,-0.3092,31825.48,51664.928
002667.SZ,20230428,15.85,16.2,15.82,16.17,15.81,0.36,2.277,34490.29,55504.398
002667.SZ,20230427,16.38,16.39,15.81,15.81,16.39,-0.58,-3.5387,44540.0,71103.856
002667.SZ,20230426,15.81,16.57,15.71,16.39,15.7,0.69,4.3949,60244.39,97970.388
002667.SZ,20230425,16.29,16.32,15.37,15.7,16.36,-0.66,-4.0342,51564.4,81092.933
002667.SZ,20230424,16.17,16.57,15.89,16.36,16.2,0.16,0.9877,36389.81,59081.56
002667.SZ,20230421,16.6,16.85,16.11,16.2,16.62,-0.42,-2.5271,41974.0,68841.786
002667.SZ,20230420,16.89,17.08,16.38,16.62,17.09,-0.47,-2.7501,54487.02,90579.375
002667.SZ,20230419,17.29,17.39,16.85,17.09,17.31,-0.22,-1.2709,40445.22,68946.647
002667.SZ,20230418,17.57,17.73,17.19,17.31,17.58,-0.27,-1.5358,51228.06,89201.113
002667.SZ,20230417,17.98,18.05,17.39,17.58,18.05,-0.47,-2.6039,70984.3,124808.507
002667.SZ,20230414,17.4,18.2,17.35,18.05,17.4,0.65,3.7356,74269.7,133196.071
002667.SZ,20230413,17.88,17.96,17.39,17.4,17.97,-0.57,-3.172,55597.49,97762.538
002667.SZ,20230412,17.92,18.2,17.84,17.97,17.98,-0.01,-0.0556,26550.78,47747.337
002667.SZ,20230411,17.96,18.1,17.8,17.98,18.13,-0.15,-0.8274,29028.0,52021.913
002667.SZ,20230410,18.18,18.33,18.0,18.13,18.17,-0.04,-0.2201,38133.4,69234.548
002667.SZ,20230407,18.13,18.29,18.02,18.17,18.14,0.03,0.1654,30344.42,55111.745
002667.SZ,20230406,17.85,18.18,17.64,18.14,17.86,0.28,1.5677,32669.0,58702.775
002667.SZ,20230404,18.22,18.27,17.75,17.86,18.27,-0.41,-2.2441,52436.81,94015.497
002667.SZ,20230403,17.9,18.44,17.72,18.27,17.9,0.37,2.067,55072.54,99922.241
002667.SZ,20230331,17.57,18.0,17.56,17.9,17.64,0.26,1.4739,36074.98,64338.435
002667.SZ,20230330,17.49,17.71,17.31,17.64,17.49,0.15,0.8576,39281.25,68746.279
002667.SZ,20230329,17.53,17.85,17.43,17.49,17.78,-0.29,-1.631,47251.46,83234.82
002667.SZ,20230328,17.98,18.05,17.62,17.78,17.97,-0.19,-1.0573,42300.47,75434.862
002667.SZ,20230327,18.1,18.19,17.89,17.97,18.15,-0.18,-0.9917,40290.18,72482.975
002667.SZ,20230324,18.0,18.3,17.98,18.15,17.98,0.17,0.9455,51342.32,93034.171
002667.SZ,20230323,18.21,18.21,17.83,17.98,18.21,-0.23,-1.263,53487.07,95973.311
002667.SZ,20230322,18.5,18.72,18.09,18.21,18.42,-0.21,-1.1401,64186.15,117903.417
002667.SZ,20230321,18.07,18.45,17.95,18.42,18.07,0.35,1.9369,56779.79,103583.783
002667.SZ,20230320,18.37,18.48,17.7,18.07,18.37,-0.3,-1.6331,87391.24,157590.538
002667.SZ,20230317,18.88,19.51,18.07,18.37,19.52,-1.15,-5.8914,140192.24,259288.867
002667.SZ,20230316,20.01,20.1,19.45,19.52,20.2,-0.68,-3.3663,56924.08,112249.246
002667.SZ,20230315,20.36,20.68,20.19,20.2,20.28,-0.08,-0.3945,52376.85,106821.884
002667.SZ,20230314,21.4,21.5,20.12,20.28,21.48,-1.2,-5.5866,96317.2,197657.061
002667.SZ,20230313,21.25,22.36,21.24,21.48,21.06,0.42,1.9943,61614.88,133586.256
002667.SZ,20230310,22.18,22.29,20.98,21.06,22.31,-1.25,-5.6029,78211.85,166732.786
002667.SZ,20230309,22.75,22.87,22.3,22.31,22.85,-0.54,-2.3632,37512.81,84418.186
002667.SZ,20230308,23.12,23.23,22.62,22.85,23.04,-0.19,-0.8247,28714.93,65525.515
002667.SZ,20230307,22.99,23.44,22.64,23.04,22.8,0.24,1.0526,49592.12,114211.777
002667.SZ,20230306,23.05,23.18,22.4,22.8,23.04,-0.24,-1.0417,48415.43,109973.313
002667.SZ,20230303,23.06,23.18,22.86,23.04,23.11,-0.07,-0.3029,26306.48,60479.817
002667.SZ,20230302,23.48,23.48,23.06,23.11,23.46,-0.35,-1.4919,33229.01,77276.116
002667.SZ,20230301,23.2,23.48,22.83,23.46,23.21,0.25,1.0771,49656.46,115271.296
002667.SZ,20230228,22.82,23.29,22.73,23.21,22.7,0.51,2.2467,65911.44,151886.282
002667.SZ,20230227,24.0,24.14,22.46,22.7,24.4,-1.7,-6.9672,122507.68,281688.614
002667.SZ,20230224,24.51,24.87,24.35,24.4,24.66,-0.26,-1.0543,29004.95,71094.924
002667.SZ,20230223,24.88,25.04,24.6,24.66,24.92,-0.26,-1.0433,28231.02,69942.823
002667.SZ,20230222,25.18,25.28,24.72,24.92,25.23,-0.31,-1.2287,32442.6,80812.92
002667.SZ,20230221,25.23,25.5,25.0,25.23,25.19,0.04,0.1588,32716.96,82536.231
002667.SZ,20230220,25.0,25.37,24.08,25.19,25.09,0.1,0.3986,38167.87,95185.2
002667.SZ,20230217,25.39,25.61,25.0,25.09,25.38,-0.29,-1.1426,42276.81,106762.937
002667.SZ,20230216,26.34,26.4,25.08,25.38,26.38,-1.0,-3.7908,71798.16,185207.967
002667.SZ,20230215,26.91,26.93,26.23,26.38,26.75,-0.37,-1.3832,66716.36,176777.911
002667.SZ,20230214,26.16,27.18,25.76,26.75,26.13,0.62,2.3728,108860.57,288854.381
002667.SZ,20230213,25.59,26.2,25.47,26.13,25.6,0.53,2.0703,63997.17,166229.798
002667.SZ,20230210,25.7,26.05,25.3,25.6,25.7,-0.1,-0.3891,54146.1,138794.124
002667.SZ,20230209,25.5,25.77,25.27,25.7,25.64,0.06,0.234,45798.86,117171.305
002667.SZ,20230208,25.5,25.92,25.48,25.64,25.6,0.04,0.1563,49342.77,126901.854
002667.SZ,20230207,25.59,25.82,25.34,25.6,25.58,0.02,0.0782,35859.15,91658.712
002667.SZ,20230206,25.65,25.81,25.44,25.58,25.74,-0.16,-0.6216,36585.91,93743.508
002667.SZ,20230203,26.06,26.2,25.37,25.74,25.95,-0.21,-0.8092,57870.03,148264.181
002667.SZ,20230202,26.35,26.39,25.88,25.95,26.3,-0.35,-1.3308,51244.18,133576.114
002667.SZ,20230201,25.8,26.34,25.49,26.3,25.47,0.83,3.2587,85361.01,221281.141
002667.SZ,20230131,25.04,25.72,25.03,25.47,25.47,0.0,0.0,57013.38,144707.936
002667.SZ,20230130,25.07,25.56,25.02,25.47,24.62,0.85,3.4525,81839.97,207333.916
002667.SZ,20230120,23.95,24.66,23.94,24.62,23.95,0.67,2.7975,55760.71,136151.934
002667.SZ,20230119,24.17,24.3,23.9,23.95,24.23,-0.28,-1.1556,38164.0,91585.6
002667.SZ,20230118,24.57,24.7,23.85,24.23,24.68,-0.45,-1.8233,61770.38,149256.131
002667.SZ,20230117,24.77,25.25,24.55,24.68,24.69,-0.01,-0.0405,52678.45,130709.535
002667.SZ,20230116,24.48,24.87,24.02,24.69,24.83,-0.14,-0.5638,59947.15,147090.48
002667.SZ,20230113,25.31,25.78,24.44,24.83,24.84,-0.01,-0.0403,63980.8,160099.499
002667.SZ,20230112,25.19,25.5,24.73,24.84,25.07,-0.23,-0.9174,58427.02,146562.575
002667.SZ,20230111,25.22,26.17,25.01,25.07,25.38,-0.31,-1.2214,75804.23,194581.691
002667.SZ,20230110,24.89,25.62,24.8,25.38,25.01,0.37,1.4794,70845.79,178914.068
002667.SZ,20230109,25.0,25.46,24.71,25.01,25.05,-0.04,-0.1597,56997.22,142362.713
002667.SZ,20230106,24.28,25.68,24.25,25.05,24.51,0.54,2.2032,78780.11,196309.633
002667.SZ,20230105,24.85,24.99,24.18,24.51,24.73,-0.22,-0.8896,72687.33,178333.12
002667.SZ,20230104,24.11,25.08,24.0,24.73,23.94,0.79,3.2999,102541.51,251595.659
002667.SZ,20230103,23.5,24.14,23.01,23.94,23.58,0.36,1.5267,67652.58,159359.945
002667.SZ,20221230,23.88,23.95,23.23,23.58,23.7,-0.12,-0.5063,31153.6,73045.875
002667.SZ,20221229,23.83,24.2,23.55,23.7,23.93,-0.23,-0.9611,26698.89,63722.829
002667.SZ,20221228,24.0,24.38,23.75,23.93,24.28,-0.35,-1.4415,26660.04,63876.779
002667.SZ,20221227,25.03,25.23,23.4,24.28,25.03,-0.75,-2.9964,68338.2,164893.404
002667.SZ,20221226,24.09,25.08,24.0,25.03,24.17,0.86,3.5581,42742.63,105828.162
002667.SZ,20221223,24.5,24.63,23.81,24.17,24.5,-0.33,-1.3469,40939.9,99130.735
002667.SZ,20221222,25.27,25.33,24.47,24.5,25.11,-0.61,-2.4293,42609.93,106123.537
002667.SZ,20221221,25.52,25.93,25.0,25.11,25.59,-0.48,-1.8757,46032.21,116847.912
002667.SZ,20221220,26.01,26.25,25.34,25.59,26.5,-0.91,-3.434,58098.18,149461.583
002667.SZ,20221219,26.82,27.35,26.1,26.5,26.93,-0.43,-1.5967,60002.78,160511.176
002667.SZ,20221216,27.12,27.44,26.47,26.93,27.35,-0.42,-1.5356,77666.71,207888.412
002667.SZ,20221215,27.03,27.55,27.03,27.35,27.57,-0.22,-0.798,39981.97,109057.801
002667.SZ,20221214,27.47,27.86,27.25,27.57,27.43,0.14,0.5104,66813.64,184211.716
002667.SZ,20221213,28.44,28.78,27.16,27.43,28.5,-1.07,-3.7544,122127.92,340126.418
002667.SZ,20221212,29.78,29.79,28.3,28.5,30.54,-2.04,-6.6798,147565.89,424951.374
002667.SZ,20221209,32.37,33.0,30.54,30.54,33.93,-3.39,-9.9912,245149.2,754873.892
002667.SZ,20221208,31.99,35.16,31.6,33.93,31.97,1.96,6.1307,265558.24,889145.433
002667.SZ,20221207,30.11,31.97,29.3,31.97,29.06,2.91,10.0138,257704.21,805238.46
002667.SZ,20221206,27.48,29.3,27.25,29.06,27.69,1.37,4.9476,122218.58,349232.877
002667.SZ,20221205,28.23,28.29,27.32,27.69,28.45,-0.76,-2.6714,68531.75,189834.878
002667.SZ,20221202,27.2,28.6,26.98,28.45,28.01,0.44,1.5709,124820.9,351537.409
002667.SZ,20221201,27.5,28.83,27.28,28.01,27.51,0.5,1.8175,82079.91,230017.817
002667.SZ,20221130,28.6,28.6,27.18,27.51,28.49,-0.98,-3.4398,77594.13,214092.382
002667.SZ,20221129,28.41,28.78,28.22,28.49,28.5,-0.01,-0.0351,58193.72,165711.499
002667.SZ,20221128,28.02,28.65,27.66,28.5,28.03,0.47,1.6768,77526.47,218274.0
002667.SZ,20221125,28.27,28.88,27.63,28.03,28.17,-0.14,-0.497,95662.86,270038.929
002667.SZ,20221124,27.29,28.41,27.01,28.17,27.37,0.8,2.9229,88034.71,246059.364
002667.SZ,20221123,27.07,27.6,26.5,27.37,27.3,0.07,0.2564,60087.36,161760.753
002667.SZ,20221122,27.07,28.07,26.94,27.3,28.36,-1.06,-3.7377,121656.5,333002.946
002667.SZ,20221121,26.51,28.49,26.51,28.36,25.9,2.46,9.4981,188932.01,530661.527
002667.SZ,20221118,25.95,26.58,25.76,25.9,25.97,-0.07,-0.2695,42610.78,111470.165
002667.SZ,20221117,25.9,26.11,25.55,25.97,25.92,0.05,0.1929,34056.07,87965.284
002667.SZ,20221116,26.14,26.36,25.69,25.92,26.13,-0.21,-0.8037,35648.72,92421.37
002667.SZ,20221115,25.01,26.24,25.01,26.13,25.32,0.81,3.1991,58642.62,150380.85
002667.SZ,20221114,25.85,25.85,24.95,25.32,26.06,-0.74,-2.8396,79416.76,201563.705
002667.SZ,20221111,27.0,27.19,25.6,26.06,26.18,-0.12,-0.4584,70641.72,185298.378
002667.SZ,20221110,26.61,26.9,26.08,26.18,27.32,-1.14,-4.1728,83590.19,220913.204
002667.SZ,20221109,27.08,28.28,27.0,27.32,27.22,0.1,0.3674,94928.9,260771.77
002667.SZ,20221108,29.1,29.8,26.56,27.22,28.73,-1.51,-5.2558,176000.85,487937.161
002667.SZ,20221107,26.32,28.73,26.31,28.73,26.12,2.61,9.9923,162613.81,447456.705
002667.SZ,20221104,24.6,26.26,24.6,26.12,24.83,1.29,5.1953,106405.77,274066.871
002667.SZ,20221103,24.6,25.79,24.38,24.83,24.61,0.22,0.8939,50027.38,125684.301
002667.SZ,20221102,24.3,24.92,24.12,24.61,24.4,0.21,0.8607,33036.37,81187.684
002667.SZ,20221101,23.8,24.88,23.8,24.4,23.95,0.45,1.8789,38743.95,94329.281
002667.SZ,20221031,24.35,24.35,23.75,23.95,23.9,0.05,0.2092,23916.43,57336.494
002667.SZ,20221028,24.49,24.49,23.3,23.9,24.47,-0.57,-2.3294,39951.87,94866.996
002667.SZ,20221027,24.5,24.95,24.3,24.47,24.33,0.14,0.5754,35227.85,86647.268
002667.SZ,20221026,24.23,24.79,24.11,24.33,24.29,0.04,0.1647,30483.2,74382.35
002667.SZ,20221025,25.08,25.34,24.13,24.29,25.07,-0.78,-3.1113,54107.08,133957.889
002667.SZ,20221024,24.0,26.0,23.89,25.07,23.71,1.36,5.736,89051.34,221797.315
002667.SZ,20221021,23.77,24.05,23.2,23.71,23.96,-0.25,-1.0434,29864.31,70530.692
002667.SZ,20221020,24.13,24.45,23.2,23.96,24.15,-0.19,-0.7867,36006.13,85196.919
002667.SZ,20221019,24.38,25.28,24.01,24.15,24.66,-0.51,-2.0681,36275.29,89129.783
002667.SZ,20221018,25.45,25.52,24.63,24.66,25.28,-0.62,-2.4525,32887.21,82226.447
002667.SZ,20221017,24.8,25.39,24.44,25.28,25.12,0.16,0.6369,37796.02,94023.177
002667.SZ,20221014,24.37,25.32,24.37,25.12,24.65,0.47,1.9067,35273.3,88119.94
002667.SZ,20221013,24.58,25.08,24.4,24.65,24.91,-0.26,-1.0438,28018.0,69432.757
002667.SZ,20221012,24.42,24.94,23.68,24.91,24.78,0.13,0.5246,44374.78,107941.4
002667.SZ,20221011,23.71,25.39,23.7,24.78,23.76,1.02,4.2929,48595.68,119565.101
002667.SZ,20221010,24.62,24.79,23.5,23.76,24.54,-0.78,-3.1785,36258.52,87021.369
002667.SZ,20220930,25.13,25.72,24.52,24.54,25.66,-1.12,-4.3648,42880.39,106791.559
002667.SZ,20220929,26.53,26.8,25.44,25.66,25.71,-0.05,-0.1945,50940.13,131886.462
002667.SZ,20220928,28.5,28.5,25.63,25.71,27.95,-2.24,-8.0143,68885.09,184180.94
002667.SZ,20220927,28.5,30.3,27.71,27.95,27.79,0.16,0.5757,100433.56,289010.255
002667.SZ,20220926,27.3,28.0,26.8,27.79,27.07,0.72,2.6598,77815.21,214024.476
002667.SZ,20220923,27.01,27.41,26.45,27.07,27.0,0.07,0.2593,63694.96,171584.361
002667.SZ,20220922,27.82,28.36,26.96,27.0,27.36,-0.36,-1.3158,103938.63,287983.186
002667.SZ,20220921,26.08,27.36,25.63,27.36,24.87,2.49,10.0121,65626.44,174706.37
002667.SZ,20220920,24.46,25.29,23.98,24.87,24.2,0.67,2.7686,45962.16,114360.336
002667.SZ,20220919,24.89,25.99,24.02,24.2,24.74,-0.54,-2.1827,41417.89,102713.968
002667.SZ,20220916,25.84,25.99,24.7,24.74,25.95,-1.21,-4.6628,27423.81,69800.524
002667.SZ,20220915,26.04,26.3,24.28,25.95,25.77,0.18,0.6985,57626.4,145229.052
002667.SZ,20220914,25.58,26.2,25.58,25.77,26.13,-0.36,-1.3777,24802.54,64152.674
002667.SZ,20220913,26.2,26.79,25.81,26.13,26.19,-0.06,-0.2291,28717.33,75418.361
002667.SZ,20220909,26.18,26.41,25.36,26.19,26.18,0.01,0.0382,26763.28,69555.348
002667.SZ,20220908,27.09,27.2,26.01,26.18,27.09,-0.91,-3.3592,42202.5,111473.184
002667.SZ,20220907,26.26,27.4,26.0,27.09,26.26,0.83,3.1607,45016.3,120729.374
002667.SZ,20220906,26.22,26.54,25.86,26.26,26.03,0.23,0.8836,32535.65,85365.423
002667.SZ,20220905,26.2,26.69,25.63,26.03,26.4,-0.37,-1.4015,41127.78,107327.108
002667.SZ,20220902,26.18,26.65,25.0,26.4,26.02,0.38,1.4604,41695.21,108704.116
002667.SZ,20220901,26.45,27.46,25.93,26.02,26.96,-0.94,-3.4866,40652.54,107358.921
002667.SZ,20220831,27.9,28.7,26.58,26.96,27.9,-0.94,-3.3692,54881.86,149871.655
002667.SZ,20220830,27.92,28.65,27.5,27.9,28.25,-0.35,-1.2389,37121.05,103676.617
002667.SZ,20220829,27.24,28.49,27.2,28.25,28.45,-0.2,-0.703,30370.97,85088.749
002667.SZ,20220826,28.99,29.67,28.25,28.45,29.0,-0.55,-1.8966,54229.42,157086.032
002667.SZ,20220825,28.71,29.41,27.7,29.0,28.55,0.45,1.5762,52416.9,149307.274
002667.SZ,20220824,29.5,29.73,28.2,28.55,29.5,-0.95,-3.2203,53913.21,155201.069
002667.SZ,20220823,29.92,30.58,29.38,29.5,29.99,-0.49,-1.6339,51990.97,155256.06
002667.SZ,20220822,29.73,30.17,28.8,29.99,29.63,0.36,1.215,52054.38,153642.926
002667.SZ,20220819,30.67,30.89,29.5,29.63,30.34,-0.71,-2.3401,63220.1,190047.231
002667.SZ,20220818,28.98,30.91,28.9,30.34,29.28,1.06,3.6202,109509.68,328698.142
002667.SZ,20220817,28.9,30.26,28.5,29.28,28.88,0.4,1.385,111017.63,325068.701
002667.SZ,20220816,28.88,29.18,28.41,28.88,28.7,0.18,0.6272,127603.94,366878.315
002667.SZ,20220815,26.85,29.44,26.51,28.7,26.76,1.94,7.2496,203800.26,587549.468
002667.SZ,20220812,26.95,27.18,26.66,26.76,27.02,-0.26,-0.9623,46043.89,123454.983
002667.SZ,20220811,27.2,27.5,26.75,27.02,27.31,-0.29,-1.0619,70150.6,189203.548
002667.SZ,20220810,27.9,28.09,26.95,27.31,27.2,0.11,0.4044,91366.01,250000.021
002667.SZ,20220809,27.72,28.3,27.14,27.2,27.8,-0.6,-2.1583,88919.9,244521.246
002667.SZ,20220808,26.73,28.56,26.22,27.8,26.66,1.14,4.2761,129371.42,357002.615
002667.SZ,20220805,25.75,27.1,25.75,26.66,26.4,0.26,0.9848,183480.11,487279.159
002667.SZ,20220804,24.3,26.4,24.3,26.4,24.0,2.4,10.0,155427.11,406072.938
002667.SZ,20220803,24.46,25.58,23.73,24.0,24.37,-0.37,-1.5183,110750.2,273857.002
002667.SZ,20220802,26.33,26.33,24.0,24.37,26.23,-1.86,-7.0911,117852.35,292315.033
002667.SZ,20220801,26.04,26.25,25.5,26.23,26.12,0.11,0.4211,72548.37,188133.23
002667.SZ,20220729,26.9,27.2,25.91,26.12,26.73,-0.61,-2.2821,89027.7,234644.993
002667.SZ,20220728,26.85,27.73,26.55,26.73,27.27,-0.54,-1.9802,132904.43,359626.615
002667.SZ,20220727,26.84,27.34,25.9,27.27,26.84,0.43,1.6021,172079.05,458707.554
002667.SZ,20220726,26.21,28.78,25.67,26.84,26.16,0.68,2.5994,325235.47,885472.733
002667.SZ,20220725,23.85,26.16,23.76,26.16,23.78,2.38,10.0084,149136.25,376769.678
002667.SZ,20220722,23.06,24.5,23.06,23.78,23.4,0.38,1.6239,92406.9,221553.231
002667.SZ,20220721,23.76,24.2,23.08,23.4,23.96,-0.56,-2.3372,98188.53,231358.872
002667.SZ,20220720,23.78,24.34,23.76,23.96,23.92,0.04,0.1672,70842.44,170037.537
002667.SZ,20220719,24.4,25.0,23.82,23.92,24.69,-0.77,-3.1187,123330.04,300533.48
002667.SZ,20220718,23.28,24.94,23.06,24.69,23.65,1.04,4.3975,200115.79,486645.967
002667.SZ,20220715,22.92,24.35,22.6,23.65,22.77,0.88,3.8647,180818.0,424860.165
002667.SZ,20220714,22.61,23.47,22.5,22.77,22.88,-0.11,-0.4808,70981.16,162887.023
002667.SZ,20220713,22.44,23.18,22.01,22.88,22.54,0.34,1.5084,75335.11,170460.648
002667.SZ,20220712,22.68,23.18,22.34,22.54,22.55,-0.01,-0.0443,84227.1,191391.281
002667.SZ,20220711,22.73,23.07,21.98,22.55,23.03,-0.48,-2.0842,110699.02,248031.466
002667.SZ,20220708,23.39,24.15,22.99,23.03,23.6,-0.57,-2.4153,136613.0,319240.563
002667.SZ,20220707,22.06,24.11,22.06,23.6,22.32,1.28,5.7348,194773.69,453461.814
002667.SZ,20220706,22.03,23.0,22.02,22.32,22.46,-0.14,-0.6233,157222.11,352032.485
002667.SZ,20220705,22.0,23.87,21.84,22.46,21.81,0.65,2.9803,352025.57,808117.553
002667.SZ,20220704,19.61,21.81,19.38,21.81,19.83,1.98,9.9849,272118.97,578564.92
002667.SZ,20220701,19.51,20.13,19.24,19.83,19.51,0.32,1.6402,60614.87,119923.623
002667.SZ,20220630,19.52,19.78,19.37,19.51,19.51,0.0,0.0,52925.84,103390.063
002667.SZ,20220629,20.48,20.48,19.5,19.51,20.3,-0.79,-3.8916,85105.6,168757.558
002667.SZ,20220628,20.28,20.39,20.08,20.3,20.51,-0.21,-1.0239,60983.34,123492.86
002667.SZ,20220627,20.21,20.96,19.87,20.51,19.96,0.55,2.7555,97849.59,199851.27
002667.SZ,20220624,20.23,20.4,19.81,19.96,20.19,-0.23,-1.1392,61998.27,124504.667
002667.SZ,20220623,19.93,20.24,19.22,20.19,20.03,0.16,0.7988,95040.46,187359.366
002667.SZ,20220622,20.03,20.52,19.8,20.03,20.31,-0.28,-1.3786,75352.48,151693.304
002667.SZ,20220621,20.98,21.2,20.08,20.31,20.98,-0.67,-3.1935,107173.0,218740.439
002667.SZ,20220620,20.55,21.55,20.55,20.98,20.55,0.43,2.0925,122759.14,258779.605
002667.SZ,20220617,20.1,21.0,19.96,20.55,20.26,0.29,1.4314,87247.56,179561.889
002667.SZ,20220616,20.3,20.59,20.06,20.26,20.39,-0.13,-0.6376,77472.11,157202.553
002667.SZ,20220615,20.77,21.18,20.38,20.39,20.82,-0.43,-2.0653,95389.78,196813.452
002667.SZ,20220614,20.83,20.86,20.01,20.82,21.15,-0.33,-1.5603,118426.64,242361.896
002667.SZ,20220613,20.74,21.33,20.46,21.15,20.77,0.38,1.8296,131228.09,276297.896
002667.SZ,20220610,20.46,21.01,20.17,20.77,20.78,-0.01,-0.0481,123617.92,255902.787
002667.SZ,20220609,20.91,21.25,20.61,20.78,21.41,-0.63,-2.9426,168359.73,350852.572
002667.SZ,20220608,20.05,22.25,19.98,21.41,20.23,1.18,5.8329,305601.51,661910.491
002667.SZ,20220607,20.82,21.11,19.94,20.23,20.8,-0.57,-2.7404,134698.04,274353.109
002667.SZ,20220606,19.8,21.1,19.74,20.8,19.97,0.83,4.1562,138261.22,285515.881
002667.SZ,20220602,20.1,20.7,19.74,19.97,20.29,-0.32,-1.5771,104822.4,212069.014
002667.SZ,20220601,20.05,21.0,19.91,20.29,19.97,0.32,1.6024,141093.16,289913.801
002667.SZ,20220531,20.41,20.45,19.65,19.97,20.4,-0.43,-2.1078,88249.4,175861.4
002667.SZ,20220530,20.12,20.67,19.68,20.4,20.18,0.22,1.0902,107913.95,217721.49
002667.SZ,20220527,20.34,20.72,19.8,20.18,20.45,-0.27,-1.3203,101586.0,205632.84
002667.SZ,20220526,20.5,20.6,19.79,20.45,20.54,-0.09,-0.4382,107133.86,216961.027
002667.SZ,20220525,20.34,21.27,20.15,20.54,20.28,0.26,1.2821,120352.01,247636.244
002667.SZ,20220524,21.8,22.07,20.28,20.28,22.13,-1.85,-8.3597,214434.3,454572.855
002667.SZ,20220523,21.78,22.49,21.36,22.13,21.2,0.93,4.3868,241742.98,530562.297
002667.SZ,20220520,21.5,21.63,20.8,21.2,21.2,0.0,0.0,176029.0,373669.457
002667.SZ,20220519,20.5,21.64,20.11,21.2,21.4,-0.2,-0.9346,213936.32,447321.551
002667.SZ,20220518,21.16,23.28,20.6,21.4,21.16,0.24,1.1342,385263.31,832675.125
002667.SZ,20220517,19.21,21.16,18.95,21.16,19.24,1.92,9.9792,241383.22,491241.151
002667.SZ,20220516,19.66,19.84,19.01,19.24,19.56,-0.32,-1.636,110069.7,213004.792
002667.SZ,20220513,20.43,20.45,19.0,19.56,20.27,-0.71,-3.5027,165143.01,323595.552
002667.SZ,20220512,20.55,21.28,20.0,20.27,20.49,-0.22,-1.0737,265159.37,549025.182
002667.SZ,20220511,20.45,21.66,19.8,20.49,19.69,0.8,4.063,284968.07,590669.408
002667.SZ,20220510,17.8,19.69,17.37,19.69,17.9,1.79,10.0,123261.84,235974.511
002667.SZ,20220509,17.79,18.4,17.79,17.9,17.97,-0.07,-0.3895,59657.87,107397.949
002667.SZ,20220506,18.5,18.66,17.8,17.97,18.8,-0.83,-4.4149,121328.74,220425.139
002667.SZ,20220505,21.01,21.01,18.79,18.8,19.1,-0.3,-1.5707,170917.68,336143.157
002667.SZ,20220429,18.13,19.48,17.88,19.1,18.09,1.01,5.5832,153026.3,286800.391
002667.SZ,20220428,17.3,18.96,16.8,18.09,17.42,0.67,3.8462,178818.03,323345.463
002667.SZ,20220427,15.84,17.42,15.11,17.42,15.84,1.58,9.9747,141249.26,233575.628
002667.SZ,20220426,15.64,17.48,15.64,15.84,17.11,-1.27,-7.4226,100208.83,164392.7
002667.SZ,20220425,18.82,18.85,17.11,17.11,19.01,-1.9,-9.9947,119523.0,212549.286
002667.SZ,20220422,19.55,20.48,18.7,19.01,19.55,-0.54,-2.7621,124409.19,243851.748
002667.SZ,20220421,18.9,19.6,17.65,19.55,18.66,0.89,4.7696,140892.45,265795.977
002667.SZ,20220420,19.55,19.57,18.28,18.66,19.55,-0.89,-4.5524,84780.99,159637.597
002667.SZ,20220419,18.75,19.72,18.63,19.55,18.8,0.75,3.9894,92976.0,179521.102
002667.SZ,20220418,18.91,19.3,18.48,18.8,19.67,-0.87,-4.423,90049.0,170512.729
002667.SZ,20220415,21.05,21.09,19.22,19.67,21.27,-1.6,-7.5223,155119.82,308417.817
002667.SZ,20220414,21.72,22.5,20.39,21.27,21.37,-0.1,-0.4679,226945.53,481142.979
002667.SZ,20220413,19.47,21.4,19.14,21.37,19.45,1.92,9.8715,255875.05,530112.015
002667.SZ,20220412,19.0,19.48,18.5,19.45,18.73,0.72,3.8441,90427.69,171879.932
002667.SZ,20220411,20.08,20.45,18.09,18.73,20.1,-1.37,-6.8159,164726.46,314935.761
002667.SZ,20220408,19.82,20.72,19.8,20.1,19.91,0.19,0.9543,109584.69,220757.516
002667.SZ,20220407,20.18,20.92,19.39,19.91,19.9,0.01,0.0503,129346.99,259552.048
002667.SZ,20220406,20.68,21.28,19.73,19.9,20.68,-0.78,-3.7718,141468.03,284276.806
002667.SZ,20220401,20.21,21.36,19.9,20.68,20.36,0.32,1.5717,159833.0,331725.178
002667.SZ,20220331,19.99,20.71,19.97,20.36,20.25,0.11,0.5432,110167.22,224287.127
002667.SZ,20220330,19.87,21.2,19.64,20.25,19.85,0.4,2.0151,135731.0,277051.95
002667.SZ,20220329,20.55,20.8,19.71,19.85,20.55,-0.7,-3.4063,99917.14,200299.234
002667.SZ,20220328,20.34,21.17,19.8,20.55,20.5,0.05,0.2439,137142.06,278216.109
002667.SZ,20220325,21.49,21.99,20.5,20.5,21.99,-1.49,-6.7758,181415.19,383048.52
002667.SZ,20220324,22.6,23.92,21.8,21.99,22.92,-0.93,-4.0576,205346.78,456783.98
002667.SZ,20220323,24.12,24.49,22.91,22.92,23.42,-0.5,-2.1349,289050.43,684686.269
002667.SZ,20220322,27.7,27.78,22.86,23.42,25.28,-1.86,-7.3576,419154.12,1027024.559
002667.SZ,20220321,25.28,25.28,24.68,25.28,22.98,2.3,10.0087,65536.63,165049.348
002667.SZ,20220318,22.94,22.98,22.0,22.98,20.89,2.09,10.0048,78420.61,178686.579
002667.SZ,20220317,19.45,20.89,19.06,20.89,18.99,1.9,10.0053,149851.2,307238.948
002667.SZ,20220316,18.79,19.18,17.23,18.99,18.28,0.71,3.884,185936.0,338913.655
002667.SZ,20220315,18.54,19.38,18.21,18.28,18.84,-0.56,-2.9724,159662.49,301254.318
002667.SZ,20220314,17.6,19.5,17.6,18.84,18.28,0.56,3.0635,206627.88,390164.341
002667.SZ,20220311,18.28,19.27,18.28,18.28,20.31,-2.03,-9.9951,274856.36,508353.855
002667.SZ,20220310,22.56,22.61,20.31,20.31,22.57,-2.26,-10.0133,373440.12,790168.839
002667.SZ,20220309,21.08,23.49,20.3,22.57,21.35,1.22,5.7143,459502.7,1009223.831
002667.SZ,20220308,20.5,22.28,20.2,21.35,20.25,1.1,5.4321,376430.6,806831.269
002667.SZ,20220307,20.1,21.2,19.65,20.25,20.46,-0.21,-1.0264,159808.56,323974.4
002667.SZ,20220304,20.08,21.65,19.62,20.46,19.88,0.58,2.9175,262346.09,540958.496
002667.SZ,20220303,20.42,21.11,19.62,19.88,20.66,-0.78,-3.7754,188342.39,379630.633
002667.SZ,20220302,21.0,21.67,20.45,20.66,21.1,-0.44,-2.0853,198231.94,415873.803
002667.SZ,20220301,19.88,21.6,19.5,21.1,20.87,0.23,1.1021,296708.65,617103.638
002667.SZ,20220228,20.16,21.5,18.81,20.87,20.9,-0.03,-0.1435,363433.06,721024.642
002667.SZ,20220225,22.0,23.58,20.37,20.9,22.63,-1.73,-7.6447,385424.34,833499.854
002667.SZ,20220224,23.01,23.43,22.21,22.63,24.68,-2.05,-8.3063,459578.85,1035023.332
002667.SZ,20220223,22.44,24.68,21.51,24.68,22.44,2.24,9.9822,538307.36,1258850.753
002667.SZ,20220222,23.3,23.4,21.2,22.44,21.43,1.01,4.713,513925.24,1137396.269
002667.SZ,20220221,20.0,21.43,19.5,21.43,19.48,1.95,10.0103,222454.83,468908.857
002667.SZ,20220218,18.45,19.48,18.45,19.48,17.71,1.77,9.9944,211283.08,405788.495
002667.SZ,20220217,17.6,17.71,16.25,17.71,16.1,1.61,10.0,287221.65,490913.605
002667.SZ,20220216,15.14,16.1,15.14,16.1,14.64,1.46,9.9727,67989.8,106864.876
002667.SZ,20220215,13.87,14.64,13.34,14.64,13.31,1.33,9.9925,158130.61,221623.894
002667.SZ,20220214,12.2,13.31,12.0,13.31,12.1,1.21,10.0,104108.8,132185.653
002667.SZ,20220211,12.48,12.5,12.03,12.1,12.53,-0.43,-3.4318,50245.0,61423.805
002667.SZ,20220210,12.84,12.84,12.41,12.53,12.74,-0.21,-1.6484,51262.0,64232.729
002667.SZ,20220209,12.47,12.74,12.4,12.74,12.59,0.15,1.1914,53162.97,66944.261
002667.SZ,20220208,12.6,12.93,12.31,12.59,12.47,0.12,0.9623,55887.0,70091.604
002667.SZ,20220207,12.79,12.8,12.4,12.47,12.3,0.17,1.3821,60489.3,75885.691
002667.SZ,20220128,12.01,12.48,11.91,12.3,11.82,0.48,4.0609,75753.38,92816.254
002667.SZ,20220127,12.59,12.64,11.77,11.82,12.52,-0.7,-5.5911,86781.69,104758.309
002667.SZ,20220126,12.56,12.67,12.24,12.52,12.33,0.19,1.541,66954.66,84001.443
002667.SZ,20220125,13.09,13.28,12.23,12.33,12.98,-0.65,-5.0077,78625.43,99629.0
002667.SZ,20220124,13.03,13.13,12.8,12.98,12.97,0.01,0.0771,60160.7,78061.372
002667.SZ,20220121,13.2,13.4,12.7,12.97,13.2,-0.23,-1.7424,87547.0,113811.669
002667.SZ,20220120,13.92,13.98,13.1,13.2,13.91,-0.71,-5.1042,87526.9,116704.136
002667.SZ,20220119,13.95,14.12,13.62,13.91,13.99,-0.08,-0.5718,79548.4,110262.424
002667.SZ,20220118,14.8,14.88,13.94,13.99,14.63,-0.64,-4.3746,100940.94,143089.191
002667.SZ,20220117,13.9,14.74,13.85,14.63,13.86,0.77,5.5556,139896.31,201081.582
002667.SZ,20220114,13.65,14.08,13.6,13.86,13.62,0.24,1.7621,129584.62,179516.874
002667.SZ,20220113,14.06,14.07,13.62,13.62,14.45,-0.83,-5.7439,217339.19,300932.538
002667.SZ,20220112,14.01,15.07,14.01,14.45,14.59,-0.14,-0.9596,317689.3,459879.784
002667.SZ,20220111,14.59,14.59,14.59,14.59,16.21,-1.62,-9.9938,18196.0,26547.964
002667.SZ,20220110,16.21,16.21,16.21,16.21,18.01,-1.8,-9.9944,21696.0,35169.216
002667.SZ,20220107,19.03,19.12,17.98,18.01,19.03,-1.02,-5.36,116369.05,212318.293
002667.SZ,20220106,17.97,19.88,17.97,19.03,18.28,0.75,4.1028,132070.98,249972.003
002667.SZ,20220105,18.7,18.89,18.13,18.28,19.04,-0.76,-3.9916,96430.79,177430.818
002667.SZ,20220104,20.1,20.1,18.82,19.04,19.96,-0.92,-4.6092,105089.46,202088.88
