ts_code,trade_date,open,high,low,close,pre_close,change,pct_chg,vol,amount
300088.SZ,20251231,6.05,6.07,5.99,6.06,6.02,0.04,0.6645,310494.38,187419.934
300088.SZ,20251230,5.97,6.07,5.96,6.02,5.99,0.03,0.5008,350101.0,211174.163
300088.SZ,20251229,5.99,6.04,5.98,5.99,6.01,-0.02,-0.3328,296580.91,178164.156
300088.SZ,20251226,6.06,6.07,6.0,6.01,6.07,-0.06,-0.9885,329990.59,199149.065
300088.SZ,20251225,6.06,6.08,6.02,6.07,6.07,0.0,0.0,300160.51,181567.434
300088.SZ,20251224,5.92,6.09,5.91,6.07,5.92,0.15,2.5338,481525.38,290271.471
300088.SZ,20251223,5.95,5.97,5.9,5.92,5.97,-0.05,-0.8375,263291.78,156025.974
300088.SZ,20251222,5.93,6.03,5.93,5.97,5.93,0.04,0.6745,312390.54,186763.031
300088.SZ,20251219,5.89,5.96,5.87,5.93,5.88,0.05,0.8503,274470.85,162716.335
300088.SZ,20251218,5.85,5.92,5.82,5.88,5.89,-0.01,-0.1698,248264.68,146116.882
300088.SZ,20251217,5.82,5.9,5.75,5.89,5.86,0.03,0.5119,351274.36,204511.753
300088.SZ,20251216,5.94,5.95,5.85,5.86,5.95,-0.09,-1.5126,296456.49,174209.615
300088.SZ,20251215,5.93,6.02,5.91,5.95,5.92,0.03,0.5068,326162.54,194658.403
300088.SZ,20251212,5.91,5.97,5.87,5.92,5.91,0.01,0.1692,264255.65,156759.218
300088.SZ,20251211,5.99,6.01,5.9,5.91,5.99,-0.08,-1.3356,266251.9,158286.078
300088.SZ,20251210,6.03,6.05,5.93,5.99,6.04,-0.05,-0.8278,319893.76,191048.964
300088.SZ,20251209,6.1,6.13,6.03,6.04,6.1,-0.06,-0.9836,301978.0,183404.226
300088.SZ,20251208,6.11,6.14,6.09,6.1,6.12,-0.02,-0.3268,356911.35,218199.252
300088.SZ,20251205,6.02,6.12,5.97,6.12,6.02,0.1,1.6611,300877.87,182518.691
300088.SZ,20251204,6.1,6.13,5.98,6.02,6.07,-0.05,-0.8237,278206.65,167753.521
300088.SZ,20251203,6.13,6.15,6.05,6.07,6.15,-0.08,-1.3008,369603.6,225085.404
300088.SZ,20251202,6.12,6.22,6.1,6.15,6.15,0.0,0.0,511400.57,314856.782
300088.SZ,20251201,5.89,6.17,5.89,6.15,5.92,0.23,3.8851,773927.2,470310.985
300088.SZ,20251128,5.89,5.94,5.87,5.92,5.9,0.02,0.339,209912.38,124044.717
300088.SZ,20251127,5.85,6.01,5.84,5.9,5.85,0.05,0.8547,331698.15,196878.233
300088.SZ,20251126,5.86,5.94,5.85,5.85,5.88,-0.03,-0.5102,213409.87,125719.437
300088.SZ,20251125,5.87,5.95,5.84,5.88,5.85,0.03,0.5128,305274.38,180179.699
300088.SZ,20251124,5.76,5.87,5.75,5.85,5.74,0.11,1.9164,316948.47,184141.862
300088.SZ,20251121,5.91,5.93,5.74,5.74,5.95,-0.21,-3.5294,496108.02,288347.355
300088.SZ,20251120,6.02,6.04,5.94,5.95,6.0,-0.05,-0.8333,248153.33,148803.585
300088.SZ,20251119,6.08,6.09,5.97,6.0,6.07,-0.07,-1.1532,364103.88,218862.136
300088.SZ,20251118,6.14,6.14,6.05,6.07,6.14,-0.07,-1.1401,338473.0,205789.274
300088.SZ,20251117,6.12,6.16,6.11,6.14,6.13,0.01,0.1631,316273.77,193948.134
300088.SZ,20251114,6.11,6.23,6.09,6.13,6.14,-0.01,-0.1629,483330.28,298626.751
300088.SZ,20251113,6.09,6.15,6.06,6.14,6.09,0.05,0.821,323166.96,197736.742
300088.SZ,20251112,6.16,6.17,6.05,6.09,6.17,-0.08,-1.2966,369803.08,225443.452
300088.SZ,20251111,6.15,6.19,6.13,6.17,6.14,0.03,0.4886,382428.96,235568.607
300088.SZ,20251110,6.09,6.15,6.08,6.14,6.1,0.04,0.6557,394575.54,241401.764
300088.SZ,20251107,6.09,6.13,6.07,6.1,6.12,-0.02,-0.3268,302411.83,184507.398
300088.SZ,20251106,6.1,6.13,6.08,6.12,6.11,0.01,0.1637,327481.59,200236.567
300088.SZ,20251105,6.02,6.13,6.01,6.11,6.06,0.05,0.8251,359288.28,218744.945
300088.SZ,20251104,6.18,6.18,6.02,6.06,6.2,-0.14,-2.2581,550318.4,335508.294
300088.SZ,20251103,6.2,6.21,6.12,6.2,6.21,-0.01,-0.161,439511.99,270653.375
300088.SZ,20251031,6.17,6.25,6.17,6.21,6.17,0.04,0.6483,367260.29,228307.562
300088.SZ,20251030,6.25,6.26,6.17,6.17,6.28,-0.11,-1.7516,521869.06,323873.388
300088.SZ,20251029,6.3,6.32,6.22,6.28,6.37,-0.09,-1.4129,582393.34,364741.478
300088.SZ,20251028,6.38,6.43,6.35,6.37,6.4,-0.03,-0.4688,420470.15,268504.932
300088.SZ,20251027,6.37,6.42,6.34,6.4,6.34,0.06,0.9464,533679.84,341103.479
300088.SZ,20251024,6.33,6.38,6.3,6.34,6.33,0.01,0.158,385191.13,244228.415
300088.SZ,20251023,6.25,6.34,6.17,6.33,6.27,0.06,0.9569,400737.06,250385.77
300088.SZ,20251022,6.23,6.31,6.21,6.27,6.27,0.0,0.0,338526.08,212103.012
300088.SZ,20251021,6.16,6.29,6.13,6.27,6.15,0.12,1.9512,499259.81,311292.495
300088.SZ,20251020,6.14,6.17,6.11,6.15,6.08,0.07,1.1513,373049.68,229006.697
300088.SZ,20251017,6.23,6.27,6.06,6.08,6.2,-0.12,-1.9355,517634.29,318816.87
300088.SZ,20251016,6.31,6.33,6.18,6.2,6.34,-0.14,-2.2082,510061.29,318486.529
300088.SZ,20251015,6.32,6.35,6.19,6.34,6.3,0.04,0.6349,621191.44,390372.81
300088.SZ,20251014,6.47,6.51,6.27,6.3,6.45,-0.15,-2.3256,879337.12,560769.614
300088.SZ,20251013,6.35,6.47,6.26,6.45,6.58,-0.13,-1.9757,767578.83,490225.36
300088.SZ,20251010,6.74,6.75,6.55,6.58,6.77,-0.19,-2.8065,893773.88,591822.557
300088.SZ,20251009,6.77,6.88,6.73,6.77,6.72,0.05,0.744,968629.9,658699.829
300088.SZ,20250930,6.65,6.95,6.64,6.72,6.64,0.08,1.2048,1328710.12,905187.264
300088.SZ,20250929,6.7,6.72,6.46,6.64,6.97,-0.33,-4.7346,1834178.67,1208056.031
300088.SZ,20250926,7.18,7.27,6.96,6.97,7.22,-0.25,-3.4626,1322170.35,939667.502
300088.SZ,20250925,7.3,7.36,7.2,7.22,7.44,-0.22,-2.957,1825963.01,1327764.752
300088.SZ,20250924,7.07,7.45,6.95,7.44,7.1,0.34,4.7887,2826749.7,2051672.707
300088.SZ,20250923,6.93,7.16,6.74,7.1,6.92,0.18,2.6012,2535573.54,1772332.147
300088.SZ,20250922,7.07,7.18,6.82,6.92,6.66,0.26,3.9039,1548621.11,1073252.845
300088.SZ,20250919,6.74,6.82,6.65,6.66,6.73,-0.07,-1.0401,617291.86,414803.599
300088.SZ,20250918,6.82,6.93,6.65,6.73,6.86,-0.13,-1.895,1028730.0,702035.014
300088.SZ,20250917,6.71,6.95,6.71,6.86,6.76,0.1,1.4793,813757.47,558219.569
300088.SZ,20250916,6.6,6.77,6.58,6.76,6.6,0.16,2.4242,617222.44,414044.516
300088.SZ,20250915,6.68,6.71,6.6,6.6,6.68,-0.08,-1.1976,426893.0,283202.998
300088.SZ,20250912,6.71,6.76,6.67,6.68,6.75,-0.07,-1.037,548000.95,367426.237
300088.SZ,20250911,6.53,6.77,6.47,6.75,6.54,0.21,3.211,783078.15,522250.671
300088.SZ,20250910,6.59,6.66,6.52,6.54,6.6,-0.06,-0.9091,485676.92,319785.796
300088.SZ,20250909,6.74,6.74,6.56,6.6,6.77,-0.17,-2.5111,656879.84,436571.888
300088.SZ,20250908,6.85,6.87,6.7,6.77,6.8,-0.03,-0.4412,746605.7,504503.978
300088.SZ,20250905,6.58,6.8,6.53,6.8,6.55,0.25,3.8168,1101227.19,739512.862
300088.SZ,20250904,6.53,6.79,6.42,6.55,6.5,0.05,0.7692,1166067.39,771552.779
300088.SZ,20250903,6.64,6.72,6.48,6.5,6.64,-0.14,-2.1084,695970.3,459024.075
300088.SZ,20250902,6.85,6.87,6.58,6.64,6.88,-0.24,-3.4884,972310.4,649178.23
300088.SZ,20250901,6.91,6.98,6.83,6.88,6.92,-0.04,-0.578,920872.07,633874.515
300088.SZ,20250829,7.01,7.03,6.87,6.92,7.0,-0.08,-1.1429,936274.68,648367.102
300088.SZ,20250828,6.82,7.05,6.8,7.0,6.76,0.24,3.5503,1658304.48,1150543.821
300088.SZ,20250827,6.86,7.06,6.74,6.76,6.86,-0.1,-1.4577,1478225.39,1024880.581
300088.SZ,20250826,6.72,6.95,6.68,6.86,6.74,0.12,1.7804,1216687.12,833462.987
300088.SZ,20250825,6.83,6.87,6.67,6.74,6.78,-0.04,-0.59,1077829.22,727005.505
300088.SZ,20250822,6.71,6.84,6.68,6.78,6.8,-0.02,-0.2941,1221395.5,822561.327
300088.SZ,20250821,6.65,7.0,6.5,6.8,6.6,0.2,3.0303,2110738.95,1424869.681
300088.SZ,20250820,6.41,6.65,6.34,6.6,6.41,0.19,2.9641,1061339.05,694822.823
300088.SZ,20250819,6.44,6.46,6.36,6.41,6.43,-0.02,-0.311,503684.92,323325.68
300088.SZ,20250818,6.27,6.51,6.26,6.43,6.25,0.18,2.88,854040.31,547641.402
300088.SZ,20250815,6.11,6.25,6.11,6.25,6.12,0.13,2.1242,484069.95,300795.308
300088.SZ,20250814,6.26,6.27,6.1,6.12,6.24,-0.12,-1.9231,478434.81,295234.585
300088.SZ,20250813,6.23,6.27,6.21,6.24,6.24,0.0,0.0,374524.94,233572.517
300088.SZ,20250812,6.22,6.27,6.21,6.24,6.24,0.0,0.0,324066.5,202156.739
300088.SZ,20250811,6.12,6.25,6.11,6.24,6.13,0.11,1.7945,418445.6,260100.279
300088.SZ,20250808,6.17,6.19,6.11,6.13,6.19,-0.06,-0.9693,292121.61,179295.937
300088.SZ,20250807,6.21,6.27,6.16,6.19,6.2,-0.01,-0.1613,411746.76,255731.612
300088.SZ,20250806,6.12,6.21,6.09,6.2,6.14,0.06,0.9772,393854.72,242470.243
300088.SZ,20250805,6.08,6.15,6.07,6.14,6.09,0.05,0.821,309969.33,189758.258
300088.SZ,20250804,6.03,6.09,6.02,6.09,6.07,0.02,0.3295,249069.09,150755.46
300088.SZ,20250801,6.04,6.1,6.01,6.07,6.04,0.03,0.4967,325550.69,197255.266
300088.SZ,20250731,6.1,6.17,6.03,6.04,6.11,-0.07,-1.1457,390511.58,237905.594
300088.SZ,20250730,6.18,6.2,6.07,6.11,6.2,-0.09,-1.4516,404325.34,247941.616
300088.SZ,20250729,6.23,6.26,6.13,6.2,6.24,-0.04,-0.641,377671.37,233473.365
300088.SZ,20250728,6.15,6.28,6.11,6.24,6.14,0.1,1.6287,534208.22,331942.627
300088.SZ,20250725,6.12,6.15,6.09,6.14,6.11,0.03,0.491,339942.22,208233.955
300088.SZ,20250724,6.05,6.11,6.03,6.11,6.05,0.06,0.9917,359846.25,218995.548
300088.SZ,20250723,6.1,6.11,6.03,6.05,6.09,-0.04,-0.6568,360092.09,218664.905
300088.SZ,20250722,6.08,6.11,6.05,6.09,6.09,0.0,0.0,320632.15,194771.668
300088.SZ,20250721,6.06,6.11,6.04,6.09,6.06,0.03,0.495,382579.77,232692.668
300088.SZ,20250718,6.09,6.12,6.02,6.06,6.09,-0.03,-0.4926,309067.0,187319.201
300088.SZ,20250717,5.98,6.09,5.97,6.09,5.99,0.1,1.6694,428995.71,259698.032
300088.SZ,20250716,5.98,6.04,5.96,5.99,6.0,-0.01,-0.1667,240297.08,144295.316
300088.SZ,20250715,6.03,6.07,5.94,6.0,6.03,-0.03,-0.4975,332012.54,199257.645
300088.SZ,20250714,6.02,6.04,5.98,6.03,6.02,0.01,0.1661,251606.0,151546.036
300088.SZ,20250711,5.98,6.05,5.93,6.02,5.99,0.03,0.5008,374665.62,225127.648
300088.SZ,20250710,5.97,6.01,5.94,5.99,5.98,0.01,0.1672,254189.0,151870.335
300088.SZ,20250709,6.01,6.05,5.95,5.98,5.99,-0.01,-0.1669,338684.87,203160.607
300088.SZ,20250708,5.87,6.0,5.87,5.99,5.88,0.11,1.8707,388366.57,231955.266
300088.SZ,20250707,5.9,5.92,5.86,5.88,5.91,-0.03,-0.5076,233317.92,137280.439
300088.SZ,20250704,6.0,6.02,5.9,5.91,6.02,-0.11,-1.8272,371651.6,220531.546
300088.SZ,20250703,5.86,6.02,5.86,6.02,5.87,0.15,2.5554,501828.31,299008.803
300088.SZ,20250702,5.94,5.94,5.84,5.87,5.92,-0.05,-0.8446,269682.59,158006.004
300088.SZ,20250701,5.93,5.96,5.87,5.92,5.96,-0.04,-0.6711,301650.84,178347.763
300088.SZ,20250630,5.95,5.99,5.92,5.96,5.9,0.06,1.0169,318433.91,189616.831
300088.SZ,20250627,5.92,5.96,5.9,5.9,5.88,0.02,0.3401,322282.52,191056.196
300088.SZ,20250626,5.91,5.97,5.87,5.88,5.92,-0.04,-0.6757,361115.57,213781.227
300088.SZ,20250625,5.89,5.93,5.85,5.92,5.88,0.04,0.6803,351731.6,206998.014
300088.SZ,20250624,5.75,5.88,5.74,5.88,5.74,0.14,2.439,400065.4,233444.464
300088.SZ,20250623,5.61,5.76,5.6,5.74,5.64,0.1,1.773,232790.6,132889.878
300088.SZ,20250620,5.69,5.73,5.62,5.64,5.69,-0.05,-0.8787,195910.11,110930.312
300088.SZ,20250619,5.75,5.79,5.66,5.69,5.76,-0.07,-1.2153,238984.54,136646.008
300088.SZ,20250618,5.65,5.77,5.64,5.76,5.68,0.08,1.4085,272853.54,156075.447
300088.SZ,20250617,5.62,5.69,5.6,5.68,5.63,0.05,0.8881,188999.93,106977.65
300088.SZ,20250616,5.61,5.65,5.57,5.63,5.59,0.04,0.7156,205692.0,115754.446
300088.SZ,20250613,5.69,5.71,5.57,5.59,5.71,-0.12,-2.1016,283448.71,159539.826
300088.SZ,20250612,5.7,5.76,5.68,5.71,5.7,0.01,0.1754,197595.11,113076.079
300088.SZ,20250611,5.74,5.84,5.73,5.76,5.72,0.04,0.6993,233074.0,134943.274
300088.SZ,20250610,5.82,5.83,5.68,5.72,5.82,-0.1,-1.7182,275237.56,158147.186
300088.SZ,20250609,5.8,5.86,5.78,5.82,5.77,0.05,0.8666,245390.56,142972.548
300088.SZ,20250606,5.8,5.82,5.74,5.77,5.82,-0.05,-0.8591,192635.85,111181.217
300088.SZ,20250605,5.73,5.83,5.7,5.82,5.73,0.09,1.5707,274498.39,158421.309
300088.SZ,20250604,5.71,5.75,5.69,5.73,5.69,0.04,0.703,188837.74,108116.266
300088.SZ,20250603,5.71,5.77,5.68,5.69,5.72,-0.03,-0.5245,209667.21,119791.009
300088.SZ,20250530,5.81,5.81,5.71,5.72,5.84,-0.12,-2.0548,219204.13,125886.099
300088.SZ,20250529,5.71,5.85,5.71,5.84,5.71,0.13,2.2767,247550.54,144019.893
300088.SZ,20250528,5.75,5.79,5.68,5.71,5.75,-0.04,-0.6957,171938.71,98434.326
300088.SZ,20250527,5.79,5.79,5.7,5.75,5.8,-0.05,-0.8621,197399.79,113182.557
300088.SZ,20250526,5.74,5.83,5.72,5.8,5.74,0.06,1.0453,166295.15,96289.409
300088.SZ,20250523,5.78,5.88,5.74,5.74,5.82,-0.08,-1.3746,246494.29,143123.223
300088.SZ,20250522,5.9,5.93,5.78,5.82,5.95,-0.13,-2.1849,380008.83,222016.697
300088.SZ,20250521,5.99,6.0,5.93,5.95,6.01,-0.06,-0.9983,237914.2,141643.195
300088.SZ,20250520,6.0,6.02,5.94,6.01,6.0,0.01,0.1667,236488.21,141630.498
300088.SZ,20250519,5.95,6.0,5.88,6.0,5.96,0.04,0.6711,266649.78,158425.769
300088.SZ,20250516,5.95,6.02,5.94,5.96,5.97,-0.01,-0.1675,258827.17,154935.133
300088.SZ,20250515,6.02,6.11,5.96,5.97,6.04,-0.07,-1.1589,334565.53,200839.506
300088.SZ,20250514,6.02,6.07,5.96,6.04,6.02,0.02,0.3322,313582.0,188573.066
300088.SZ,20250513,6.15,6.17,6.0,6.02,6.07,-0.05,-0.8237,354808.0,215152.784
300088.SZ,20250512,6.02,6.07,6.01,6.07,5.95,0.12,2.0168,351123.37,212277.471
300088.SZ,20250509,6.02,6.05,5.93,5.95,6.05,-0.1,-1.6529,355008.84,212076.179
300088.SZ,20250508,5.99,6.1,5.93,6.05,6.02,0.03,0.4983,469703.06,284094.307
300088.SZ,20250507,6.07,6.29,5.97,6.02,5.88,0.14,2.381,960459.33,586599.437
300088.SZ,20250506,5.7,5.9,5.7,5.88,5.67,0.21,3.7037,430974.1,250531.091
300088.SZ,20250430,5.61,5.7,5.6,5.67,5.6,0.07,1.25,298650.43,169328.951
300088.SZ,20250429,5.54,5.65,5.53,5.6,5.57,0.03,0.5386,254378.46,142709.64
300088.SZ,20250428,5.62,5.65,5.54,5.57,5.57,0.0,0.0,255126.83,142333.091
300088.SZ,20250425,5.6,5.65,5.56,5.57,5.5,0.07,1.2727,364773.36,203993.337
300088.SZ,20250424,5.53,5.54,5.45,5.5,5.53,-0.03,-0.5425,268509.0,147552.998
300088.SZ,20250423,5.53,5.58,5.48,5.53,5.45,0.08,1.4679,366783.59,202961.641
300088.SZ,20250422,5.45,5.48,5.42,5.45,5.46,-0.01,-0.1832,209078.0,113856.935
300088.SZ,20250421,5.38,5.47,5.32,5.46,5.36,0.1,1.8657,272641.59,148099.134
300088.SZ,20250418,5.34,5.39,5.3,5.36,5.34,0.02,0.3745,207129.2,110630.533
300088.SZ,20250417,5.29,5.4,5.28,5.34,5.34,0.0,0.0,233213.54,125034.783
300088.SZ,20250416,5.4,5.43,5.24,5.34,5.44,-0.1,-1.8382,316869.57,168971.573
300088.SZ,20250415,5.46,5.52,5.38,5.44,5.5,-0.06,-1.0909,333559.73,181064.832
300088.SZ,20250414,5.59,5.69,5.45,5.5,5.34,0.16,2.9963,547167.77,303534.021
300088.SZ,20250411,5.22,5.41,5.19,5.34,5.3,0.04,0.7547,405806.29,216370.41
300088.SZ,20250410,5.41,5.49,5.3,5.3,5.14,0.16,3.1128,650699.92,350208.233
300088.SZ,20250409,4.95,5.19,4.66,5.14,5.05,0.09,1.7822,729878.17,363124.368
300088.SZ,20250408,4.97,5.25,4.92,5.05,4.87,0.18,3.6961,820638.68,415708.937
300088.SZ,20250407,5.68,5.73,4.85,4.87,6.06,-1.19,-19.637,1093544.6,567262.019
300088.SZ,20250403,6.1,6.19,6.01,6.06,6.16,-0.1,-1.6234,350908.17,213713.451
300088.SZ,20250402,6.17,6.22,6.15,6.16,6.17,-0.01,-0.1621,230047.73,141985.217
300088.SZ,20250401,6.19,6.25,6.17,6.17,6.17,0.0,0.0,250433.36,155555.389
300088.SZ,20250331,6.23,6.25,6.1,6.17,6.26,-0.09,-1.4377,354770.32,219016.314
300088.SZ,20250328,6.27,6.33,6.25,6.26,6.29,-0.03,-0.4769,274482.69,172567.135
300088.SZ,20250327,6.29,6.35,6.18,6.29,6.3,-0.01,-0.1587,342351.71,214457.306
300088.SZ,20250326,6.3,6.37,6.29,6.3,6.32,-0.02,-0.3165,335698.37,212553.926
300088.SZ,20250325,6.37,6.4,6.26,6.32,6.38,-0.06,-0.9404,367866.33,232463.897
300088.SZ,20250324,6.46,6.48,6.25,6.38,6.46,-0.08,-1.2384,577577.05,366566.751
300088.SZ,20250321,6.6,6.63,6.41,6.46,6.65,-0.19,-2.8571,748887.12,487604.117
300088.SZ,20250320,6.75,6.81,6.64,6.65,6.75,-0.1,-1.4815,584760.26,393203.904
300088.SZ,20250319,6.85,6.87,6.7,6.75,6.86,-0.11,-1.6035,593583.65,400459.053
300088.SZ,20250318,6.96,6.97,6.83,6.86,6.94,-0.08,-1.1527,908568.52,626660.491
300088.SZ,20250317,6.72,7.0,6.69,6.94,6.7,0.24,3.5821,1374429.66,947214.28
300088.SZ,20250314,6.49,6.73,6.45,6.7,6.52,0.18,2.7607,797620.94,528161.505
300088.SZ,20250313,6.7,6.7,6.44,6.52,6.72,-0.2,-2.9762,824855.73,538580.084
300088.SZ,20250312,6.68,6.8,6.64,6.72,6.66,0.06,0.9009,792059.73,533632.71
300088.SZ,20250311,6.6,6.71,6.56,6.66,6.69,-0.03,-0.4484,449161.07,298041.97
300088.SZ,20250310,6.63,6.82,6.6,6.69,6.63,0.06,0.905,601333.61,403187.422
300088.SZ,20250307,6.72,6.74,6.58,6.63,6.74,-0.11,-1.632,568765.72,379252.378
300088.SZ,20250306,6.66,6.79,6.62,6.74,6.62,0.12,1.8127,658294.64,442800.616
300088.SZ,20250305,6.6,6.65,6.51,6.62,6.63,-0.01,-0.1508,408201.94,268654.142
300088.SZ,20250304,6.48,6.64,6.46,6.63,6.53,0.1,1.5314,442270.3,291444.065
300088.SZ,20250303,6.54,6.72,6.44,6.53,6.53,0.0,0.0,557071.79,368150.933
300088.SZ,20250228,6.79,6.8,6.49,6.53,6.85,-0.32,-4.6715,705177.06,467617.856
300088.SZ,20250227,6.9,6.92,6.72,6.85,6.93,-0.08,-1.1544,736054.5,501391.579
300088.SZ,20250226,6.98,7.03,6.86,6.93,6.91,0.02,0.2894,820337.88,567833.425
300088.SZ,20250225,6.69,7.04,6.65,6.91,6.77,0.14,2.0679,1103149.45,761484.795
300088.SZ,20250224,6.87,6.87,6.73,6.77,6.88,-0.11,-1.5988,762471.24,517174.393
300088.SZ,20250221,6.87,6.96,6.75,6.88,6.86,0.02,0.2915,1071286.21,736463.782
300088.SZ,20250220,6.58,6.88,6.55,6.86,6.59,0.27,4.0971,1198240.01,810299.231
300088.SZ,20250219,6.46,6.6,6.45,6.59,6.5,0.09,1.3846,512998.73,336465.083
300088.SZ,20250218,6.68,6.75,6.46,6.5,6.71,-0.21,-3.1297,613274.02,405292.569
300088.SZ,20250217,6.63,6.78,6.62,6.71,6.63,0.08,1.2066,801017.22,536017.911
300088.SZ,20250214,6.56,6.7,6.55,6.63,6.56,0.07,1.0671,561814.7,372580.545
300088.SZ,20250213,6.69,6.7,6.55,6.56,6.69,-0.13,-1.9432,545187.84,360138.174
300088.SZ,20250212,6.61,6.71,6.6,6.69,6.62,0.07,1.0574,546952.86,363912.992
300088.SZ,20250211,6.66,6.74,6.6,6.62,6.67,-0.05,-0.7496,557612.5,371287.717
300088.SZ,20250210,6.65,6.69,6.6,6.67,6.66,0.01,0.1502,673977.68,448156.774
300088.SZ,20250207,6.45,6.73,6.43,6.66,6.41,0.25,3.9002,936541.28,618245.524
300088.SZ,20250206,6.17,6.41,6.15,6.41,6.3,0.11,1.746,638150.0,404070.0
300088.SZ,20250205,6.27,6.37,6.25,6.3,6.2,0.1,1.6129,352318.29,222329.315
300088.SZ,20250127,6.36,6.42,6.2,6.2,6.36,-0.16,-2.5157,319461.81,200856.983
300088.SZ,20250124,6.21,6.36,6.19,6.36,6.22,0.14,2.2508,388723.54,244977.759
300088.SZ,20250123,6.35,6.48,6.22,6.22,6.28,-0.06,-0.9554,512817.0,325917.579
300088.SZ,20250122,6.3,6.34,6.24,6.28,6.35,-0.07,-1.1024,294047.0,184927.791
300088.SZ,20250121,6.34,6.38,6.22,6.35,6.33,0.02,0.316,374299.62,235696.649
300088.SZ,20250120,6.25,6.42,6.23,6.33,6.2,0.13,2.0968,543444.94,343683.282
300088.SZ,20250117,6.16,6.26,6.11,6.2,6.19,0.01,0.1616,360726.44,223039.448
300088.SZ,20250116,6.12,6.27,6.11,6.19,6.09,0.1,1.642,534345.43,330641.037
300088.SZ,20250115,6.15,6.19,6.04,6.09,6.18,-0.09,-1.4563,402406.0,245187.069
300088.SZ,20250114,5.84,6.21,5.79,6.18,5.81,0.37,6.3683,646696.62,390836.486
300088.SZ,20250113,5.73,5.85,5.64,5.81,5.78,0.03,0.519,354950.04,204595.192
300088.SZ,20250110,5.97,6.05,5.78,5.78,6.0,-0.22,-3.6667,428945.85,253864.102
300088.SZ,20250109,5.98,6.09,5.96,6.0,6.01,-0.01,-0.1664,352627.0,212704.353
300088.SZ,20250108,6.11,6.11,5.82,6.01,6.15,-0.14,-2.2764,556693.37,332703.398
300088.SZ,20250107,6.0,6.16,6.0,6.15,6.0,0.15,2.5,400438.04,243627.223
300088.SZ,20250106,6.05,6.14,5.94,6.0,6.06,-0.06,-0.9901,445460.79,269210.501
300088.SZ,20250103,6.27,6.34,6.02,6.06,6.25,-0.19,-3.04,597244.04,368956.336
300088.SZ,20250102,6.53,6.56,6.16,6.25,6.54,-0.29,-4.4343,656151.08,417429.505
300088.SZ,20241231,6.88,6.91,6.53,6.54,6.89,-0.35,-5.0798,734209.0,490415.823
300088.SZ,20241230,6.84,6.98,6.66,6.89,6.77,0.12,1.7725,785811.74,540438.19
300088.SZ,20241227,6.76,6.92,6.68,6.77,6.76,0.01,0.1479,540376.63,368926.421
300088.SZ,20241226,6.69,6.85,6.65,6.76,6.71,0.05,0.7452,415457.01,282119.552
300088.SZ,20241225,6.88,6.91,6.65,6.71,6.9,-0.19,-2.7536,535790.49,361017.882
300088.SZ,20241224,6.81,6.92,6.74,6.9,6.8,0.1,1.4706,500021.16,342341.902
300088.SZ,20241223,7.06,7.14,6.79,6.8,7.08,-0.28,-3.9548,634728.62,438694.866
300088.SZ,20241220,7.05,7.17,7.0,7.08,7.07,0.01,0.1414,618151.39,438343.834
300088.SZ,20241219,6.84,7.1,6.81,7.07,6.92,0.15,2.1676,788337.56,549746.588
300088.SZ,20241218,6.79,7.01,6.73,6.92,6.77,0.15,2.2157,587827.93,405393.522
300088.SZ,20241217,6.87,6.96,6.73,6.77,6.92,-0.15,-2.1676,570402.4,389418.926
300088.SZ,20241216,7.09,7.16,6.88,6.92,7.12,-0.2,-2.809,834643.25,580145.075
300088.SZ,20241213,7.22,7.3,7.11,7.12,7.28,-0.16,-2.1978,1272254.57,915039.256
300088.SZ,20241212,7.2,7.28,7.15,7.28,7.2,0.08,1.1111,863764.98,623930.691
300088.SZ,20241211,7.01,7.26,6.99,7.2,7.03,0.17,2.4182,916321.96,656285.284
300088.SZ,20241210,7.25,7.3,7.02,7.03,6.99,0.04,0.5722,1033543.07,739608.52
300088.SZ,20241209,6.97,7.18,6.86,6.99,6.96,0.03,0.431,710741.0,497476.933
300088.SZ,20241206,6.89,7.0,6.8,6.96,6.87,0.09,1.31,665116.04,460544.262
300088.SZ,20241205,6.72,6.88,6.72,6.87,6.75,0.12,1.7778,536601.41,366183.69
300088.SZ,20241204,6.88,6.91,6.71,6.75,6.91,-0.16,-2.3155,585318.96,397999.712
300088.SZ,20241203,6.98,7.04,6.8,6.91,6.98,-0.07,-1.0029,680453.76,468560.034
300088.SZ,20241202,6.82,7.05,6.82,6.98,6.85,0.13,1.8978,786407.24,548075.939
300088.SZ,20241129,6.78,6.95,6.64,6.85,6.77,0.08,1.1817,775364.51,528079.161
300088.SZ,20241128,6.83,6.89,6.74,6.77,6.82,-0.05,-0.7331,608459.3,414203.885
300088.SZ,20241127,6.68,6.82,6.44,6.82,6.71,0.11,1.6393,821521.52,544485.026
300088.SZ,20241126,6.8,6.93,6.68,6.71,6.82,-0.11,-1.6129,618474.57,420152.655
300088.SZ,20241125,6.91,6.99,6.66,6.82,6.94,-0.12,-1.7291,848685.35,575058.353
300088.SZ,20241122,7.29,7.45,6.92,6.94,7.29,-0.35,-4.8011,1074499.56,774355.928
300088.SZ,20241121,7.38,7.38,7.15,7.29,7.41,-0.12,-1.6194,954019.36,694429.16
300088.SZ,20241120,7.33,7.48,7.22,7.41,7.35,0.06,0.8163,1068307.09,787978.622
300088.SZ,20241119,6.97,7.35,6.95,7.35,6.93,0.42,6.0606,1215492.52,874068.835
300088.SZ,20241118,7.29,7.39,6.88,6.93,7.23,-0.3,-4.1494,1050657.44,739147.677
300088.SZ,20241115,7.3,7.61,7.21,7.23,7.33,-0.1,-1.3643,1170422.72,868499.856
300088.SZ,20241114,7.69,7.85,7.3,7.33,7.74,-0.41,-5.2972,1329157.3,1000816.819
300088.SZ,20241113,7.8,7.84,7.5,7.74,8.04,-0.3,-3.7313,1929501.71,1480856.668
300088.SZ,20241112,7.58,8.35,7.44,8.04,7.52,0.52,6.9149,3249314.58,2570289.165
300088.SZ,20241111,7.22,7.53,7.17,7.52,7.26,0.26,3.5813,1563010.71,1154964.669
300088.SZ,20241108,7.35,7.48,7.2,7.26,7.27,-0.01,-0.1376,1506059.9,1105340.501
300088.SZ,20241107,7.03,7.28,6.98,7.27,7.05,0.22,3.1206,1472245.45,1054916.994
300088.SZ,20241106,7.2,7.2,6.98,7.05,7.15,-0.1,-1.3986,1488459.13,1056714.189
300088.SZ,20241105,6.8,7.2,6.8,7.15,6.79,0.36,5.3019,1451811.93,1027567.592
300088.SZ,20241104,6.61,6.92,6.58,6.79,6.66,0.13,1.952,930252.0,630472.958
300088.SZ,20241101,7.17,7.27,6.65,6.66,7.29,-0.63,-8.642,1949644.15,1346383.753
300088.SZ,20241031,7.66,7.7,7.15,7.29,7.54,-0.25,-3.3156,2632316.21,1934278.017
300088.SZ,20241030,6.99,7.6,6.87,7.54,6.95,0.59,8.4892,3032269.93,2214992.052
300088.SZ,20241029,6.78,7.25,6.75,6.95,6.79,0.16,2.3564,2092924.62,1468601.667
300088.SZ,20241028,6.74,6.8,6.57,6.79,6.73,0.06,0.8915,1071037.3,717895.846
300088.SZ,20241025,6.78,6.85,6.67,6.73,6.78,-0.05,-0.7375,1160224.67,782220.533
300088.SZ,20241024,6.76,6.79,6.65,6.78,6.81,-0.03,-0.4405,764533.05,513691.954
300088.SZ,20241023,6.86,6.98,6.77,6.81,6.91,-0.1,-1.4472,1093764.8,752021.988
300088.SZ,20241022,7.04,7.07,6.83,6.91,7.03,-0.12,-1.707,1377239.41,954900.144
300088.SZ,20241021,6.99,7.27,6.93,7.03,6.89,0.14,2.0319,1874294.58,1330452.161
300088.SZ,20241018,6.5,7.12,6.45,6.89,6.55,0.34,5.1908,1786045.64,1210975.374
300088.SZ,20241017,6.46,6.78,6.44,6.55,6.42,0.13,2.0249,1392054.5,919839.852
300088.SZ,20241016,6.39,6.56,6.34,6.42,6.49,-0.07,-1.0786,833281.8,536762.856
300088.SZ,20241015,6.6,6.84,6.49,6.49,6.62,-0.13,-1.9637,1415287.48,942116.228
300088.SZ,20241014,6.33,6.65,6.13,6.62,6.3,0.32,5.0794,1397433.27,897361.64
300088.SZ,20241011,6.75,6.77,6.2,6.3,6.79,-0.49,-7.2165,1504631.84,963297.069
300088.SZ,20241010,7.09,7.21,6.66,6.79,6.93,-0.14,-2.0202,1877180.88,1299221.125
300088.SZ,20241009,7.36,7.6,6.85,6.93,7.44,-0.51,-6.8548,3368799.16,2443798.913
300088.SZ,20241008,7.44,7.44,6.74,7.44,6.2,1.24,20.0,3334285.49,2402451.884
300088.SZ,20240930,5.52,6.22,5.48,6.2,5.27,0.93,17.6471,2757378.96,1609629.113
300088.SZ,20240927,5.05,5.37,5.01,5.27,4.96,0.31,6.25,1660493.76,858281.318
300088.SZ,20240926,4.81,4.96,4.78,4.96,4.82,0.14,2.9046,1092830.51,532470.476
300088.SZ,20240925,4.82,4.95,4.8,4.82,4.81,0.01,0.2079,1206523.92,587224.844
300088.SZ,20240924,4.66,4.82,4.61,4.81,4.67,0.14,2.9979,1094182.51,517510.791
300088.SZ,20240923,4.63,4.76,4.55,4.67,4.59,0.08,1.7429,818518.44,383413.855
300088.SZ,20240920,4.65,4.69,4.55,4.59,4.65,-0.06,-1.2903,643211.09,296773.052
300088.SZ,20240919,4.62,4.7,4.56,4.65,4.56,0.09,1.9737,641215.09,297311.6
300088.SZ,20240918,4.63,4.67,4.48,4.56,4.63,-0.07,-1.5119,582609.14,265123.314
300088.SZ,20240913,4.69,4.73,4.63,4.63,4.72,-0.09,-1.9068,661536.63,308965.019
300088.SZ,20240912,4.84,4.85,4.7,4.72,4.8,-0.08,-1.6667,801237.82,381428.914
300088.SZ,20240911,4.9,4.93,4.77,4.8,5.02,-0.22,-4.3825,1220929.93,590696.799
300088.SZ,20240910,4.89,5.03,4.71,5.02,4.83,0.19,3.9337,1636484.73,800765.243
300088.SZ,20240909,4.95,4.99,4.81,4.83,4.83,0.0,0.0,1267920.06,620659.167
300088.SZ,20240906,5.0,5.02,4.8,4.83,5.01,-0.18,-3.5928,1262834.68,616639.53
300088.SZ,20240905,5.06,5.1,4.93,5.01,5.19,-0.18,-3.4682,1689076.0,844430.382
300088.SZ,20240904,5.42,5.6,5.03,5.19,5.45,-0.26,-4.7706,2349663.78,1228153.066
300088.SZ,20240903,5.3,5.58,5.25,5.45,5.55,-0.1,-1.8018,2295674.38,1244654.934
300088.SZ,20240902,5.47,5.74,5.42,5.55,5.47,0.08,1.4625,3792260.4,2110725.151
300088.SZ,20240830,5.52,5.75,5.37,5.47,5.3,0.17,3.2075,4921992.85,2733911.941
300088.SZ,20240829,4.51,5.3,4.51,5.3,4.42,0.88,19.9095,3164491.36,1607780.26
300088.SZ,20240828,4.53,4.54,4.33,4.42,4.59,-0.17,-3.7037,940727.35,414617.268
300088.SZ,20240827,4.78,4.81,4.53,4.59,4.89,-0.3,-6.135,1328541.5,613864.869
300088.SZ,20240826,4.42,5.07,4.42,4.89,4.44,0.45,10.1351,1793013.17,865115.648
300088.SZ,20240823,4.35,4.53,4.26,4.44,4.33,0.11,2.5404,545235.45,241029.479
300088.SZ,20240822,4.42,4.46,4.31,4.33,4.43,-0.1,-2.2573,371865.99,162321.985
300088.SZ,20240821,4.46,4.55,4.42,4.43,4.48,-0.05,-1.1161,433700.55,194456.432
300088.SZ,20240820,4.5,4.56,4.45,4.48,4.48,0.0,0.0,448038.58,201425.489
300088.SZ,20240819,4.57,4.63,4.46,4.48,4.63,-0.15,-3.2397,610885.0,277041.875
300088.SZ,20240816,4.48,4.67,4.48,4.63,4.48,0.15,3.3482,931920.33,430159.653
300088.SZ,20240815,4.33,4.55,4.31,4.48,4.33,0.15,3.4642,698471.75,311110.715
300088.SZ,20240814,4.33,4.37,4.27,4.33,4.31,0.02,0.464,334049.01,144478.735
300088.SZ,20240813,4.26,4.32,4.23,4.31,4.26,0.05,1.1737,302096.0,129333.867
300088.SZ,20240812,4.39,4.41,4.24,4.26,4.41,-0.15,-3.4014,510637.28,219571.77
300088.SZ,20240809,4.3,4.51,4.26,4.41,4.26,0.15,3.5211,733274.0,321653.754
300088.SZ,20240808,4.23,4.3,4.18,4.26,4.24,0.02,0.4717,318384.0,134934.125
300088.SZ,20240807,4.27,4.29,4.22,4.24,4.26,-0.02,-0.4695,241397.68,102736.364
300088.SZ,20240806,4.28,4.31,4.21,4.26,4.22,0.04,0.9479,325953.66,138730.495
300088.SZ,20240805,4.38,4.42,4.21,4.22,4.44,-0.22,-4.955,520422.0,224309.158
300088.SZ,20240802,4.55,4.58,4.41,4.44,4.6,-0.16,-3.4783,323326.0,145279.892
300088.SZ,20240801,4.59,4.65,4.55,4.6,4.59,0.01,0.2179,356473.0,164069.726
300088.SZ,20240731,4.35,4.59,4.34,4.59,4.37,0.22,5.0343,554260.06,249729.02
300088.SZ,20240730,4.36,4.41,4.3,4.37,4.36,0.01,0.2294,294976.7,128581.374
300088.SZ,20240729,4.29,4.46,4.26,4.36,4.3,0.06,1.3953,395891.98,172390.647
300088.SZ,20240726,4.23,4.34,4.22,4.3,4.24,0.06,1.4151,297261.74,127588.815
300088.SZ,20240725,4.22,4.28,4.16,4.24,4.25,-0.01,-0.2353,293412.73,123826.699
300088.SZ,20240724,4.34,4.37,4.24,4.25,4.35,-0.1,-2.2989,341067.92,146491.732
300088.SZ,20240723,4.47,4.48,4.34,4.35,4.48,-0.13,-2.9018,333609.0,146851.316
300088.SZ,20240722,4.49,4.53,4.44,4.48,4.49,-0.01,-0.2227,247482.66,111004.458
300088.SZ,20240719,4.48,4.54,4.43,4.49,4.49,0.0,0.0,294384.91,132326.054
300088.SZ,20240718,4.56,4.57,4.38,4.49,4.61,-0.12,-2.603,476523.25,212299.154
300088.SZ,20240717,4.75,4.75,4.6,4.61,4.76,-0.15,-3.1513,354945.75,165375.279
300088.SZ,20240716,4.6,4.77,4.58,4.76,4.59,0.17,3.7037,489386.12,230079.119
300088.SZ,20240715,4.7,4.74,4.57,4.59,4.72,-0.13,-2.7542,265328.42,122890.971
300088.SZ,20240712,4.78,4.78,4.68,4.72,4.81,-0.09,-1.8711,332741.71,157123.861
300088.SZ,20240711,4.73,4.82,4.67,4.81,4.67,0.14,2.9979,519898.15,247955.343
300088.SZ,20240710,4.66,4.73,4.59,4.67,4.62,0.05,1.0823,517693.26,241236.057
300088.SZ,20240709,4.35,4.64,4.33,4.62,4.35,0.27,6.2069,546743.27,246174.538
300088.SZ,20240708,4.44,4.5,4.32,4.35,4.48,-0.13,-2.9018,298216.16,130393.085
300088.SZ,20240705,4.47,4.51,4.39,4.48,4.48,0.0,0.0,208586.08,93082.828
300088.SZ,20240704,4.56,4.59,4.47,4.48,4.55,-0.07,-1.5385,256056.0,115849.945
300088.SZ,20240703,4.56,4.61,4.52,4.55,4.56,-0.01,-0.2193,240289.12,109676.922
300088.SZ,20240702,4.63,4.64,4.54,4.56,4.63,-0.07,-1.5119,250537.09,115053.034
300088.SZ,20240701,4.7,4.73,4.53,4.63,4.7,-0.07,-1.4894,371302.62,170738.567
300088.SZ,20240628,4.56,4.79,4.51,4.7,4.57,0.13,2.8446,438427.35,206163.539
300088.SZ,20240627,4.58,4.71,4.56,4.57,4.62,-0.05,-1.0823,372720.72,172423.424
300088.SZ,20240626,4.42,4.63,4.34,4.62,4.39,0.23,5.2392,361266.39,162510.386
300088.SZ,20240625,4.54,4.6,4.35,4.39,4.54,-0.15,-3.304,369976.0,164625.229
300088.SZ,20240624,4.69,4.74,4.53,4.54,4.72,-0.18,-3.8136,299678.7,138678.824
300088.SZ,20240621,4.7,4.77,4.6,4.72,4.73,-0.01,-0.2114,303252.96,142591.3
300088.SZ,20240620,4.84,4.87,4.71,4.73,4.87,-0.14,-2.8747,267505.94,128026.895
300088.SZ,20240619,4.92,4.96,4.82,4.87,4.89,-0.02,-0.409,261634.12,127595.535
300088.SZ,20240618,4.83,4.92,4.81,4.89,4.83,0.06,1.2422,307465.9,149798.85
300088.SZ,20240617,4.71,4.87,4.7,4.83,4.73,0.1,2.1142,373538.21,179613.053
300088.SZ,20240614,4.67,4.75,4.65,4.73,4.71,0.02,0.4246,247170.96,116149.348
300088.SZ,20240613,4.72,4.77,4.69,4.71,4.72,-0.01,-0.2119,255877.0,120928.623
300088.SZ,20240612,4.67,4.8,4.66,4.72,4.66,0.06,1.2876,317136.0,150663.609
300088.SZ,20240611,4.53,4.67,4.47,4.66,4.56,0.1,2.193,280534.66,128888.876
300088.SZ,20240607,4.58,4.64,4.51,4.56,4.53,0.03,0.6623,267751.08,122234.849
300088.SZ,20240606,4.73,4.79,4.57,4.6,4.7,-0.1,-2.1277,332360.26,154532.872
300088.SZ,20240605,4.72,4.78,4.69,4.7,4.72,-0.02,-0.4237,251549.5,119322.906
300088.SZ,20240604,4.75,4.79,4.65,4.72,4.77,-0.05,-1.0482,307719.17,144469.306
300088.SZ,20240603,4.96,4.96,4.73,4.77,4.84,-0.07,-1.4463,350739.0,168671.847
300088.SZ,20240531,4.76,4.91,4.75,4.84,4.76,0.08,1.6807,320114.0,155335.877
300088.SZ,20240530,4.7,4.81,4.63,4.76,4.7,0.06,1.2766,304823.16,144428.755
300088.SZ,20240529,4.7,4.76,4.67,4.7,4.71,-0.01,-0.2123,216730.08,102235.288
300088.SZ,20240528,4.78,4.82,4.7,4.71,4.78,-0.07,-1.4644,271091.24,128919.722
300088.SZ,20240527,4.76,4.83,4.65,4.78,4.78,0.0,0.0,380180.53,179037.875
300088.SZ,20240524,4.93,4.93,4.77,4.78,4.93,-0.15,-3.0426,391354.6,189311.178
300088.SZ,20240523,5.07,5.08,4.91,4.93,5.06,-0.13,-2.5692,334879.67,166389.742
300088.SZ,20240522,5.0,5.07,4.99,5.06,5.0,0.06,1.2,293583.04,147762.419
300088.SZ,20240521,5.0,5.05,4.96,5.0,5.02,-0.02,-0.3984,237871.45,119017.074
300088.SZ,20240520,5.05,5.09,4.99,5.02,5.03,-0.01,-0.1988,284084.88,143131.626
300088.SZ,20240517,4.89,5.03,4.86,5.03,4.87,0.16,3.2854,355661.16,176470.757
300088.SZ,20240516,4.87,4.94,4.86,4.87,4.85,0.02,0.4124,226729.88,111125.181
300088.SZ,20240515,4.89,4.94,4.85,4.85,4.91,-0.06,-1.222,197221.88,96349.279
300088.SZ,20240514,4.91,5.03,4.89,4.91,4.89,0.02,0.409,265142.98,130876.526
300088.SZ,20240513,4.97,4.99,4.88,4.89,5.01,-0.12,-2.3952,283723.0,139705.199
300088.SZ,20240510,5.13,5.15,4.98,5.01,5.13,-0.12,-2.3392,317842.34,159771.843
300088.SZ,20240509,5.07,5.16,5.07,5.13,5.07,0.06,1.1834,230846.34,118489.092
300088.SZ,20240508,5.21,5.21,5.07,5.07,5.22,-0.15,-2.8736,244236.16,125036.683
300088.SZ,20240507,5.23,5.25,5.17,5.22,5.23,-0.01,-0.1912,236460.08,123297.488
300088.SZ,20240506,5.25,5.3,5.21,5.23,5.17,0.06,1.1605,336620.65,176941.941
300088.SZ,20240430,5.23,5.24,5.12,5.17,5.21,-0.04,-0.7678,287186.36,148547.828
300088.SZ,20240429,5.02,5.22,5.01,5.21,5.02,0.19,3.7849,421367.23,217782.214
300088.SZ,20240426,4.83,5.03,4.81,5.02,4.9,0.12,2.449,400540.09,198625.134
300088.SZ,20240425,4.9,4.99,4.86,4.9,4.92,-0.02,-0.4065,276857.92,136349.994
300088.SZ,20240424,4.85,4.92,4.81,4.92,4.83,0.09,1.8634,250530.5,122322.193
300088.SZ,20240423,4.88,4.93,4.83,4.83,4.86,-0.03,-0.6173,219657.27,106829.451
300088.SZ,20240422,4.87,4.95,4.78,4.86,4.91,-0.05,-1.0183,247138.32,120172.076
300088.SZ,20240419,4.97,5.01,4.87,4.91,5.01,-0.1,-1.996,309005.79,152228.666
300088.SZ,20240418,5.0,5.1,4.91,5.01,4.99,0.02,0.4008,340576.44,170807.559
300088.SZ,20240417,4.77,4.99,4.77,4.99,4.7,0.29,6.1702,406836.5,200191.367
300088.SZ,20240416,4.94,5.0,4.69,4.7,4.98,-0.28,-5.6225,460182.31,221491.459
300088.SZ,20240415,5.02,5.09,4.9,4.98,5.01,-0.03,-0.5988,453680.32,226484.789
300088.SZ,20240412,5.07,5.14,5.0,5.01,5.07,-0.06,-1.1834,301370.71,152499.218
300088.SZ,20240411,5.04,5.17,5.03,5.07,5.09,-0.02,-0.3929,275346.28,140692.392
300088.SZ,20240410,5.26,5.26,5.05,5.09,5.25,-0.16,-3.0476,280457.01,143634.337
300088.SZ,20240409,5.16,5.27,5.15,5.25,5.16,0.09,1.7442,266699.16,139078.467
300088.SZ,20240408,5.29,5.31,5.15,5.16,5.32,-0.16,-3.0075,327657.21,171273.515
300088.SZ,20240403,5.39,5.39,5.25,5.32,5.41,-0.09,-1.6636,353811.64,187866.996
300088.SZ,20240402,5.5,5.51,5.36,5.41,5.52,-0.11,-1.9928,422690.76,228695.264
300088.SZ,20240401,5.33,5.53,5.31,5.52,5.32,0.2,3.7594,531532.0,290548.891
300088.SZ,20240329,5.21,5.33,5.11,5.32,5.21,0.11,2.1113,418951.24,218447.874
300088.SZ,20240328,5.03,5.27,5.02,5.21,5.01,0.2,3.992,504479.07,261590.585
300088.SZ,20240327,5.3,5.31,5.0,5.01,5.31,-0.3,-5.6497,556360.41,285586.786
300088.SZ,20240326,5.29,5.38,5.24,5.31,5.3,0.01,0.1887,409319.31,217802.243
300088.SZ,20240325,5.51,5.53,5.3,5.3,5.54,-0.24,-4.3321,512202.25,277214.323
300088.SZ,20240322,5.55,5.61,5.45,5.54,5.59,-0.05,-0.8945,483668.22,267126.213
300088.SZ,20240321,5.61,5.68,5.56,5.59,5.64,-0.05,-0.8865,388186.0,218033.607
300088.SZ,20240320,5.63,5.66,5.57,5.64,5.63,0.01,0.1776,452547.59,254329.882
300088.SZ,20240319,5.68,5.76,5.61,5.63,5.66,-0.03,-0.53,613819.36,349099.033
300088.SZ,20240318,5.54,5.66,5.53,5.66,5.52,0.14,2.5362,580214.66,325093.635
300088.SZ,20240315,5.46,5.53,5.4,5.52,5.47,0.05,0.9141,375061.41,204584.813
300088.SZ,20240314,5.53,5.58,5.41,5.47,5.58,-0.11,-1.9713,463629.08,254536.932
300088.SZ,20240313,5.56,5.64,5.49,5.58,5.55,0.03,0.5405,611018.44,340642.369
300088.SZ,20240312,5.5,5.59,5.47,5.55,5.48,0.07,1.2774,548636.4,303855.26
300088.SZ,20240311,5.36,5.48,5.34,5.48,5.43,0.05,0.9208,492602.07,266734.71
300088.SZ,20240308,5.32,5.48,5.27,5.43,5.28,0.15,2.8409,572090.6,308559.052
300088.SZ,20240307,5.44,5.5,5.28,5.28,5.51,-0.23,-4.1742,816057.34,439327.088
300088.SZ,20240306,5.56,5.64,5.4,5.51,5.52,-0.01,-0.1812,871894.53,481508.619
300088.SZ,20240305,5.43,5.6,5.36,5.52,5.47,0.05,0.9141,797507.38,439701.453
300088.SZ,20240304,5.55,5.62,5.37,5.47,5.5,-0.03,-0.5455,529789.37,289902.448
300088.SZ,20240301,5.36,5.52,5.33,5.5,5.36,0.14,2.6119,670824.36,365135.865
300088.SZ,20240229,5.1,5.37,5.08,5.36,5.14,0.22,4.2802,599276.78,315528.911
300088.SZ,20240228,5.39,5.52,5.12,5.14,5.41,-0.27,-4.9908,875339.4,469892.883
300088.SZ,20240227,5.22,5.41,5.18,5.41,5.26,0.15,2.8517,588932.08,312093.431
300088.SZ,20240226,5.18,5.32,5.13,5.26,5.18,0.08,1.5444,610529.68,319643.973
300088.SZ,20240223,5.16,5.18,5.04,5.18,5.09,0.09,1.7682,574820.65,293810.054
300088.SZ,20240222,4.98,5.11,4.97,5.09,4.98,0.11,2.2088,527421.14,266517.702
300088.SZ,20240221,4.9,5.14,4.86,4.98,4.94,0.04,0.8097,624728.87,313533.315
300088.SZ,20240220,4.9,4.94,4.83,4.94,4.96,-0.02,-0.4032,446888.92,218386.791
300088.SZ,20240219,5.06,5.09,4.83,4.96,4.93,0.03,0.6085,854517.14,420545.1
300088.SZ,20240208,4.94,5.25,4.89,4.93,4.87,0.06,1.232,1031984.04,523396.914
300088.SZ,20240207,4.38,4.87,4.36,4.87,4.37,0.5,11.4416,1124112.15,530783.916
300088.SZ,20240206,3.93,4.45,3.92,4.37,3.94,0.43,10.9137,857115.17,358287.733
300088.SZ,20240205,4.34,4.35,3.9,3.94,4.37,-0.43,-9.8398,870326.44,355607.582
300088.SZ,20240202,4.61,4.7,4.2,4.37,4.6,-0.23,-5.0,626437.01,278423.725
300088.SZ,20240201,4.59,4.73,4.55,4.6,4.61,-0.01,-0.2169,418049.03,193671.264
300088.SZ,20240131,4.91,4.94,4.59,4.61,5.01,-0.4,-7.984,837423.11,396595.688
300088.SZ,20240130,5.15,5.23,5.0,5.01,5.19,-0.18,-3.4682,290557.0,148706.176
300088.SZ,20240129,5.38,5.43,5.18,5.19,5.38,-0.19,-3.5316,340687.16,178926.779
300088.SZ,20240126,5.49,5.53,5.36,5.38,5.49,-0.11,-2.0036,390250.84,212412.356
300088.SZ,20240125,5.36,5.51,5.3,5.49,5.35,0.14,2.6168,388166.0,210732.604
300088.SZ,20240124,5.27,5.39,5.14,5.35,5.26,0.09,1.711,383756.83,201878.797
300088.SZ,20240123,5.23,5.31,5.16,5.26,5.23,0.03,0.5736,332566.72,174718.462
300088.SZ,20240122,5.55,5.6,5.22,5.23,5.56,-0.33,-5.9353,395497.37,213770.635
300088.SZ,20240119,5.67,5.7,5.55,5.56,5.67,-0.11,-1.94,271014.92,151938.031
300088.SZ,20240118,5.65,5.72,5.48,5.67,5.67,0.0,0.0,442041.39,247031.493
300088.SZ,20240117,5.8,5.86,5.66,5.67,5.81,-0.14,-2.4096,291766.28,168217.488
300088.SZ,20240116,5.84,5.84,5.72,5.81,5.82,-0.01,-0.1718,251722.58,145488.785
300088.SZ,20240115,5.84,5.9,5.77,5.82,5.84,-0.02,-0.3425,273167.51,159238.95
300088.SZ,20240112,5.94,5.96,5.84,5.84,5.96,-0.12,-2.0134,256483.71,151064.922
300088.SZ,20240111,5.86,5.99,5.83,5.96,5.83,0.13,2.2298,305043.91,180662.961
300088.SZ,20240110,5.92,5.94,5.77,5.83,5.95,-0.12,-2.0168,314064.99,183798.874
300088.SZ,20240109,5.98,6.04,5.89,5.95,5.95,0.0,0.0,336078.56,200880.363
300088.SZ,20240108,6.07,6.11,5.95,5.95,6.08,-0.13,-2.1382,318280.93,191141.128
300088.SZ,20240105,6.17,6.27,6.05,6.08,6.16,-0.08,-1.2987,389801.35,239721.102
300088.SZ,20240104,6.28,6.38,6.13,6.16,6.35,-0.19,-2.9921,526703.15,326561.784
300088.SZ,20240103,6.53,6.56,6.3,6.35,6.56,-0.21,-3.2012,559524.07,358353.458
300088.SZ,20240102,6.7,6.73,6.56,6.56,6.69,-0.13,-1.9432,418478.85,277439.484
300088.SZ,20231229,6.45,6.75,6.42,6.69,6.45,0.24,3.7209,652068.53,434060.201
300088.SZ,20231228,6.35,6.5,6.27,6.45,6.35,0.1,1.5748,456438.77,292341.534
300088.SZ,20231227,6.23,6.4,6.2,6.35,6.23,0.12,1.9262,295744.48,187143.449
300088.SZ,20231226,6.41,6.41,6.19,6.23,6.41,-0.18,-2.8081,393231.39,245719.612
300088.SZ,20231225,6.36,6.45,6.33,6.41,6.38,0.03,0.4702,312064.09,199367.275
300088.SZ,20231222,6.47,6.53,6.36,6.38,6.48,-0.1,-1.5432,343174.5,220565.163
300088.SZ,20231221,6.4,6.52,6.33,6.48,6.43,0.05,0.7776,351244.86,225633.224
300088.SZ,20231220,6.51,6.63,6.41,6.43,6.49,-0.06,-0.9245,444433.72,289372.568
300088.SZ,20231219,6.46,6.53,6.44,6.49,6.47,0.02,0.3091,248363.06,160898.408
300088.SZ,20231218,6.53,6.55,6.43,6.47,6.56,-0.09,-1.372,272766.71,176922.162
300088.SZ,20231215,6.6,6.66,6.53,6.56,6.6,-0.04,-0.6061,307089.25,202018.313
300088.SZ,20231214,6.74,6.82,6.58,6.6,6.69,-0.09,-1.3453,369210.51,246959.87
300088.SZ,20231213,6.74,6.84,6.68,6.69,6.73,-0.04,-0.5944,390002.79,263536.607
300088.SZ,20231212,6.75,6.83,6.68,6.73,6.75,-0.02,-0.2963,345030.96,232615.181
300088.SZ,20231211,6.67,6.77,6.36,6.75,6.74,0.01,0.1484,667437.12,443185.917
300088.SZ,20231208,6.64,6.74,6.58,6.74,6.62,0.12,1.8127,844011.96,561323.14
300088.SZ,20231207,6.67,6.69,6.61,6.62,6.65,-0.03,-0.4511,388833.37,258224.423
300088.SZ,20231206,6.66,6.73,6.63,6.65,6.69,-0.04,-0.5979,375788.81,250497.879
300088.SZ,20231205,6.87,6.93,6.68,6.69,6.88,-0.19,-2.7616,505897.79,342801.736
300088.SZ,20231204,6.97,6.98,6.85,6.88,6.95,-0.07,-1.0072,327245.35,225911.9
300088.SZ,20231201,6.9,7.0,6.87,6.95,6.93,0.02,0.2886,354297.48,246173.074
300088.SZ,20231130,7.01,7.01,6.85,6.93,7.03,-0.1,-1.4225,456416.44,316000.898
300088.SZ,20231129,7.01,7.14,6.99,7.03,7.06,-0.03,-0.4249,483814.47,341442.073
300088.SZ,20231128,7.03,7.12,6.93,7.06,7.01,0.05,0.7133,573402.05,404242.167
300088.SZ,20231127,6.9,7.05,6.9,7.01,6.95,0.06,0.8633,467112.15,326372.816
300088.SZ,20231124,7.11,7.15,6.92,6.95,7.16,-0.21,-2.933,715754.69,502029.912
300088.SZ,20231123,6.8,7.22,6.77,7.16,6.8,0.36,5.2941,1233721.91,865975.836
300088.SZ,20231122,7.04,7.05,6.78,6.8,7.05,-0.25,-3.5461,975132.64,671210.766
300088.SZ,20231121,7.2,7.24,7.0,7.05,7.2,-0.15,-2.0833,839194.74,596078.038
300088.SZ,20231120,7.26,7.26,7.15,7.2,7.23,-0.03,-0.4149,634561.06,455813.344
300088.SZ,20231117,7.28,7.33,7.18,7.23,7.29,-0.06,-0.823,692020.36,501541.133
300088.SZ,20231116,7.41,7.48,7.27,7.29,7.46,-0.17,-2.2788,716168.14,526941.704
300088.SZ,20231115,7.55,7.56,7.35,7.46,7.49,-0.03,-0.4005,721545.24,536942.141
300088.SZ,20231114,7.44,7.57,7.35,7.49,7.47,0.02,0.2677,747532.6,558700.863
300088.SZ,20231113,7.62,7.65,7.4,7.47,7.66,-0.19,-2.4804,962310.73,719509.565
300088.SZ,20231110,7.45,7.74,7.42,7.66,7.5,0.16,2.1333,1406286.13,1068907.96
300088.SZ,20231109,7.62,7.76,7.44,7.5,7.69,-0.19,-2.4707,1191210.73,904111.837
300088.SZ,20231108,7.85,7.89,7.58,7.69,7.85,-0.16,-2.0382,2071493.37,1602628.119
300088.SZ,20231107,7.25,8.09,7.23,7.85,7.24,0.61,8.4254,3220507.01,2487410.248
300088.SZ,20231106,6.88,7.35,6.85,7.24,6.78,0.46,6.7847,1729421.94,1243992.487
300088.SZ,20231103,6.37,6.88,6.37,6.78,6.37,0.41,6.4364,1361110.27,912436.044
300088.SZ,20231102,6.5,6.54,6.35,6.37,6.5,-0.13,-2.0,409268.54,262971.756
300088.SZ,20231101,6.45,6.52,6.4,6.5,6.46,0.04,0.6192,474527.0,307256.875
300088.SZ,20231031,6.45,6.54,6.39,6.46,6.5,-0.04,-0.6154,511146.75,330301.098
300088.SZ,20231030,6.17,6.54,6.15,6.5,6.25,0.25,4.0,833555.3,535632.763
300088.SZ,20231027,6.21,6.27,6.1,6.25,6.26,-0.01,-0.1597,520766.45,322484.731
300088.SZ,20231026,6.14,6.27,6.09,6.26,6.19,0.07,1.1309,470181.38,291264.717
300088.SZ,20231025,6.16,6.22,6.11,6.19,6.14,0.05,0.8143,396484.78,245175.479
300088.SZ,20231024,6.13,6.26,6.02,6.14,6.11,0.03,0.491,490408.03,300716.824
300088.SZ,20231023,6.13,6.23,6.07,6.11,6.16,-0.05,-0.8117,361817.96,221767.155
300088.SZ,20231020,6.27,6.33,6.13,6.16,6.28,-0.12,-1.9108,307240.66,190991.417
300088.SZ,20231019,6.31,6.4,6.26,6.28,6.36,-0.08,-1.2579,353655.52,223668.145
300088.SZ,20231018,6.45,6.45,6.33,6.36,6.46,-0.1,-1.548,319341.0,203289.742
300088.SZ,20231017,6.52,6.57,6.4,6.46,6.52,-0.06,-0.9202,528153.24,341100.811
300088.SZ,20231016,6.61,6.73,6.45,6.52,6.6,-0.08,-1.2121,714861.07,467036.413
300088.SZ,20231013,6.39,6.74,6.37,6.6,6.43,0.17,2.6439,1040121.16,687824.509
300088.SZ,20231012,6.4,6.49,6.35,6.43,6.45,-0.02,-0.3101,469009.35,300798.245
300088.SZ,20231011,6.31,6.52,6.31,6.45,6.31,0.14,2.2187,739758.25,476005.168
300088.SZ,20231010,6.27,6.36,6.25,6.31,6.31,0.0,0.0,347675.97,218977.085
300088.SZ,20231009,6.16,6.35,6.15,6.31,6.15,0.16,2.6016,729538.88,456734.202
300088.SZ,20230928,5.93,6.19,5.92,6.15,5.91,0.24,4.0609,434384.27,264642.224
300088.SZ,20230927,5.89,5.94,5.86,5.91,5.91,0.0,0.0,152592.88,90157.112
300088.SZ,20230926,5.96,5.99,5.9,5.91,5.99,-0.08,-1.3356,124097.98,73614.516
300088.SZ,20230925,6.02,6.04,5.96,5.99,6.03,-0.04,-0.6633,153698.13,92061.27
300088.SZ,20230922,5.85,6.04,5.84,6.03,5.86,0.17,2.901,230731.93,137535.679
300088.SZ,20230921,5.83,5.93,5.8,5.86,5.83,0.03,0.5146,212371.38,124752.512
300088.SZ,20230920,5.91,5.96,5.82,5.83,5.9,-0.07,-1.1864,132519.0,77820.613
300088.SZ,20230919,6.0,6.01,5.88,5.9,6.01,-0.11,-1.8303,170696.95,100930.12
300088.SZ,20230918,5.97,6.05,5.91,6.01,5.98,0.03,0.5017,171970.0,103196.1
300088.SZ,20230915,6.04,6.06,5.95,5.98,6.01,-0.03,-0.4992,180153.2,107921.531
300088.SZ,20230914,6.08,6.09,5.97,6.01,6.08,-0.07,-1.1513,213094.91,128007.037
300088.SZ,20230913,6.14,6.16,6.03,6.08,6.17,-0.09,-1.4587,259779.9,157824.793
300088.SZ,20230912,6.2,6.22,6.14,6.17,6.18,-0.01,-0.1618,218329.0,134538.754
300088.SZ,20230911,6.23,6.25,6.14,6.18,6.16,0.02,0.3247,376180.0,233269.78
300088.SZ,20230908,6.07,6.21,6.05,6.16,6.07,0.09,1.4827,314335.0,192963.729
300088.SZ,20230907,6.2,6.2,6.06,6.07,6.24,-0.17,-2.7244,345922.88,211539.361
300088.SZ,20230906,6.11,6.25,6.06,6.24,6.06,0.18,2.9703,538874.83,332333.358
300088.SZ,20230905,6.0,6.1,5.99,6.06,5.99,0.07,1.1686,284622.26,172515.295
300088.SZ,20230904,5.9,5.99,5.88,5.99,5.88,0.11,1.8707,206304.43,122683.084
300088.SZ,20230901,5.9,5.91,5.85,5.88,5.88,0.0,0.0,97319.42,57216.24
300088.SZ,20230831,5.86,5.91,5.84,5.88,5.89,-0.01,-0.1698,174637.51,102581.048
300088.SZ,20230830,5.87,5.95,5.84,5.89,5.82,0.07,1.2027,250362.47,147673.509
300088.SZ,20230829,5.66,5.84,5.63,5.82,5.64,0.18,3.1915,235154.33,135696.745
300088.SZ,20230828,5.9,5.97,5.61,5.64,5.59,0.05,0.8945,261102.9,151069.331
300088.SZ,20230825,5.74,5.74,5.58,5.59,5.76,-0.17,-2.9514,170301.44,96454.358
300088.SZ,20230824,5.8,5.82,5.73,5.76,5.78,-0.02,-0.346,135526.75,78229.442
300088.SZ,20230823,5.88,5.88,5.78,5.78,5.89,-0.11,-1.8676,105068.6,61072.743
300088.SZ,20230822,5.86,5.91,5.76,5.89,5.86,0.03,0.5119,166035.0,96944.442
300088.SZ,20230821,5.86,5.92,5.84,5.86,5.88,-0.02,-0.3401,117394.08,69046.45
300088.SZ,20230818,5.95,5.96,5.87,5.88,5.95,-0.07,-1.1765,104884.49,62057.701
300088.SZ,20230817,5.9,5.97,5.86,5.95,5.92,0.03,0.5068,120011.13,71045.086
300088.SZ,20230816,5.94,5.98,5.91,5.92,5.95,-0.03,-0.5042,107993.0,64209.239
300088.SZ,20230815,5.98,6.0,5.9,5.95,5.99,-0.04,-0.6678,114286.67,67994.367
300088.SZ,20230814,5.93,6.0,5.87,5.99,5.96,0.03,0.5034,191421.01,113465.135
300088.SZ,20230811,6.08,6.09,5.96,5.96,6.07,-0.11,-1.8122,217077.0,130265.891
300088.SZ,20230810,6.09,6.12,6.05,6.07,6.09,-0.02,-0.3284,148382.0,90109.528
300088.SZ,20230809,6.16,6.16,6.07,6.09,6.17,-0.08,-1.2966,166771.0,101778.656
300088.SZ,20230808,6.24,6.24,6.15,6.17,6.24,-0.07,-1.1218,165713.83,102380.466
300088.SZ,20230807,6.25,6.27,6.19,6.24,6.24,0.0,0.0,178126.83,110979.484
300088.SZ,20230804,6.18,6.27,6.17,6.24,6.17,0.07,1.1345,290394.64,180984.932
300088.SZ,20230803,6.14,6.18,6.13,6.17,6.16,0.01,0.1623,134567.24,82842.018
300088.SZ,20230802,6.18,6.2,6.14,6.16,6.18,-0.02,-0.3236,136509.78,84201.932
300088.SZ,20230801,6.14,6.2,6.13,6.18,6.16,0.02,0.3247,177642.28,109507.195
300088.SZ,20230731,6.1,6.17,6.08,6.16,6.09,0.07,1.1494,225147.12,138417.217
300088.SZ,20230728,6.03,6.1,6.01,6.09,6.05,0.04,0.6612,185888.6,112680.841
300088.SZ,20230727,6.11,6.13,6.03,6.05,6.1,-0.05,-0.8197,182588.65,110986.209
300088.SZ,20230726,6.22,6.22,6.07,6.1,6.22,-0.12,-1.9293,262039.29,160321.131
300088.SZ,20230725,6.19,6.23,6.15,6.22,6.13,0.09,1.4682,229745.97,142465.013
300088.SZ,20230724,6.08,6.19,6.05,6.13,6.08,0.05,0.8224,185568.24,113821.771
300088.SZ,20230721,6.09,6.17,6.05,6.08,6.08,0.0,0.0,242990.41,148145.904
300088.SZ,20230720,6.2,6.23,6.05,6.08,6.19,-0.11,-1.7771,265630.28,162998.718
300088.SZ,20230719,6.22,6.28,6.17,6.19,6.23,-0.04,-0.6421,182774.0,113337.615
300088.SZ,20230718,6.26,6.32,6.21,6.23,6.27,-0.04,-0.638,237615.87,148688.529
300088.SZ,20230717,6.29,6.31,6.2,6.27,6.32,-0.05,-0.7911,295597.04,184578.082
300088.SZ,20230714,6.3,6.38,6.27,6.32,6.3,0.02,0.3175,287848.84,181913.364
300088.SZ,20230713,6.25,6.32,6.22,6.3,6.2,0.1,1.6129,259561.14,163138.308
300088.SZ,20230712,6.27,6.39,6.2,6.2,6.28,-0.08,-1.2739,337099.74,212151.39
300088.SZ,20230711,6.23,6.3,6.23,6.28,6.24,0.04,0.641,206954.64,129698.444
300088.SZ,20230710,6.33,6.36,6.2,6.24,6.31,-0.07,-1.1094,352266.32,220054.636
300088.SZ,20230707,6.42,6.47,6.26,6.31,6.46,-0.15,-2.322,528736.3,334327.712
300088.SZ,20230706,6.23,6.66,6.21,6.46,6.26,0.2,3.1949,1037082.52,671119.542
300088.SZ,20230705,6.13,6.39,6.1,6.26,6.13,0.13,2.1207,795151.07,498476.475
300088.SZ,20230704,6.04,6.18,6.03,6.13,6.04,0.09,1.4901,358609.68,219641.097
300088.SZ,20230703,6.03,6.12,6.0,6.04,6.03,0.01,0.1658,301617.22,182795.972
300088.SZ,20230630,5.92,6.07,5.92,6.03,5.94,0.09,1.5152,268224.33,161228.787
300088.SZ,20230629,5.77,6.03,5.76,5.94,5.8,0.14,2.4138,311178.41,183965.721
300088.SZ,20230628,5.91,5.91,5.71,5.8,5.91,-0.11,-1.8613,313117.24,180882.763
300088.SZ,20230627,5.87,5.95,5.86,5.91,5.87,0.04,0.6814,191016.12,112816.59
300088.SZ,20230626,5.95,6.01,5.86,5.87,6.01,-0.14,-2.3295,269143.93,159690.362
300088.SZ,20230621,6.17,6.17,6.0,6.01,6.17,-0.16,-2.5932,308968.52,187283.153
300088.SZ,20230620,6.21,6.22,6.13,6.17,6.22,-0.05,-0.8039,254439.45,156892.404
300088.SZ,20230619,6.07,6.28,6.04,6.22,6.05,0.17,2.8099,471276.47,291228.891
300088.SZ,20230616,6.0,6.06,5.95,6.05,5.99,0.06,1.0017,262476.29,157973.426
300088.SZ,20230615,6.0,6.02,5.93,5.99,6.0,-0.01,-0.1667,263079.64,157165.224
300088.SZ,20230614,6.05,6.07,5.99,6.0,6.06,-0.06,-0.9901,200876.61,120849.048
300088.SZ,20230613,6.05,6.08,6.0,6.06,6.05,0.01,0.1653,199611.56,120772.692
300088.SZ,20230612,5.91,6.08,5.89,6.05,5.92,0.13,2.1959,334239.51,201372.819
300088.SZ,20230609,5.91,5.93,5.76,5.92,5.91,0.01,0.1692,466203.66,273203.227
300088.SZ,20230608,6.14,6.14,5.86,5.91,6.16,-0.25,-4.0584,634052.33,377274.41
300088.SZ,20230607,6.13,6.19,6.12,6.16,6.14,0.02,0.3257,265551.27,163584.359
300088.SZ,20230606,6.35,6.4,6.13,6.14,6.35,-0.21,-3.3071,419485.9,261417.923
300088.SZ,20230605,6.32,6.42,6.31,6.35,6.34,0.01,0.1577,282653.02,179850.215
300088.SZ,20230602,6.41,6.45,6.26,6.34,6.29,0.05,0.7949,395008.16,249827.678
300088.SZ,20230601,6.26,6.45,6.25,6.39,6.28,0.11,1.7516,425517.81,271193.567
300088.SZ,20230531,6.24,6.3,6.21,6.28,6.26,0.02,0.3195,265944.44,166789.125
300088.SZ,20230530,6.2,6.26,6.12,6.26,6.2,0.06,0.9677,252322.98,156322.613
300088.SZ,20230529,6.2,6.25,6.18,6.2,6.18,0.02,0.3236,220875.37,137164.314
300088.SZ,20230526,6.18,6.22,6.14,6.18,6.18,0.0,0.0,187205.92,115752.45
300088.SZ,20230525,6.16,6.23,6.06,6.18,6.16,0.02,0.3247,200095.0,122877.931
300088.SZ,20230524,6.14,6.22,6.1,6.16,6.17,-0.01,-0.1621,164708.0,101535.797
300088.SZ,20230523,6.27,6.28,6.16,6.17,6.26,-0.09,-1.4377,214640.96,133528.938
300088.SZ,20230522,6.3,6.33,6.22,6.26,6.3,-0.04,-0.6349,217131.04,135822.215
300088.SZ,20230519,6.18,6.34,6.16,6.3,6.18,0.12,1.9417,372634.5,232981.33
300088.SZ,20230518,6.12,6.21,6.11,6.18,6.14,0.04,0.6515,267161.75,165012.959
300088.SZ,20230517,6.07,6.15,6.06,6.14,6.09,0.05,0.821,148470.29,90923.54
300088.SZ,20230516,6.15,6.16,6.07,6.09,6.14,-0.05,-0.8143,195464.27,119331.743
300088.SZ,20230515,6.13,6.15,6.04,6.14,6.09,0.05,0.821,198871.35,121080.446
300088.SZ,20230512,6.13,6.17,6.08,6.09,6.15,-0.06,-0.9756,195752.82,119706.985
300088.SZ,20230511,6.19,6.2,6.13,6.15,6.17,-0.02,-0.3241,232739.98,143412.987
300088.SZ,20230510,6.09,6.2,6.09,6.17,6.11,0.06,0.982,248159.52,152622.116
300088.SZ,20230509,6.09,6.26,6.03,6.11,6.09,0.02,0.3284,435592.65,267912.105
300088.SZ,20230508,6.08,6.12,6.06,6.09,6.06,0.03,0.495,234489.24,142677.489
300088.SZ,20230505,6.11,6.12,6.01,6.06,6.12,-0.06,-0.9804,280913.26,170199.895
300088.SZ,20230504,6.1,6.15,6.06,6.12,6.14,-0.02,-0.3257,290033.48,176845.659
300088.SZ,20230428,6.02,6.14,6.01,6.14,6.01,0.13,2.1631,285519.46,174007.999
300088.SZ,20230427,6.02,6.06,5.96,6.01,6.01,0.0,0.0,349498.56,210202.577
300088.SZ,20230426,6.1,6.11,5.98,6.01,6.08,-0.07,-1.1513,435464.24,262845.458
300088.SZ,20230425,6.34,6.34,6.01,6.08,6.47,-0.39,-6.0278,711012.58,435845.463
300088.SZ,20230424,6.52,6.62,6.45,6.47,6.52,-0.05,-0.7669,325405.5,212182.737
300088.SZ,20230421,6.92,6.92,6.51,6.52,6.92,-0.4,-5.7803,607462.4,404881.504
300088.SZ,20230420,6.81,6.94,6.81,6.92,6.85,0.07,1.0219,275313.07,189914.827
300088.SZ,20230419,6.79,6.96,6.76,6.85,6.81,0.04,0.5874,359809.04,247594.613
300088.SZ,20230418,6.88,6.9,6.72,6.81,6.9,-0.09,-1.3043,449179.47,305189.147
300088.SZ,20230417,7.0,7.03,6.88,6.9,7.05,-0.15,-2.1277,420930.25,291231.365
300088.SZ,20230414,7.03,7.07,6.92,7.05,7.02,0.03,0.4274,355374.41,249086.46
300088.SZ,20230413,7.2,7.25,7.01,7.02,7.26,-0.24,-3.3058,543176.28,385989.094
300088.SZ,20230412,7.32,7.37,7.16,7.26,7.11,0.15,2.1097,591208.32,428980.833
300088.SZ,20230411,7.08,7.15,7.02,7.11,7.09,0.02,0.2821,400848.99,284240.021
300088.SZ,20230410,7.2,7.31,7.04,7.09,7.22,-0.13,-1.8006,544997.53,391857.353
300088.SZ,20230407,7.31,7.31,7.18,7.22,7.34,-0.12,-1.6349,499990.32,361530.103
300088.SZ,20230406,7.16,7.37,7.13,7.34,7.17,0.17,2.371,760649.23,554019.806
300088.SZ,20230404,7.17,7.2,7.05,7.17,7.14,0.03,0.4202,504814.52,359942.734
300088.SZ,20230403,7.01,7.15,6.97,7.14,7.01,0.13,1.8545,511488.2,362292.467
300088.SZ,20230331,6.96,7.02,6.87,7.01,6.97,0.04,0.5739,364236.42,252995.395
300088.SZ,20230330,6.97,7.05,6.87,6.97,6.96,0.01,0.1437,332744.0,231518.319
300088.SZ,20230329,6.97,7.03,6.89,6.96,6.96,0.0,0.0,357259.21,248722.093
300088.SZ,20230328,7.12,7.13,6.95,6.96,7.12,-0.16,-2.2472,477577.56,334620.03
300088.SZ,20230327,7.19,7.26,7.01,7.12,7.19,-0.07,-0.9736,658854.43,468649.145
300088.SZ,20230324,7.15,7.25,7.09,7.19,7.16,0.03,0.419,652005.0,468253.154
300088.SZ,20230323,7.08,7.21,7.04,7.16,7.1,0.06,0.8451,626345.84,447489.889
300088.SZ,20230322,6.9,7.13,6.86,7.1,6.92,0.18,2.6012,767323.88,538462.187
300088.SZ,20230321,6.89,6.95,6.86,6.92,6.88,0.04,0.5814,379718.19,262083.232
300088.SZ,20230320,6.85,7.03,6.82,6.88,6.83,0.05,0.7321,681302.6,471804.986
300088.SZ,20230317,6.74,6.87,6.71,6.83,6.66,0.17,2.5526,634620.27,432357.196
300088.SZ,20230316,6.69,6.78,6.65,6.66,6.73,-0.07,-1.0401,354752.12,238086.829
300088.SZ,20230315,6.55,6.8,6.53,6.73,6.5,0.23,3.5385,571714.51,383657.972
300088.SZ,20230314,6.59,6.59,6.38,6.5,6.59,-0.09,-1.3657,299403.94,193881.373
300088.SZ,20230313,6.53,6.59,6.47,6.59,6.56,0.03,0.4573,248770.0,162669.948
300088.SZ,20230310,6.64,6.68,6.54,6.56,6.65,-0.09,-1.3534,224853.25,148518.894
300088.SZ,20230309,6.63,6.68,6.6,6.65,6.64,0.01,0.1506,180468.16,120081.24
300088.SZ,20230308,6.5,6.64,6.46,6.64,6.51,0.13,1.9969,253288.68,166852.589
300088.SZ,20230307,6.7,6.77,6.5,6.51,6.69,-0.18,-2.6906,318746.88,211097.996
300088.SZ,20230306,6.75,6.76,6.68,6.69,6.72,-0.03,-0.4464,218675.86,146773.501
300088.SZ,20230303,6.77,6.81,6.62,6.72,6.76,-0.04,-0.5917,287936.36,193071.882
300088.SZ,20230302,6.78,6.85,6.73,6.76,6.77,-0.01,-0.1477,273818.97,185653.656
300088.SZ,20230301,6.6,6.79,6.57,6.77,6.6,0.17,2.5758,458242.68,308167.707
300088.SZ,20230228,6.53,6.68,6.5,6.6,6.5,0.1,1.5385,259962.21,171207.39
300088.SZ,20230227,6.59,6.63,6.46,6.5,6.63,-0.13,-1.9608,279245.61,182706.408
300088.SZ,20230224,6.65,6.68,6.58,6.63,6.64,-0.01,-0.1506,227027.68,150368.659
300088.SZ,20230223,6.73,6.74,6.61,6.64,6.73,-0.09,-1.3373,256596.39,171097.426
300088.SZ,20230222,6.72,6.77,6.67,6.73,6.76,-0.03,-0.4438,213817.88,143532.55
300088.SZ,20230221,6.72,6.84,6.69,6.76,6.72,0.04,0.5952,363429.47,246180.751
300088.SZ,20230220,6.58,6.75,6.55,6.72,6.58,0.14,2.1277,340038.3,226915.813
300088.SZ,20230217,6.69,6.75,6.58,6.58,6.69,-0.11,-1.6442,345400.17,229521.789
300088.SZ,20230216,6.9,6.93,6.62,6.69,6.91,-0.22,-3.1838,618869.58,420693.957
300088.SZ,20230215,6.79,6.93,6.78,6.91,6.81,0.1,1.4684,482573.12,332282.105
300088.SZ,20230214,6.8,6.92,6.73,6.81,6.8,0.01,0.1471,455551.0,310329.602
300088.SZ,20230213,6.79,6.83,6.74,6.8,6.83,-0.03,-0.4392,384489.43,260934.619
300088.SZ,20230210,6.84,6.94,6.77,6.83,6.88,-0.05,-0.7267,441132.01,302689.965
300088.SZ,20230209,6.69,6.88,6.66,6.88,6.69,0.19,2.8401,611661.48,417255.629
300088.SZ,20230208,6.76,6.83,6.68,6.69,6.81,-0.12,-1.7621,323031.42,217323.287
300088.SZ,20230207,6.74,6.82,6.72,6.81,6.74,0.07,1.0386,343502.34,232782.303
300088.SZ,20230206,6.73,6.83,6.7,6.74,6.79,-0.05,-0.7364,282581.28,190856.892
300088.SZ,20230203,6.79,6.85,6.62,6.79,6.73,0.06,0.8915,474041.24,319621.891
300088.SZ,20230202,6.81,6.81,6.71,6.73,6.78,-0.05,-0.7375,373424.56,252000.039
300088.SZ,20230201,6.55,6.82,6.53,6.78,6.55,0.23,3.5115,690796.02,465844.009
300088.SZ,20230131,6.5,6.55,6.45,6.55,6.53,0.02,0.3063,260034.6,169128.947
300088.SZ,20230130,6.48,6.61,6.44,6.53,6.39,0.14,2.1909,485893.48,316942.531
300088.SZ,20230120,6.4,6.44,6.35,6.39,6.4,-0.01,-0.1563,237664.04,151755.732
300088.SZ,20230119,6.34,6.41,6.32,6.4,6.37,0.03,0.471,162788.53,103714.38
300088.SZ,20230118,6.31,6.38,6.29,6.37,6.32,0.05,0.7911,190868.22,121240.655
300088.SZ,20230117,6.32,6.38,6.26,6.32,6.27,0.05,0.7974,257939.02,163048.558
300088.SZ,20230116,6.2,6.31,6.17,6.27,6.17,0.1,1.6207,307821.0,192738.681
300088.SZ,20230113,6.21,6.21,6.12,6.17,6.17,0.0,0.0,128768.08,79331.269
300088.SZ,20230112,6.12,6.18,6.1,6.17,6.12,0.05,0.817,168798.28,103814.678
300088.SZ,20230111,6.15,6.22,6.1,6.12,6.17,-0.05,-0.8104,197929.26,121954.611
300088.SZ,20230110,6.18,6.2,6.14,6.17,6.16,0.01,0.1623,152716.18,94079.851
300088.SZ,20230109,6.14,6.21,6.13,6.16,6.13,0.03,0.4894,194876.36,120193.415
300088.SZ,20230106,6.1,6.21,6.07,6.13,6.11,0.02,0.3273,257058.46,158218.453
300088.SZ,20230105,6.08,6.13,6.06,6.11,6.07,0.04,0.659,192205.64,117329.838
300088.SZ,20230104,6.08,6.1,6.02,6.07,6.09,-0.02,-0.3284,183299.85,111151.147
300088.SZ,20230103,5.97,6.11,5.92,6.09,5.97,0.12,2.0101,251974.19,152335.216
300088.SZ,20221230,6.0,6.02,5.96,5.97,5.97,0.0,0.0,125052.04,74776.201
300088.SZ,20221229,5.95,6.02,5.94,5.97,5.97,0.0,0.0,124821.09,74699.843
300088.SZ,20221228,6.03,6.03,5.96,5.97,6.03,-0.06,-0.995,142530.0,85301.372
300088.SZ,20221227,6.01,6.05,5.96,6.03,5.99,0.04,0.6678,157190.48,94339.727
300088.SZ,20221226,5.91,6.01,5.9,5.99,5.93,0.06,1.0118,175342.54,104679.497
300088.SZ,20221223,5.94,5.98,5.89,5.93,5.94,-0.01,-0.1684,139590.5,82771.609
300088.SZ,20221222,6.05,6.09,5.92,5.94,6.02,-0.08,-1.3289,167693.5,100712.416
300088.SZ,20221221,6.11,6.14,5.99,6.02,6.12,-0.1,-1.634,172546.88,104424.346
300088.SZ,20221220,6.07,6.19,6.06,6.12,6.1,0.02,0.3279,154740.46,94764.526
300088.SZ,20221219,6.27,6.3,6.05,6.1,6.27,-0.17,-2.7113,248603.97,152957.428
300088.SZ,20221216,6.31,6.34,6.24,6.27,6.35,-0.08,-1.2598,203264.43,127439.241
300088.SZ,20221215,6.27,6.41,6.25,6.35,6.28,0.07,1.1146,261493.37,166274.615
300088.SZ,20221214,6.35,6.4,6.27,6.28,6.29,-0.01,-0.159,227102.89,143891.269
300088.SZ,20221213,6.39,6.4,6.29,6.29,6.4,-0.11,-1.7188,185392.4,117407.076
300088.SZ,20221212,6.32,6.43,6.27,6.4,6.34,0.06,0.9464,262801.38,167147.783
300088.SZ,20221209,6.39,6.43,6.33,6.34,6.37,-0.03,-0.471,223324.58,141988.283
300088.SZ,20221208,6.48,6.5,6.36,6.37,6.49,-0.12,-1.849,255167.02,163522.472
300088.SZ,20221207,6.55,6.55,6.47,6.49,6.56,-0.07,-1.0671,219200.31,142616.735
300088.SZ,20221206,6.51,6.61,6.49,6.56,6.52,0.04,0.6135,312145.99,204878.821
300088.SZ,20221205,6.49,6.54,6.48,6.52,6.48,0.04,0.6173,269457.98,175383.106
300088.SZ,20221202,6.46,6.54,6.43,6.48,6.42,0.06,0.9346,261864.91,170065.393
300088.SZ,20221201,6.44,6.49,6.4,6.42,6.37,0.05,0.7849,241609.97,155688.396
300088.SZ,20221130,6.39,6.44,6.36,6.37,6.39,-0.02,-0.313,185844.07,118722.393
300088.SZ,20221129,6.25,6.41,6.24,6.39,6.25,0.14,2.24,279840.21,177760.921
300088.SZ,20221128,6.3,6.3,6.15,6.25,6.35,-0.1,-1.5748,243726.42,151678.781
300088.SZ,20221125,6.41,6.41,6.35,6.35,6.41,-0.06,-0.936,170512.0,108617.791
300088.SZ,20221124,6.44,6.49,6.4,6.41,6.44,-0.03,-0.4658,164452.59,105712.042
300088.SZ,20221123,6.46,6.51,6.36,6.44,6.48,-0.04,-0.6173,228985.7,147237.191
300088.SZ,20221122,6.55,6.59,6.45,6.48,6.56,-0.08,-1.2195,240237.67,156697.853
300088.SZ,20221121,6.6,6.62,6.5,6.56,6.62,-0.06,-0.9063,220125.07,144137.496
300088.SZ,20221118,6.68,6.76,6.6,6.62,6.72,-0.1,-1.4881,335805.02,224210.874
300088.SZ,20221117,6.62,6.72,6.57,6.72,6.64,0.08,1.2048,348437.49,231218.668
300088.SZ,20221116,6.67,6.74,6.61,6.64,6.67,-0.03,-0.4498,355513.0,237389.572
300088.SZ,20221115,6.51,6.68,6.48,6.67,6.52,0.15,2.3006,477684.79,316667.713
300088.SZ,20221114,6.58,6.64,6.49,6.52,6.55,-0.03,-0.458,269590.24,177175.298
300088.SZ,20221111,6.68,6.71,6.55,6.55,6.53,0.02,0.3063,399482.61,263827.833
300088.SZ,20221110,6.5,6.57,6.49,6.53,6.55,-0.02,-0.3053,238198.58,155714.125
300088.SZ,20221109,6.59,6.64,6.55,6.55,6.65,-0.1,-1.5038,296133.67,194850.947
300088.SZ,20221108,6.61,6.65,6.47,6.65,6.62,0.03,0.4532,425147.95,279127.223
300088.SZ,20221107,6.6,6.7,6.55,6.62,6.6,0.02,0.303,416450.24,276021.206
300088.SZ,20221104,6.48,6.63,6.48,6.6,6.51,0.09,1.3825,409858.81,269561.805
300088.SZ,20221103,6.46,6.57,6.4,6.51,6.51,0.0,0.0,376997.51,244570.32
300088.SZ,20221102,6.68,6.77,6.51,6.51,6.39,0.12,1.8779,712421.1,471632.539
300088.SZ,20221101,6.24,6.39,6.23,6.39,6.25,0.14,2.24,305220.27,193264.039
300088.SZ,20221031,6.1,6.32,6.07,6.25,6.12,0.13,2.1242,277522.37,172841.861
300088.SZ,20221028,6.33,6.34,6.07,6.12,6.36,-0.24,-3.7736,334088.21,207598.723
300088.SZ,20221027,6.3,6.42,6.28,6.36,6.29,0.07,1.1129,346135.14,220425.582
300088.SZ,20221026,6.18,6.38,6.17,6.29,6.17,0.12,1.9449,348804.57,219583.434
300088.SZ,20221025,6.14,6.27,6.05,6.17,6.21,-0.04,-0.6441,271390.53,166900.245
300088.SZ,20221024,6.3,6.41,6.13,6.21,6.28,-0.07,-1.1146,300990.29,188911.424
300088.SZ,20221021,6.36,6.38,6.26,6.28,6.35,-0.07,-1.1024,177803.59,112135.165
300088.SZ,20221020,6.23,6.44,6.21,6.35,6.27,0.08,1.2759,308770.01,195776.987
300088.SZ,20221019,6.36,6.4,6.26,6.27,6.36,-0.09,-1.4151,222403.33,140965.791
300088.SZ,20221018,6.45,6.48,6.33,6.36,6.41,-0.05,-0.78,245740.53,156642.926
300088.SZ,20221017,6.21,6.43,6.19,6.41,6.28,0.13,2.0701,325525.54,206571.415
300088.SZ,20221014,6.25,6.33,6.22,6.28,6.18,0.1,1.6181,276950.63,173841.498
300088.SZ,20221013,6.16,6.29,6.14,6.18,6.23,-0.05,-0.8026,295709.16,183821.225
300088.SZ,20221012,6.0,6.24,5.97,6.23,5.99,0.24,4.0067,351564.76,214475.939
300088.SZ,20221011,5.91,6.01,5.88,5.99,5.89,0.1,1.6978,165631.0,98514.95
300088.SZ,20221010,6.02,6.06,5.88,5.89,6.01,-0.12,-1.9967,237174.52,141336.452
300088.SZ,20220930,6.02,6.09,6.0,6.01,6.04,-0.03,-0.4967,189453.46,114556.312
300088.SZ,20220929,6.09,6.12,5.98,6.04,6.02,0.02,0.3322,220363.82,133386.846
300088.SZ,20220928,6.19,6.2,6.02,6.02,6.24,-0.22,-3.5256,250576.02,152789.222
300088.SZ,20220927,6.1,6.24,6.08,6.24,6.06,0.18,2.9703,253556.58,156085.195
300088.SZ,20220926,6.16,6.21,6.04,6.06,6.22,-0.16,-2.5723,264307.58,161952.008
300088.SZ,20220923,6.42,6.44,6.15,6.22,6.39,-0.17,-2.6604,329656.02,206954.855
300088.SZ,20220922,6.35,6.48,6.34,6.39,6.44,-0.05,-0.7764,202661.87,130037.31
300088.SZ,20220921,6.35,6.49,6.24,6.44,6.37,0.07,1.0989,260287.83,165738.172
300088.SZ,20220920,6.34,6.4,6.33,6.37,6.28,0.09,1.4331,210012.09,133696.808
300088.SZ,20220919,6.38,6.43,6.23,6.28,6.4,-0.12,-1.875,350644.31,221106.244
300088.SZ,20220916,6.6,6.67,6.39,6.4,6.62,-0.22,-3.3233,385642.0,252343.978
300088.SZ,20220915,6.94,6.97,6.58,6.62,6.92,-0.3,-4.3353,702970.72,471638.141
300088.SZ,20220914,6.9,6.97,6.88,6.92,7.08,-0.16,-2.2599,353079.38,244458.031
300088.SZ,20220913,7.12,7.2,7.06,7.08,7.06,0.02,0.2833,324396.91,231033.813
300088.SZ,20220909,7.08,7.1,6.97,7.06,7.1,-0.04,-0.5634,378916.25,266542.156
300088.SZ,20220908,7.21,7.27,7.09,7.1,7.21,-0.11,-1.5257,339640.38,242928.287
300088.SZ,20220907,7.1,7.27,7.08,7.21,7.13,0.08,1.122,422182.26,303787.718
300088.SZ,20220906,7.08,7.14,7.02,7.13,7.07,0.06,0.8487,374392.3,265164.913
300088.SZ,20220905,7.04,7.1,6.98,7.07,7.08,-0.01,-0.1412,290131.21,204200.782
300088.SZ,20220902,6.97,7.1,6.97,7.08,6.95,0.13,1.8705,333106.79,234803.902
300088.SZ,20220901,6.98,7.05,6.9,6.95,6.98,-0.03,-0.4298,369053.72,257338.45
300088.SZ,20220831,7.26,7.32,6.98,6.98,7.32,-0.34,-4.6448,809249.3,571788.496
300088.SZ,20220830,7.23,7.44,7.21,7.32,7.25,0.07,0.9655,515846.89,377740.377
300088.SZ,20220829,7.15,7.29,7.1,7.25,7.31,-0.06,-0.8208,412406.87,297987.029
300088.SZ,20220826,7.53,7.58,7.28,7.31,7.51,-0.2,-2.6631,653659.07,484793.736
300088.SZ,20220825,7.58,7.64,7.35,7.51,7.57,-0.06,-0.7926,762748.27,571106.677
300088.SZ,20220824,8.06,8.08,7.55,7.57,8.05,-0.48,-5.9627,1276004.65,985810.959
300088.SZ,20220823,8.15,8.36,7.99,8.05,8.22,-0.17,-2.0681,1119139.21,907225.282
300088.SZ,20220822,8.22,8.29,8.07,8.22,8.1,0.12,1.4815,1096480.88,897091.349
300088.SZ,20220819,8.37,8.54,8.08,8.1,8.4,-0.3,-3.5714,1714978.95,1420092.591
300088.SZ,20220818,7.91,8.49,7.87,8.4,7.98,0.42,5.2632,2154334.34,1773878.9
300088.SZ,20220817,7.64,8.15,7.57,7.98,7.63,0.35,4.5872,1837173.93,1445916.214
300088.SZ,20220816,7.67,7.73,7.55,7.63,7.64,-0.01,-0.1309,792427.62,605303.182
300088.SZ,20220815,7.67,7.75,7.55,7.64,7.66,-0.02,-0.2611,843434.49,641830.665
300088.SZ,20220812,7.85,7.89,7.65,7.66,7.82,-0.16,-2.046,1417769.58,1100506.337
300088.SZ,20220811,7.34,7.83,7.31,7.82,7.3,0.52,7.1233,2351262.45,1802475.969
300088.SZ,20220810,7.21,7.47,7.18,7.3,7.26,0.04,0.551,1011183.31,741301.084
300088.SZ,20220809,7.23,7.26,7.12,7.26,7.24,0.02,0.2762,647237.89,465197.88
300088.SZ,20220808,7.27,7.28,7.16,7.24,7.28,-0.04,-0.5495,612970.48,441776.91
300088.SZ,20220805,7.1,7.28,7.06,7.28,7.08,0.2,2.8249,891816.84,642565.156
300088.SZ,20220804,7.05,7.17,6.97,7.08,6.97,0.11,1.5782,620507.66,438355.96
300088.SZ,20220803,7.04,7.24,6.96,6.97,7.0,-0.03,-0.4286,896041.67,638687.033
300088.SZ,20220802,7.22,7.22,6.86,7.0,7.32,-0.32,-4.3716,1120984.24,786245.921
300088.SZ,20220801,7.14,7.35,7.06,7.32,7.17,0.15,2.0921,801575.86,583484.157
300088.SZ,20220729,7.4,7.43,7.16,7.17,7.29,-0.12,-1.6461,724611.86,525166.077
300088.SZ,20220728,7.0,7.5,6.98,7.29,6.94,0.35,5.0432,1614039.9,1178716.579
300088.SZ,20220727,6.94,7.06,6.91,6.94,6.95,-0.01,-0.1439,393164.71,274109.969
300088.SZ,20220726,6.94,6.97,6.88,6.95,6.88,0.07,1.0174,339608.62,235088.599
300088.SZ,20220725,6.97,7.0,6.84,6.88,7.0,-0.12,-1.7143,408886.63,282213.828
300088.SZ,20220722,7.16,7.18,6.93,7.0,7.14,-0.14,-1.9608,670006.51,471817.335
300088.SZ,20220721,7.15,7.26,7.09,7.14,7.13,0.01,0.1403,762261.77,548942.43
300088.SZ,20220720,7.18,7.22,7.1,7.13,7.19,-0.06,-0.8345,472232.08,337831.985
300088.SZ,20220719,7.06,7.24,7.03,7.19,7.09,0.1,1.4104,723979.06,516044.85
300088.SZ,20220718,6.79,7.13,6.78,7.09,6.79,0.3,4.4183,776709.34,541973.705
300088.SZ,20220715,6.9,7.02,6.78,6.79,6.93,-0.14,-2.0202,619024.51,426385.601
300088.SZ,20220714,6.93,7.04,6.91,6.93,6.98,-0.05,-0.7163,468053.59,326407.815
300088.SZ,20220713,7.0,7.04,6.89,6.98,7.0,-0.02,-0.2857,527503.88,367763.059
300088.SZ,20220712,7.03,7.14,6.97,7.0,7.07,-0.07,-0.9901,507609.06,357331.062
300088.SZ,20220711,7.3,7.33,7.02,7.07,7.28,-0.21,-2.8846,814315.44,578590.446
300088.SZ,20220708,7.18,7.62,7.17,7.28,7.08,0.2,2.8249,1433491.5,1059310.389
300088.SZ,20220707,7.05,7.14,6.98,7.08,7.03,0.05,0.7112,561429.95,396812.338
300088.SZ,20220706,7.04,7.15,6.96,7.03,7.06,-0.03,-0.4249,594574.59,418387.423
300088.SZ,20220705,7.29,7.31,6.95,7.06,7.29,-0.23,-3.155,1006070.98,714152.467
300088.SZ,20220704,7.27,7.33,7.18,7.29,7.33,-0.04,-0.5457,646914.41,469438.325
300088.SZ,20220701,7.44,7.51,7.25,7.33,7.42,-0.09,-1.2129,846591.36,623998.268
300088.SZ,20220630,7.44,7.54,7.39,7.42,7.47,-0.05,-0.6693,922437.1,688040.781
300088.SZ,20220629,7.61,7.91,7.45,7.47,7.71,-0.24,-3.1128,1420770.35,1085174.981
300088.SZ,20220628,7.33,7.77,7.23,7.71,7.33,0.38,5.1842,1738354.37,1309918.761
300088.SZ,20220627,7.26,7.38,7.19,7.33,7.25,0.08,1.1034,1215499.93,884159.873
300088.SZ,20220624,7.32,7.37,7.18,7.25,7.3,-0.05,-0.6849,1066432.28,772027.916
300088.SZ,20220623,6.83,7.35,6.81,7.3,6.86,0.44,6.414,1889260.87,1344382.183
300088.SZ,20220622,7.18,7.19,6.83,6.86,7.19,-0.33,-4.5897,1479609.82,1029441.502
300088.SZ,20220621,7.02,7.27,6.96,7.19,7.01,0.18,2.5678,1399002.34,1000997.007
300088.SZ,20220620,7.12,7.2,6.96,7.01,7.12,-0.11,-1.5449,1042297.23,733001.354
300088.SZ,20220617,7.03,7.18,6.92,7.12,7.12,0.0,0.0,975629.14,689525.344
300088.SZ,20220616,7.17,7.26,7.09,7.12,7.16,-0.04,-0.5587,972357.77,696982.083
300088.SZ,20220615,7.09,7.37,7.07,7.16,7.14,0.02,0.2801,1358062.41,981911.846
300088.SZ,20220614,6.94,7.17,6.71,7.14,7.06,0.08,1.1331,1107337.69,768133.955
300088.SZ,20220613,6.84,7.21,6.8,7.06,6.9,0.16,2.3188,1066666.5,752261.888
300088.SZ,20220610,6.67,6.95,6.65,6.9,6.72,0.18,2.6786,657370.43,448817.168
300088.SZ,20220609,6.9,6.94,6.7,6.72,6.98,-0.26,-3.7249,746902.91,506821.594
300088.SZ,20220608,7.05,7.09,6.83,6.98,7.05,-0.07,-0.9929,875672.86,609167.476
300088.SZ,20220607,7.18,7.25,6.98,7.05,7.21,-0.16,-2.2191,942304.74,667336.777
300088.SZ,20220606,7.08,7.24,7.02,7.21,7.07,0.14,1.9802,1364033.48,976261.767
300088.SZ,20220602,6.79,7.13,6.75,7.07,6.78,0.29,4.2773,1511538.19,1053696.587
300088.SZ,20220601,6.91,6.93,6.73,6.78,6.86,-0.08,-1.1662,1122905.22,765294.804
300088.SZ,20220531,6.5,7.07,6.38,6.91,6.51,0.4,6.1444,2032188.14,1389729.281
300088.SZ,20220530,6.47,6.58,6.4,6.51,6.44,0.07,1.087,528883.64,343262.834
300088.SZ,20220527,6.57,6.66,6.36,6.44,6.53,-0.09,-1.3783,704469.31,459469.636
300088.SZ,20220526,6.52,6.54,6.32,6.53,6.5,0.03,0.4615,726739.95,469095.091
300088.SZ,20220525,6.36,6.53,6.32,6.5,6.36,0.14,2.2013,664620.07,426842.282
300088.SZ,20220524,6.72,6.78,6.33,6.36,6.78,-0.42,-6.1947,1240637.13,815706.275
300088.SZ,20220523,6.73,6.79,6.65,6.78,6.71,0.07,1.0432,927396.94,623279.541
300088.SZ,20220520,6.69,6.86,6.63,6.71,6.65,0.06,0.9023,1053293.65,707728.648
300088.SZ,20220519,6.65,6.7,6.52,6.65,6.8,-0.15,-2.2059,1312732.33,867158.8
300088.SZ,20220518,6.55,6.83,6.47,6.8,6.57,0.23,3.5008,1653554.06,1103192.251
300088.SZ,20220517,6.3,6.66,6.22,6.57,6.28,0.29,4.6178,1536239.42,997673.676
300088.SZ,20220516,6.38,6.48,6.23,6.28,6.33,-0.05,-0.7899,586367.89,370606.205
300088.SZ,20220513,6.38,6.44,6.22,6.33,6.32,0.01,0.1582,606331.36,383243.892
300088.SZ,20220512,6.35,6.44,6.25,6.32,6.45,-0.13,-2.0155,927902.41,587735.951
300088.SZ,20220511,6.09,6.77,6.07,6.45,6.07,0.38,6.2603,1586572.62,1025282.241
300088.SZ,20220510,5.82,6.09,5.78,6.07,5.91,0.16,2.7073,615382.72,367632.009
300088.SZ,20220509,5.86,5.97,5.82,5.91,5.85,0.06,1.0256,424334.41,250951.293
300088.SZ,20220506,5.9,5.95,5.84,5.85,6.07,-0.22,-3.6244,499621.08,294066.086
300088.SZ,20220505,6.13,6.18,6.06,6.07,6.14,-0.07,-1.1401,595062.61,363872.889
300088.SZ,20220429,5.9,6.17,5.85,6.14,5.79,0.35,6.0449,717351.52,432627.488
300088.SZ,20220428,5.92,5.96,5.7,5.79,5.95,-0.16,-2.6891,581786.61,338045.948
300088.SZ,20220427,5.59,6.0,5.54,5.95,5.64,0.31,5.4965,844563.67,487715.603
300088.SZ,20220426,5.89,5.97,5.61,5.64,5.82,-0.18,-3.0928,741736.41,429071.683
300088.SZ,20220425,6.3,6.31,5.8,5.82,6.5,-0.68,-10.4615,1252688.38,757662.284
300088.SZ,20220422,6.57,6.66,6.43,6.5,6.65,-0.15,-2.2556,562487.65,367681.538
300088.SZ,20220421,6.8,6.99,6.59,6.65,6.85,-0.2,-2.9197,601479.58,407322.378
300088.SZ,20220420,6.92,7.18,6.82,6.85,6.92,-0.07,-1.0116,678623.57,475228.436
300088.SZ,20220419,7.11,7.14,6.86,6.92,7.0,-0.08,-1.1429,446638.0,311047.223
300088.SZ,20220418,6.83,7.03,6.74,7.0,6.88,0.12,1.7442,446703.81,309473.225
300088.SZ,20220415,6.93,6.98,6.82,6.88,7.0,-0.12,-1.7143,451507.88,311453.035
300088.SZ,20220414,6.92,7.04,6.87,7.0,6.84,0.16,2.3392,513836.83,357630.99
300088.SZ,20220413,7.04,7.05,6.82,6.84,7.09,-0.25,-3.5261,534508.84,369284.402
300088.SZ,20220412,7.0,7.09,6.83,7.09,6.96,0.13,1.8678,662195.2,462543.672
300088.SZ,20220411,7.35,7.35,6.93,6.96,7.37,-0.41,-5.5631,839026.48,594370.396
300088.SZ,20220408,7.51,7.61,7.31,7.37,7.55,-0.18,-2.3841,914999.18,677289.983
300088.SZ,20220407,7.8,7.92,7.55,7.55,7.9,-0.35,-4.4304,748055.92,575846.427
300088.SZ,20220406,8.04,8.07,7.79,7.9,8.1,-0.2,-2.4691,774661.84,610774.519
300088.SZ,20220401,8.09,8.24,7.96,8.1,8.16,-0.06,-0.7353,588102.97,476126.676
300088.SZ,20220331,8.3,8.36,8.13,8.16,8.36,-0.2,-2.3923,553189.33,454162.008
300088.SZ,20220330,8.18,8.49,8.16,8.36,8.18,0.18,2.2005,781198.6,650333.486
300088.SZ,20220329,8.53,8.97,8.1,8.18,8.42,-0.24,-2.8504,1354367.09,1149577.726
300088.SZ,20220328,8.31,8.49,8.2,8.42,8.4,0.02,0.2381,393285.39,328763.212
300088.SZ,20220325,8.58,8.75,8.39,8.4,8.54,-0.14,-1.6393,497314.46,425874.329
300088.SZ,20220324,8.63,8.68,8.49,8.54,8.7,-0.16,-1.8391,392681.51,336448.441
300088.SZ,20220323,8.76,8.82,8.63,8.7,8.71,-0.01,-0.1148,397269.57,346506.522
300088.SZ,20220322,8.6,8.81,8.54,8.71,8.66,0.05,0.5774,499058.47,434470.127
300088.SZ,20220321,8.56,8.84,8.53,8.66,8.6,0.06,0.6977,557953.26,484951.203
300088.SZ,20220318,8.58,8.68,8.45,8.6,8.67,-0.07,-0.8074,494836.46,424090.305
300088.SZ,20220317,8.41,8.91,8.38,8.67,8.26,0.41,4.9637,986343.32,857201.103
300088.SZ,20220316,8.17,8.3,7.74,8.26,7.99,0.27,3.3792,805135.61,647399.14
300088.SZ,20220315,8.47,8.53,7.97,7.99,8.57,-0.58,-6.7678,749995.59,618364.506
300088.SZ,20220314,8.59,8.82,8.56,8.57,8.66,-0.09,-1.0393,486844.54,422537.083
300088.SZ,20220311,8.54,8.75,8.36,8.66,8.7,-0.04,-0.4598,686552.08,586705.931
300088.SZ,20220310,8.85,8.93,8.68,8.7,8.6,0.1,1.1628,522962.34,459287.167
300088.SZ,20220309,8.79,8.88,8.22,8.6,8.75,-0.15,-1.7143,615309.8,526356.924
300088.SZ,20220308,8.96,9.04,8.62,8.75,8.86,-0.11,-1.2415,683526.29,604102.284
300088.SZ,20220307,9.04,9.08,8.81,8.86,9.13,-0.27,-2.9573,535604.36,477196.82
300088.SZ,20220304,9.18,9.29,9.03,9.13,9.27,-0.14,-1.5102,639245.49,584908.223
300088.SZ,20220303,9.53,9.59,9.21,9.27,9.51,-0.24,-2.5237,666122.23,622367.573
300088.SZ,20220302,9.58,9.64,9.46,9.51,9.73,-0.22,-2.261,542950.06,517008.68
300088.SZ,20220301,9.64,9.87,9.61,9.73,9.63,0.1,1.0384,566347.59,551888.511
300088.SZ,20220228,9.6,9.72,9.47,9.63,9.7,-0.07,-0.7216,539057.91,515487.385
300088.SZ,20220225,9.8,10.1,9.62,9.7,9.64,0.06,0.6224,751447.91,739714.457
300088.SZ,20220224,10.09,10.17,9.52,9.64,10.19,-0.55,-5.3974,1046239.79,1026539.962
300088.SZ,20220223,9.73,10.22,9.72,10.19,9.71,0.48,4.9434,974685.15,981307.976
300088.SZ,20220222,9.78,9.81,9.55,9.71,9.92,-0.21,-2.1169,633983.67,612885.24
300088.SZ,20220221,9.86,10.08,9.82,9.92,9.87,0.05,0.5066,831822.14,826869.624
300088.SZ,20220218,9.72,9.89,9.67,9.87,9.86,0.01,0.1014,427700.07,419407.48
300088.SZ,20220217,9.7,10.02,9.65,9.86,9.75,0.11,1.1282,705031.17,693429.042
300088.SZ,20220216,10.05,10.1,9.68,9.75,9.82,-0.07,-0.7128,643126.33,628631.491
300088.SZ,20220215,9.47,9.97,9.47,9.82,9.43,0.39,4.1357,897886.27,879004.601
300088.SZ,20220214,9.41,9.77,9.32,9.43,9.4,0.03,0.3191,839752.01,796974.63
300088.SZ,20220211,10.0,10.03,9.38,9.4,10.0,-0.6,-6.0,1085520.53,1042717.434
300088.SZ,20220210,10.25,10.34,9.92,10.0,10.27,-0.27,-2.629,641035.49,645941.699
300088.SZ,20220209,10.01,10.32,9.9,10.27,10.01,0.26,2.5974,699500.68,710226.563
300088.SZ,20220208,9.84,10.15,9.7,10.01,9.89,0.12,1.2133,709539.37,702747.207
300088.SZ,20220207,10.45,10.49,9.74,9.89,10.21,-0.32,-3.1342,1014373.7,1010857.687
300088.SZ,20220128,10.62,10.75,10.19,10.21,10.4,-0.19,-1.8269,557340.88,577991.815
300088.SZ,20220127,10.88,10.88,10.4,10.4,10.84,-0.44,-4.059,678485.08,715939.125
300088.SZ,20220126,10.99,11.23,10.73,10.84,10.83,0.01,0.0923,727646.85,795389.584
300088.SZ,20220125,11.51,11.66,10.83,10.83,11.54,-0.71,-6.1525,776563.85,864563.17
300088.SZ,20220124,11.33,11.79,11.2,11.54,11.34,0.2,1.7637,546093.33,626110.724
300088.SZ,20220121,11.3,11.55,11.21,11.34,11.37,-0.03,-0.2639,509335.96,578718.811
300088.SZ,20220120,11.68,11.75,11.31,11.37,11.64,-0.27,-2.3196,540709.77,621241.385
300088.SZ,20220119,12.07,12.13,11.48,11.64,12.06,-0.42,-3.4826,869360.74,1021964.107
300088.SZ,20220118,12.19,12.43,12.0,12.06,12.25,-0.19,-1.551,635909.19,772944.367
300088.SZ,20220117,11.7,12.55,11.55,12.25,11.85,0.4,3.3755,1182810.41,1444282.172
300088.SZ,20220114,11.0,12.07,10.93,11.85,11.16,0.69,6.1828,1229072.71,1436036.884
300088.SZ,20220113,11.2,11.57,11.1,11.16,11.3,-0.14,-1.2389,940597.56,1063171.615
300088.SZ,20220112,11.28,11.35,10.81,11.3,11.06,0.24,2.17,1333532.17,1474427.627
300088.SZ,20220111,11.95,12.04,11.01,11.06,11.95,-0.89,-7.4477,1722497.5,1960972.21
300088.SZ,20220110,12.16,12.53,11.79,11.95,12.38,-0.43,-3.4733,944797.44,1140809.837
300088.SZ,20220107,12.8,12.85,12.22,12.38,12.8,-0.42,-3.2813,837614.34,1048231.105
300088.SZ,20220106,12.2,12.92,12.14,12.8,12.69,0.11,0.8668,1074058.95,1354340.405
300088.SZ,20220105,13.99,13.99,11.99,12.69,14.1,-1.41,-10.0,2376054.31,2991908.678
300088.SZ,20220104,13.25,14.24,13.21,14.1,13.28,0.82,6.1747,1790244.21,2480882.443
