ts_code,trade_date,open,high,low,close,pre_close,change,pct_chg,vol,amount
600746.SH,20251231,7.02,7.02,6.82,6.88,7.02,-0.14,-1.9943,46124.32,31804.906
600746.SH,20251230,6.98,7.09,6.88,7.02,6.98,0.04,0.5731,55488.94,38891.74
600746.SH,20251229,7.0,7.1,6.94,6.98,7.03,-0.05,-0.7112,62929.0,43997.746
600746.SH,20251226,6.92,7.25,6.9,7.03,6.9,0.13,1.8841,124344.01,87960.429
600746.SH,20251225,6.82,6.94,6.78,6.9,6.83,0.07,1.0249,36491.59,25091.289
600746.SH,20251224,6.82,6.85,6.74,6.83,6.8,0.03,0.4412,27480.0,18709.823
600746.SH,20251223,6.81,6.89,6.78,6.8,6.85,-0.05,-0.7299,34856.0,23724.767
600746.SH,20251222,6.91,6.94,6.75,6.85,6.9,-0.05,-0.7246,37512.0,25816.662
600746.SH,20251219,6.82,6.93,6.79,6.9,6.82,0.08,1.173,36020.0,24766.356
600746.SH,20251218,6.75,6.87,6.74,6.82,6.78,0.04,0.59,33788.59,23054.202
600746.SH,20251217,6.75,6.79,6.64,6.78,6.78,0.0,0.0,39473.01,26533.288
600746.SH,20251216,6.8,6.81,6.68,6.78,6.79,-0.01,-0.1473,34922.0,23522.085
600746.SH,20251215,6.67,6.81,6.64,6.79,6.67,0.12,1.7991,39787.0,26886.209
600746.SH,20251212,6.74,6.78,6.67,6.67,6.75,-0.08,-1.1852,41982.0,28205.706
600746.SH,20251211,6.8,6.84,6.73,6.75,6.8,-0.05,-0.7353,33462.0,22667.329
600746.SH,20251210,6.85,6.87,6.76,6.8,6.84,-0.04,-0.5848,38789.0,26356.302
600746.SH,20251209,6.94,6.96,6.84,6.84,6.96,-0.12,-1.7241,40307.01,27698.94
600746.SH,20251208,7.03,7.04,6.92,6.96,7.01,-0.05,-0.7133,50245.01,34978.902
600746.SH,20251205,6.83,7.01,6.81,7.01,6.84,0.17,2.4854,48915.28,33876.257
600746.SH,20251204,7.06,7.08,6.84,6.84,7.09,-0.25,-3.5261,88861.0,61466.021
600746.SH,20251203,7.13,7.14,7.06,7.09,7.13,-0.04,-0.561,26699.28,18918.818
600746.SH,20251202,7.12,7.15,7.05,7.13,7.11,0.02,0.2813,34184.17,24280.828
600746.SH,20251201,7.12,7.16,7.08,7.11,7.1,0.01,0.1408,37654.0,26791.883
600746.SH,20251128,7.04,7.12,7.03,7.1,7.06,0.04,0.5666,34403.0,24348.926
600746.SH,20251127,6.98,7.11,6.97,7.06,7.01,0.05,0.7133,42023.01,29617.935
600746.SH,20251126,7.05,7.09,7.0,7.01,7.05,-0.04,-0.5674,52119.0,36665.915
600746.SH,20251125,7.07,7.14,7.02,7.05,7.06,-0.01,-0.1416,61338.29,43330.878
600746.SH,20251124,7.11,7.18,7.03,7.06,7.09,-0.03,-0.4231,56037.5,39787.218
600746.SH,20251121,7.43,7.5,7.09,7.09,7.47,-0.38,-5.087,101683.0,73583.749
600746.SH,20251120,7.56,7.62,7.43,7.47,7.56,-0.09,-1.1905,57829.0,43453.041
600746.SH,20251119,7.51,7.61,7.48,7.56,7.52,0.04,0.5319,52366.0,39478.709
600746.SH,20251118,7.64,7.69,7.47,7.52,7.65,-0.13,-1.6993,67775.01,51069.343
600746.SH,20251117,7.62,7.71,7.58,7.65,7.62,0.03,0.3937,73205.0,55940.085
600746.SH,20251114,7.7,7.8,7.61,7.62,7.74,-0.12,-1.5504,79529.0,61101.231
600746.SH,20251113,7.65,7.85,7.58,7.74,7.61,0.13,1.7083,127950.1,98829.31
600746.SH,20251112,7.67,7.71,7.59,7.61,7.7,-0.09,-1.1688,69674.0,53098.587
600746.SH,20251111,7.59,7.71,7.54,7.7,7.6,0.1,1.3158,95827.0,73402.499
600746.SH,20251110,7.55,7.63,7.49,7.6,7.51,0.09,1.1984,83864.65,63610.793
600746.SH,20251107,7.48,7.63,7.47,7.51,7.48,0.03,0.4011,146269.0,110489.067
600746.SH,20251106,7.42,7.52,7.37,7.48,7.42,0.06,0.8086,59147.01,44156.425
600746.SH,20251105,7.36,7.48,7.31,7.42,7.36,0.06,0.8152,58062.02,43121.26
600746.SH,20251104,7.32,7.44,7.31,7.36,7.33,0.03,0.4093,74657.0,55117.458
600746.SH,20251103,7.23,7.38,7.15,7.33,7.24,0.09,1.2431,73055.0,53470.334
600746.SH,20251031,7.13,7.24,7.12,7.24,7.13,0.11,1.5428,50336.0,36311.583
600746.SH,20251030,7.17,7.19,7.11,7.13,7.17,-0.04,-0.5579,41332.01,29528.87
600746.SH,20251029,7.18,7.2,7.13,7.17,7.17,0.0,0.0,37175.02,26610.74
600746.SH,20251028,7.3,7.31,7.17,7.17,7.3,-0.13,-1.7808,58214.03,42007.836
600746.SH,20251027,7.34,7.36,7.28,7.3,7.34,-0.04,-0.545,43336.99,31679.858
600746.SH,20251024,7.37,7.38,7.29,7.34,7.37,-0.03,-0.4071,55034.0,40352.569
600746.SH,20251023,7.24,7.39,7.2,7.37,7.24,0.13,1.7956,76170.99,55674.681
600746.SH,20251022,7.23,7.26,7.14,7.24,7.23,0.01,0.1383,40004.12,28909.976
600746.SH,20251021,7.18,7.24,7.13,7.23,7.16,0.07,0.9777,39117.0,28188.185
600746.SH,20251020,7.11,7.16,7.08,7.16,7.1,0.06,0.8451,39612.01,28194.903
600746.SH,20251017,7.18,7.22,7.09,7.1,7.17,-0.07,-0.9763,43038.0,30728.169
600746.SH,20251016,7.2,7.2,7.12,7.17,7.2,-0.03,-0.4167,35368.01,25322.862
600746.SH,20251015,7.2,7.25,7.17,7.2,7.18,0.02,0.2786,34992.0,25235.857
600746.SH,20251014,7.23,7.26,7.15,7.18,7.22,-0.04,-0.554,50778.74,36547.063
600746.SH,20251013,7.16,7.24,7.11,7.22,7.27,-0.05,-0.6878,40134.0,28836.275
600746.SH,20251010,7.18,7.28,7.15,7.27,7.2,0.07,0.9722,47037.99,34053.008
600746.SH,20251009,7.2,7.22,7.13,7.2,7.18,0.02,0.2786,45094.0,32366.285
600746.SH,20250930,7.16,7.2,7.14,7.18,7.18,0.0,0.0,26668.65,19135.677
600746.SH,20250929,7.12,7.18,7.04,7.18,7.12,0.06,0.8427,35715.0,25485.346
600746.SH,20250926,7.13,7.17,7.07,7.12,7.11,0.01,0.1406,31677.0,22577.771
600746.SH,20250925,7.22,7.23,7.08,7.11,7.19,-0.08,-1.1127,36833.0,26275.191
600746.SH,20250924,7.06,7.2,7.04,7.19,7.07,0.12,1.6973,41599.08,29745.748
600746.SH,20250923,7.14,7.14,6.94,7.07,7.16,-0.09,-1.257,68192.0,47861.917
600746.SH,20250922,7.24,7.24,7.13,7.16,7.23,-0.07,-0.9682,48890.01,34976.102
600746.SH,20250919,7.29,7.32,7.16,7.23,7.29,-0.06,-0.823,53258.0,38511.015
600746.SH,20250918,7.45,7.46,7.24,7.29,7.45,-0.16,-2.1477,78278.01,57613.815
600746.SH,20250917,7.45,7.49,7.42,7.45,7.47,-0.02,-0.2677,34387.0,25640.608
600746.SH,20250916,7.44,7.48,7.39,7.47,7.44,0.03,0.4032,42750.0,31772.118
600746.SH,20250915,7.52,7.52,7.44,7.44,7.5,-0.06,-0.8,37608.0,28076.961
600746.SH,20250912,7.56,7.58,7.46,7.5,7.57,-0.07,-0.9247,50764.03,38142.799
600746.SH,20250911,7.53,7.58,7.48,7.57,7.52,0.05,0.6649,42864.01,32265.87
600746.SH,20250910,7.54,7.56,7.46,7.52,7.57,-0.05,-0.6605,41827.91,31391.155
600746.SH,20250909,7.59,7.61,7.5,7.57,7.58,-0.01,-0.1319,47023.0,35528.775
600746.SH,20250908,7.53,7.6,7.47,7.58,7.53,0.05,0.664,60590.0,45750.602
600746.SH,20250905,7.46,7.54,7.42,7.53,7.45,0.08,1.0738,42883.64,32145.607
600746.SH,20250904,7.4,7.5,7.39,7.45,7.42,0.03,0.4043,55461.0,41286.051
600746.SH,20250903,7.57,7.59,7.41,7.42,7.56,-0.14,-1.8519,62037.0,46286.634
600746.SH,20250902,7.63,7.65,7.5,7.56,7.63,-0.07,-0.9174,68307.0,51567.77
600746.SH,20250901,7.66,7.66,7.6,7.63,7.67,-0.04,-0.5215,52867.0,40328.757
600746.SH,20250829,7.69,7.72,7.62,7.67,7.71,-0.04,-0.5188,51193.0,39247.396
600746.SH,20250828,7.85,7.85,7.57,7.71,7.66,0.05,0.6527,84554.35,65006.219
600746.SH,20250827,7.78,7.79,7.66,7.66,7.77,-0.11,-1.4157,99312.7,76681.174
600746.SH,20250826,7.72,7.89,7.72,7.77,7.77,0.0,0.0,87305.0,68058.086
600746.SH,20250825,7.82,7.84,7.73,7.77,7.79,-0.02,-0.2567,102382.0,79514.806
600746.SH,20250822,7.81,7.83,7.71,7.79,7.85,-0.06,-0.7643,93721.11,72636.71
600746.SH,20250821,7.68,7.92,7.68,7.85,7.68,0.17,2.2135,175534.12,136715.117
600746.SH,20250820,7.63,7.68,7.6,7.68,7.64,0.04,0.5236,80055.4,61270.584
600746.SH,20250819,7.69,7.7,7.61,7.64,7.68,-0.04,-0.5208,86638.58,66273.963
600746.SH,20250818,7.69,7.72,7.65,7.68,7.68,0.0,0.0,112395.27,86294.999
600746.SH,20250815,7.61,7.7,7.59,7.68,7.6,0.08,1.0526,86532.26,66346.08
600746.SH,20250814,7.79,7.81,7.6,7.6,7.81,-0.21,-2.6889,167291.0,128688.22
600746.SH,20250813,8.07,8.07,7.56,7.81,8.19,-0.38,-4.6398,294388.79,228644.466
600746.SH,20250812,8.28,8.3,8.18,8.19,8.28,-0.09,-1.087,65462.01,53815.475
600746.SH,20250811,8.24,8.3,8.16,8.28,8.24,0.04,0.4854,68178.07,56245.52
600746.SH,20250808,8.22,8.27,8.14,8.24,8.2,0.04,0.4878,53375.0,43729.625
600746.SH,20250807,8.15,8.3,8.14,8.2,8.16,0.04,0.4902,72652.0,59753.242
600746.SH,20250806,8.1,8.18,8.08,8.16,8.11,0.05,0.6165,60685.98,49434.625
600746.SH,20250805,8.18,8.23,8.08,8.11,8.18,-0.07,-0.8557,50112.0,40701.197
600746.SH,20250804,8.06,8.18,8.0,8.18,8.1,0.08,0.9877,57691.0,46727.994
600746.SH,20250801,8.09,8.19,8.08,8.1,8.1,0.0,0.0,50222.01,40833.371
600746.SH,20250731,8.26,8.29,8.09,8.1,8.29,-0.19,-2.2919,82934.58,67478.91
600746.SH,20250730,8.27,8.38,8.18,8.29,8.27,0.02,0.2418,109015.65,90368.788
600746.SH,20250729,8.19,8.28,8.06,8.27,8.17,0.1,1.224,88274.0,72102.82
600746.SH,20250728,8.23,8.25,8.14,8.17,8.23,-0.06,-0.729,78345.01,64165.796
600746.SH,20250725,8.23,8.33,8.22,8.23,8.24,-0.01,-0.1214,79990.0,66193.647
600746.SH,20250724,8.15,8.25,8.14,8.24,8.15,0.09,1.1043,82647.0,67685.616
600746.SH,20250723,8.25,8.3,8.14,8.15,8.24,-0.09,-1.0922,73570.0,60453.885
600746.SH,20250722,8.2,8.25,8.1,8.24,8.2,0.04,0.4878,84929.0,69510.598
600746.SH,20250721,8.12,8.24,8.08,8.2,8.09,0.11,1.3597,100301.13,82195.149
600746.SH,20250718,7.96,8.09,7.96,8.09,7.97,0.12,1.5056,64131.65,51532.054
600746.SH,20250717,7.97,7.98,7.93,7.97,7.94,0.03,0.3778,36398.0,28949.434
600746.SH,20250716,7.98,7.98,7.92,7.94,7.95,-0.01,-0.1258,45400.0,36067.884
600746.SH,20250715,8.14,8.16,7.97,8.0,8.16,-0.16,-1.9608,79302.0,63654.49
600746.SH,20250714,8.13,8.18,8.07,8.16,8.11,0.05,0.6165,64233.0,52307.938
600746.SH,20250711,8.16,8.16,8.06,8.11,8.15,-0.04,-0.4908,67316.01,54541.814
600746.SH,20250710,8.06,8.17,8.04,8.15,8.04,0.11,1.3682,74084.0,60181.115
600746.SH,20250709,8.13,8.14,8.02,8.04,8.12,-0.08,-0.9852,67489.0,54431.273
600746.SH,20250708,7.93,8.19,7.91,8.12,7.94,0.18,2.267,112988.29,91115.376
600746.SH,20250707,7.87,7.95,7.84,7.94,7.86,0.08,1.0178,49774.0,39366.004
600746.SH,20250704,7.92,7.95,7.84,7.86,7.94,-0.08,-1.0076,55140.0,43467.752
600746.SH,20250703,7.99,8.0,7.91,7.94,7.99,-0.05,-0.6258,52100.0,41340.456
600746.SH,20250702,7.93,8.03,7.9,7.99,7.92,0.07,0.8838,89127.0,70900.647
600746.SH,20250701,7.8,7.92,7.77,7.92,7.81,0.11,1.4085,83680.01,65662.9
600746.SH,20250630,7.81,7.82,7.74,7.81,7.77,0.04,0.5148,61563.0,47889.97
600746.SH,20250627,7.8,7.85,7.75,7.77,7.8,-0.03,-0.3846,65538.0,51043.792
600746.SH,20250626,7.83,7.92,7.77,7.8,7.88,-0.08,-1.0152,80077.0,62897.829
600746.SH,20250625,7.85,7.91,7.79,7.88,7.86,0.02,0.2545,74106.0,58128.092
600746.SH,20250624,7.83,7.89,7.75,7.86,7.86,0.0,0.0,82633.0,64824.526
600746.SH,20250623,7.59,7.9,7.55,7.86,7.56,0.3,3.9683,176782.0,138324.99
600746.SH,20250620,7.6,7.65,7.55,7.56,7.59,-0.03,-0.3953,58255.0,44209.771
600746.SH,20250619,7.71,7.74,7.56,7.59,7.69,-0.1,-1.3004,83169.26,63469.423
600746.SH,20250618,7.94,7.96,7.65,7.69,7.92,-0.23,-2.904,121769.51,94195.527
600746.SH,20250617,8.0,8.06,7.91,7.92,7.99,-0.07,-0.8761,81089.0,64536.246
600746.SH,20250616,8.07,8.11,7.95,7.99,8.05,-0.06,-0.7453,93100.0,74517.954
600746.SH,20250613,8.16,8.21,8.03,8.05,8.2,-0.15,-1.8293,141639.0,114599.514
600746.SH,20250612,8.16,8.24,8.09,8.2,8.17,0.03,0.3672,79581.0,64974.338
600746.SH,20250611,8.19,8.25,8.15,8.17,8.2,-0.03,-0.3659,71671.01,58737.958
600746.SH,20250610,8.31,8.32,8.05,8.2,8.31,-0.11,-1.3237,109049.0,89275.533
600746.SH,20250609,8.31,8.35,8.24,8.31,8.28,0.03,0.3623,95604.0,79162.404
600746.SH,20250606,8.21,8.4,8.16,8.28,8.18,0.1,1.2225,147837.0,122911.612
600746.SH,20250605,8.18,8.25,8.1,8.18,8.19,-0.01,-0.1221,74246.0,60615.976
600746.SH,20250604,8.09,8.19,8.04,8.19,8.07,0.12,1.487,90831.01,73972.448
600746.SH,20250603,8.03,8.1,7.98,8.07,8.01,0.06,0.7491,73915.86,59637.175
600746.SH,20250530,8.06,8.09,8.0,8.01,8.1,-0.09,-1.1111,66995.0,53738.204
600746.SH,20250529,8.09,8.16,7.99,8.1,8.08,0.02,0.2475,86591.0,70068.707
600746.SH,20250528,8.18,8.26,8.06,8.08,8.22,-0.14,-1.7032,77398.0,63002.963
600746.SH,20250527,8.13,8.32,8.06,8.22,8.16,0.06,0.7353,92325.29,75312.094
600746.SH,20250526,8.01,8.21,7.96,8.16,8.01,0.15,1.8727,133365.0,107832.212
600746.SH,20250523,7.93,8.14,7.93,8.01,7.98,0.03,0.3759,139333.0,112324.046
600746.SH,20250522,8.35,8.35,7.98,7.98,8.36,-0.38,-4.5455,234180.68,188925.658
600746.SH,20250521,8.31,8.41,8.26,8.36,8.35,0.01,0.1198,122382.0,102114.058
600746.SH,20250520,8.46,8.52,8.33,8.35,8.46,-0.11,-1.3002,157151.58,131630.274
600746.SH,20250519,8.46,8.48,8.26,8.46,8.44,0.02,0.237,103136.29,86597.658
600746.SH,20250516,8.4,8.51,8.31,8.44,8.45,-0.01,-0.1183,144733.39,121846.498
600746.SH,20250515,8.55,8.74,8.42,8.45,8.63,-0.18,-2.0857,184025.31,157270.097
600746.SH,20250514,8.37,8.68,8.28,8.63,8.41,0.22,2.6159,254743.29,217401.892
600746.SH,20250513,8.31,8.49,8.31,8.41,8.26,0.15,1.816,194625.6,163600.47
600746.SH,20250512,8.26,8.34,8.19,8.26,8.26,0.0,0.0,143967.01,118754.415
600746.SH,20250509,8.56,8.61,8.23,8.26,8.62,-0.36,-4.1763,217532.0,181208.671
600746.SH,20250508,8.52,8.7,8.46,8.62,8.61,0.01,0.1161,179562.19,154708.343
600746.SH,20250507,8.53,8.79,8.49,8.61,8.51,0.1,1.1751,251863.0,217365.367
600746.SH,20250506,8.25,8.55,8.23,8.51,8.21,0.3,3.6541,247832.0,207670.514
600746.SH,20250430,8.27,8.44,8.19,8.21,8.32,-0.11,-1.3221,225749.0,187314.546
600746.SH,20250429,8.38,8.61,8.31,8.32,8.34,-0.02,-0.2398,215295.0,180708.683
600746.SH,20250428,9.15,9.18,8.32,8.34,9.19,-0.85,-9.2492,407089.6,350806.655
600746.SH,20250425,9.44,9.52,9.15,9.19,9.52,-0.33,-3.4664,367428.87,340454.946
600746.SH,20250424,9.65,9.89,9.49,9.52,9.95,-0.43,-4.3216,406313.58,392666.449
600746.SH,20250423,9.45,10.0,8.97,9.95,9.69,0.26,2.6832,649076.55,612126.872
600746.SH,20250422,10.1,10.29,9.5,9.69,9.9,-0.21,-2.1212,553262.01,540353.889
600746.SH,20250421,9.69,10.49,9.69,9.9,9.54,0.36,3.7736,589931.53,588927.47
600746.SH,20250418,9.35,9.85,9.33,9.54,9.29,0.25,2.6911,529750.58,505552.531
600746.SH,20250417,9.2,9.91,9.06,9.29,9.35,-0.06,-0.6417,573844.7,547504.972
600746.SH,20250416,9.3,9.43,9.05,9.35,9.58,-0.23,-2.4008,457775.45,423287.984
600746.SH,20250415,8.93,9.94,8.81,9.58,9.04,0.54,5.9735,690621.78,649910.431
600746.SH,20250414,8.93,9.27,8.89,9.04,8.89,0.15,1.6873,530619.64,482225.097
600746.SH,20250411,9.28,9.51,8.81,8.89,9.27,-0.38,-4.0992,677686.34,615997.618
600746.SH,20250410,8.23,9.27,8.22,9.27,8.43,0.84,9.9644,633100.64,563010.687
600746.SH,20250409,8.66,8.67,8.07,8.43,8.97,-0.54,-6.0201,578918.49,476199.061
600746.SH,20250408,8.65,9.19,8.51,8.97,8.81,0.16,1.8161,658401.86,585201.744
600746.SH,20250407,8.03,9.15,7.87,8.81,8.49,0.32,3.7691,742073.55,637461.262
600746.SH,20250403,8.2,8.55,8.1,8.49,8.38,0.11,1.3126,366941.85,305030.537
600746.SH,20250402,8.5,8.88,8.34,8.38,8.58,-0.2,-2.331,425106.79,364334.027
600746.SH,20250401,8.1,8.59,7.96,8.58,8.05,0.53,6.5839,480856.47,399586.063
600746.SH,20250331,8.27,8.84,8.0,8.05,8.65,-0.6,-6.9364,426198.26,351919.495
600746.SH,20250328,9.0,9.52,8.5,8.65,8.65,0.0,0.0,709287.38,637569.094
600746.SH,20250327,7.83,8.65,7.79,8.65,7.86,0.79,10.0509,131858.79,112149.768
600746.SH,20250326,7.63,7.9,7.62,7.86,7.69,0.17,2.2107,181346.0,142037.51
600746.SH,20250325,7.36,7.77,7.36,7.69,7.39,0.3,4.0595,169362.67,129040.646
600746.SH,20250324,7.31,7.42,7.28,7.39,7.35,0.04,0.5442,46524.0,34224.334
600746.SH,20250321,7.36,7.46,7.33,7.35,7.39,-0.04,-0.5413,37382.56,27623.71
600746.SH,20250320,7.44,7.49,7.38,7.39,7.44,-0.05,-0.672,33384.01,24797.102
600746.SH,20250319,7.5,7.51,7.42,7.44,7.5,-0.06,-0.8,32939.0,24577.332
600746.SH,20250318,7.5,7.52,7.46,7.5,7.48,0.02,0.2674,36071.0,26977.559
600746.SH,20250317,7.5,7.54,7.46,7.48,7.48,0.0,0.0,43060.0,32300.981
600746.SH,20250314,7.43,7.48,7.37,7.48,7.41,0.07,0.9447,46367.78,34474.949
600746.SH,20250313,7.44,7.5,7.31,7.41,7.44,-0.03,-0.4032,48567.6,35816.439
600746.SH,20250312,7.54,7.56,7.41,7.44,7.48,-0.04,-0.5348,45687.0,34038.292
600746.SH,20250311,7.35,7.48,7.33,7.48,7.41,0.07,0.9447,55126.0,40925.746
600746.SH,20250310,7.36,7.48,7.34,7.41,7.33,0.08,1.0914,61416.0,45490.862
600746.SH,20250307,7.32,7.37,7.29,7.33,7.33,0.0,0.0,46338.45,34009.121
600746.SH,20250306,7.34,7.37,7.26,7.33,7.32,0.01,0.1366,54888.0,40214.126
600746.SH,20250305,7.31,7.33,7.2,7.32,7.3,0.02,0.274,48213.01,35011.454
600746.SH,20250304,7.27,7.33,7.25,7.3,7.33,-0.03,-0.4093,46288.1,33720.217
600746.SH,20250303,7.22,7.38,7.2,7.33,7.21,0.12,1.6644,54296.0,39756.592
600746.SH,20250228,7.22,7.35,7.21,7.21,7.25,-0.04,-0.5517,53880.11,39206.148
600746.SH,20250227,7.23,7.31,7.2,7.25,7.24,0.01,0.1381,43690.52,31669.53
600746.SH,20250226,7.11,7.24,7.09,7.24,7.11,0.13,1.8284,42573.8,30684.224
600746.SH,20250225,7.18,7.2,7.08,7.11,7.23,-0.12,-1.6598,36932.0,26370.502
600746.SH,20250224,7.2,7.27,7.17,7.23,7.2,0.03,0.4167,34391.0,24805.098
600746.SH,20250221,7.33,7.35,7.19,7.2,7.27,-0.07,-0.9629,43598.0,31533.513
600746.SH,20250220,7.16,7.27,7.14,7.27,7.18,0.09,1.2535,39138.01,28250.834
600746.SH,20250219,7.16,7.19,7.11,7.18,7.12,0.06,0.8427,33719.78,24133.867
600746.SH,20250218,7.25,7.25,7.09,7.12,7.23,-0.11,-1.5214,32618.0,23397.893
600746.SH,20250217,7.2,7.26,7.13,7.23,7.2,0.03,0.4167,42406.0,30503.63
600746.SH,20250214,7.21,7.27,7.16,7.2,7.24,-0.04,-0.5525,40980.1,29527.315
600746.SH,20250213,7.35,7.41,7.22,7.24,7.38,-0.14,-1.897,58710.68,42802.466
600746.SH,20250212,7.4,7.62,7.3,7.38,7.47,-0.09,-1.2048,96616.67,71627.123
600746.SH,20250211,7.23,7.5,7.15,7.47,7.17,0.3,4.1841,116885.39,85847.847
600746.SH,20250210,7.17,7.2,7.12,7.17,7.12,0.05,0.7022,46310.94,33184.034
600746.SH,20250207,7.11,7.16,7.06,7.12,7.07,0.05,0.7072,52312.53,37225.419
600746.SH,20250206,7.02,7.08,7.01,7.07,7.05,0.02,0.2837,33354.73,23502.231
600746.SH,20250205,7.05,7.18,7.02,7.05,7.13,-0.08,-1.122,47311.1,33492.913
600746.SH,20250127,7.04,7.19,7.03,7.13,7.04,0.09,1.2784,66698.0,47602.502
600746.SH,20250124,7.02,7.06,6.9,7.04,7.13,-0.09,-1.2623,80049.1,55644.441
600746.SH,20250123,7.02,7.24,6.98,7.13,6.92,0.21,3.0347,113240.51,80243.455
600746.SH,20250122,6.9,6.94,6.86,6.92,6.92,0.0,0.0,24527.0,16927.44
600746.SH,20250121,6.95,6.96,6.85,6.92,6.94,-0.02,-0.2882,22768.0,15704.96
600746.SH,20250120,6.98,7.02,6.89,6.94,6.96,-0.02,-0.2874,24696.0,17125.629
600746.SH,20250117,6.76,6.97,6.64,6.96,6.79,0.17,2.5037,41320.0,28513.414
600746.SH,20250116,6.72,6.86,6.71,6.79,6.7,0.09,1.3433,34846.0,23702.817
600746.SH,20250115,6.75,6.75,6.65,6.7,6.73,-0.03,-0.4458,26281.0,17591.19
600746.SH,20250114,6.6,6.74,6.5,6.73,6.59,0.14,2.1244,37083.0,24789.21
600746.SH,20250113,6.47,6.61,6.45,6.59,6.55,0.04,0.6107,21688.0,14197.59
600746.SH,20250110,6.62,6.69,6.54,6.55,6.61,-0.06,-0.9077,28077.0,18592.441
600746.SH,20250109,6.7,6.71,6.6,6.61,6.75,-0.14,-2.0741,38352.0,25495.368
600746.SH,20250108,6.91,6.91,6.63,6.75,6.91,-0.16,-2.3155,36362.0,24531.064
600746.SH,20250107,6.87,6.95,6.79,6.91,6.87,0.04,0.5822,26326.0,18077.72
600746.SH,20250106,6.74,6.91,6.63,6.87,6.76,0.11,1.6272,39362.0,26838.5
600746.SH,20250103,6.94,7.02,6.74,6.76,6.91,-0.15,-2.1708,46937.0,32244.268
600746.SH,20250102,7.03,7.16,6.86,6.91,7.01,-0.1,-1.4265,51181.0,35898.549
600746.SH,20241231,7.19,7.23,7.01,7.01,7.21,-0.2,-2.7739,35081.0,24969.493
600746.SH,20241230,7.24,7.31,7.16,7.21,7.21,0.0,0.0,23628.52,17011.68
600746.SH,20241227,7.14,7.25,7.1,7.21,7.14,0.07,0.9804,25555.2,18405.784
600746.SH,20241226,7.11,7.2,7.11,7.14,7.11,0.03,0.4219,23944.0,17146.23
600746.SH,20241225,7.27,7.27,7.07,7.11,7.27,-0.16,-2.2008,37930.0,27034.851
600746.SH,20241224,7.21,7.35,7.18,7.27,7.18,0.09,1.2535,30679.46,22279.835
600746.SH,20241223,7.4,7.42,7.16,7.18,7.43,-0.25,-3.3647,40390.01,29386.15
600746.SH,20241220,7.37,7.48,7.34,7.43,7.38,0.05,0.6775,36089.11,26740.006
600746.SH,20241219,7.4,7.41,7.24,7.38,7.4,-0.02,-0.2703,42090.96,30804.601
600746.SH,20241218,7.4,7.51,7.37,7.4,7.4,0.0,0.0,34642.94,25796.542
600746.SH,20241217,7.53,7.55,7.34,7.4,7.52,-0.12,-1.5957,49737.0,36932.356
600746.SH,20241216,7.6,7.61,7.46,7.52,7.53,-0.01,-0.1328,43420.29,32716.127
600746.SH,20241213,7.72,7.73,7.51,7.53,7.71,-0.18,-2.3346,74007.0,56224.21
600746.SH,20241212,7.62,7.73,7.56,7.71,7.61,0.1,1.3141,85824.1,65911.788
600746.SH,20241211,7.67,7.68,7.55,7.61,7.66,-0.05,-0.6527,75667.0,57597.857
600746.SH,20241210,7.75,7.81,7.61,7.66,7.62,0.04,0.5249,165155.0,127299.97
600746.SH,20241209,7.37,7.93,7.33,7.62,7.36,0.26,3.5326,193832.02,148448.65
600746.SH,20241206,7.28,7.36,7.19,7.36,7.25,0.11,1.5172,42401.01,30954.704
600746.SH,20241205,7.18,7.28,7.16,7.25,7.18,0.07,0.9749,30670.0,22163.804
600746.SH,20241204,7.38,7.39,7.15,7.18,7.37,-0.19,-2.578,41075.0,29825.459
600746.SH,20241203,7.37,7.4,7.28,7.37,7.37,0.0,0.0,40417.0,29718.278
600746.SH,20241202,7.25,7.38,7.21,7.37,7.24,0.13,1.7956,52207.0,38142.926
600746.SH,20241129,7.19,7.26,7.11,7.24,7.21,0.03,0.4161,37462.53,27004.148
600746.SH,20241128,7.11,7.23,7.1,7.21,7.13,0.08,1.122,47814.0,34392.722
600746.SH,20241127,7.1,7.14,6.88,7.13,7.11,0.02,0.2813,47474.0,33264.514
600746.SH,20241126,7.28,7.28,7.07,7.11,7.29,-0.18,-2.4691,41625.0,29832.833
600746.SH,20241125,7.15,7.35,7.14,7.29,7.15,0.14,1.958,47344.5,34324.83
600746.SH,20241122,7.41,7.44,7.14,7.15,7.41,-0.26,-3.5088,52707.5,38494.345
600746.SH,20241121,7.36,7.48,7.32,7.41,7.38,0.03,0.4065,62334.54,46156.804
600746.SH,20241120,7.2,7.39,7.16,7.38,7.2,0.18,2.5,70460.86,51671.253
600746.SH,20241119,7.01,7.2,7.0,7.2,7.05,0.15,2.1277,39950.0,28439.755
600746.SH,20241118,7.03,7.18,7.0,7.05,7.05,0.0,0.0,46080.0,32698.286
600746.SH,20241115,7.09,7.16,7.04,7.05,7.11,-0.06,-0.8439,40523.71,28764.904
600746.SH,20241114,7.28,7.3,7.08,7.11,7.28,-0.17,-2.3352,42507.0,30473.493
600746.SH,20241113,7.2,7.33,7.14,7.28,7.28,0.0,0.0,47184.0,34128.586
600746.SH,20241112,7.33,7.5,7.2,7.28,7.32,-0.04,-0.5464,67950.5,49923.536
600746.SH,20241111,7.33,7.37,7.29,7.32,7.31,0.01,0.1368,65600.0,48048.211
600746.SH,20241108,7.4,7.44,7.21,7.31,7.33,-0.02,-0.2729,72345.36,52884.898
600746.SH,20241107,7.18,7.35,7.11,7.33,7.17,0.16,2.2315,68733.5,49990.455
600746.SH,20241106,7.18,7.28,7.15,7.17,7.18,-0.01,-0.1393,72517.08,52271.113
600746.SH,20241105,7.07,7.21,7.02,7.18,7.06,0.12,1.6997,97805.73,69454.217
600746.SH,20241104,6.95,7.07,6.92,7.06,6.95,0.11,1.5827,37719.0,26410.627
600746.SH,20241101,7.03,7.14,6.94,6.95,7.07,-0.12,-1.6973,59507.0,41770.482
600746.SH,20241031,7.08,7.14,7.02,7.07,7.09,-0.02,-0.2821,52618.0,37238.255
600746.SH,20241030,7.08,7.15,7.01,7.09,7.07,0.02,0.2829,46532.0,32902.841
600746.SH,20241029,7.34,7.34,7.05,7.07,7.32,-0.25,-3.4153,76394.0,54602.517
600746.SH,20241028,7.25,7.33,7.16,7.32,7.18,0.14,1.9499,64803.0,47058.292
600746.SH,20241025,7.04,7.18,7.04,7.18,7.03,0.15,2.1337,68923.12,49086.614
600746.SH,20241024,6.97,7.09,6.97,7.03,7.03,0.0,0.0,38516.0,27012.007
600746.SH,20241023,6.83,7.12,6.83,7.03,6.86,0.17,2.4781,88462.01,62112.286
600746.SH,20241022,6.77,6.86,6.76,6.86,6.75,0.11,1.6296,63792.85,43459.067
600746.SH,20241021,6.87,6.87,6.71,6.75,6.88,-0.13,-1.8895,94157.63,63757.027
600746.SH,20241018,6.83,6.98,6.6,6.88,6.86,0.02,0.2915,143499.71,96780.429
600746.SH,20241017,6.94,7.01,6.83,6.86,6.93,-0.07,-1.0101,56603.83,39049.151
600746.SH,20241016,6.88,7.0,6.84,6.93,6.94,-0.01,-0.1441,40997.01,28469.675
600746.SH,20241015,7.08,7.09,6.93,6.94,7.07,-0.13,-1.8388,58536.1,41068.502
600746.SH,20241014,7.03,7.12,6.87,7.07,7.06,0.01,0.1416,80346.88,56360.035
600746.SH,20241011,7.28,7.35,6.98,7.06,6.99,0.07,1.0014,107399.97,76375.681
600746.SH,20241010,6.98,7.11,6.82,6.99,6.9,0.09,1.3043,60689.01,42462.023
600746.SH,20241009,7.43,7.43,6.9,6.9,7.43,-0.53,-7.1332,106073.02,75457.405
600746.SH,20241008,7.91,7.93,7.22,7.43,7.21,0.22,3.0513,175416.74,132187.206
600746.SH,20240930,6.97,7.26,6.78,7.21,6.75,0.46,6.8148,151544.13,107175.405
600746.SH,20240927,6.6,6.75,6.55,6.75,6.48,0.27,4.1667,42309.0,28195.673
600746.SH,20240926,6.31,6.48,6.28,6.48,6.32,0.16,2.5316,35426.0,22655.177
600746.SH,20240925,6.36,6.49,6.31,6.32,6.26,0.06,0.9585,49269.27,31531.399
600746.SH,20240924,6.02,6.26,6.02,6.26,6.02,0.24,3.9867,47712.0,29387.842
600746.SH,20240923,6.05,6.07,5.98,6.02,6.09,-0.07,-1.1494,24875.51,14969.471
600746.SH,20240920,6.13,6.13,6.03,6.09,6.09,0.0,0.0,16850.0,10224.87
600746.SH,20240919,6.02,6.15,5.95,6.09,6.01,0.08,1.3311,22609.0,13723.196
600746.SH,20240918,6.06,6.08,5.94,6.01,6.06,-0.05,-0.8251,17037.0,10214.533
600746.SH,20240913,6.13,6.14,6.04,6.06,6.13,-0.07,-1.1419,20203.0,12266.967
600746.SH,20240912,6.16,6.23,6.11,6.13,6.16,-0.03,-0.487,19705.0,12167.995
600746.SH,20240911,6.13,6.18,6.1,6.16,6.13,0.03,0.4894,18659.27,11472.426
600746.SH,20240910,6.14,6.16,6.02,6.13,6.1,0.03,0.4918,19590.37,11920.938
600746.SH,20240909,6.11,6.18,6.08,6.1,6.13,-0.03,-0.4894,17588.01,10754.837
600746.SH,20240906,6.2,6.24,6.13,6.13,6.19,-0.06,-0.9693,16640.0,10275.864
600746.SH,20240905,6.25,6.25,6.16,6.19,6.17,0.02,0.3241,25177.08,15605.366
600746.SH,20240904,6.16,6.23,6.14,6.17,6.19,-0.02,-0.3231,23373.0,14459.454
600746.SH,20240903,6.05,6.19,6.03,6.19,6.04,0.15,2.4834,39775.02,24470.951
600746.SH,20240902,6.08,6.12,5.98,6.04,6.15,-0.11,-1.7886,36018.12,21839.055
600746.SH,20240830,6.12,6.21,6.08,6.15,6.12,0.03,0.4902,40310.0,24812.993
600746.SH,20240829,6.09,6.14,6.05,6.12,6.11,0.01,0.1637,20712.15,12620.334
600746.SH,20240828,6.14,6.17,6.07,6.11,6.12,-0.01,-0.1634,18258.0,11184.929
600746.SH,20240827,6.17,6.17,6.09,6.12,6.14,-0.02,-0.3257,17551.0,10739.876
600746.SH,20240826,6.0,6.16,6.0,6.14,6.06,0.08,1.3201,23640.0,14501.145
600746.SH,20240823,5.96,6.15,5.96,6.06,6.07,-0.01,-0.1647,20641.0,12493.183
600746.SH,20240822,6.26,6.26,6.05,6.07,6.24,-0.17,-2.7244,36380.0,22285.917
600746.SH,20240821,6.08,6.25,6.06,6.24,6.08,0.16,2.6316,36623.0,22679.255
600746.SH,20240820,6.15,6.27,6.07,6.08,6.15,-0.07,-1.1382,42946.0,26516.223
600746.SH,20240819,6.19,6.2,6.12,6.15,6.17,-0.02,-0.3241,21109.0,12999.783
600746.SH,20240816,6.21,6.23,6.15,6.17,6.17,0.0,0.0,19293.0,11936.865
600746.SH,20240815,6.14,6.22,6.1,6.17,6.14,0.03,0.4886,17380.0,10726.201
600746.SH,20240814,6.24,6.25,6.13,6.14,6.23,-0.09,-1.4446,17776.01,10976.294
600746.SH,20240813,6.18,6.23,6.13,6.23,6.19,0.04,0.6462,16536.0,10223.513
600746.SH,20240812,6.22,6.25,6.15,6.19,6.22,-0.03,-0.4823,19000.1,11762.141
600746.SH,20240809,6.3,6.35,6.21,6.22,6.29,-0.07,-1.1129,13914.0,8728.629
600746.SH,20240808,6.25,6.31,6.17,6.29,6.21,0.08,1.2882,27141.0,16981.837
600746.SH,20240807,6.25,6.27,6.17,6.21,6.21,0.0,0.0,14819.0,9213.835
600746.SH,20240806,6.18,6.22,6.14,6.21,6.13,0.08,1.3051,20143.0,12462.691
600746.SH,20240805,6.2,6.28,6.13,6.13,6.24,-0.11,-1.7628,25069.0,15543.173
600746.SH,20240802,6.28,6.34,6.23,6.24,6.28,-0.04,-0.6369,26421.1,16605.631
600746.SH,20240801,6.26,6.32,6.24,6.28,6.23,0.05,0.8026,38963.65,24478.902
600746.SH,20240731,6.17,6.25,6.05,6.23,6.13,0.1,1.6313,35325.0,21827.489
600746.SH,20240730,6.02,6.14,5.96,6.13,6.04,0.09,1.4901,26272.15,15855.765
600746.SH,20240729,6.01,6.06,5.92,6.04,5.98,0.06,1.0033,18657.55,11176.506
600746.SH,20240726,5.91,6.05,5.89,5.98,5.95,0.03,0.5042,17653.0,10579.4
600746.SH,20240725,5.9,6.04,5.84,5.95,5.91,0.04,0.6768,18736.0,11137.877
600746.SH,20240724,6.0,6.04,5.9,5.91,6.04,-0.13,-2.1523,31187.0,18561.942
600746.SH,20240723,6.13,6.17,6.01,6.04,6.14,-0.1,-1.6287,27114.0,16488.234
600746.SH,20240722,6.17,6.21,6.09,6.14,6.17,-0.03,-0.4862,28583.0,17535.384
600746.SH,20240719,6.24,6.27,6.13,6.17,6.24,-0.07,-1.1218,22660.0,14000.152
600746.SH,20240718,6.21,6.26,6.12,6.24,6.19,0.05,0.8078,24807.0,15377.284
600746.SH,20240717,6.3,6.33,6.18,6.19,6.3,-0.11,-1.746,28852.0,17926.935
600746.SH,20240716,6.41,6.45,6.26,6.3,6.39,-0.09,-1.4085,43232.04,27400.528
600746.SH,20240715,6.44,6.48,6.34,6.39,6.38,0.01,0.1567,37459.55,24021.187
600746.SH,20240712,6.37,6.42,6.29,6.38,6.33,0.05,0.7899,33270.5,21164.092
600746.SH,20240711,6.24,6.35,6.16,6.33,6.15,0.18,2.9268,54866.53,34507.413
600746.SH,20240710,6.15,6.28,6.07,6.15,6.03,0.12,1.99,61316.11,37916.33
600746.SH,20240709,5.91,6.04,5.82,6.03,5.9,0.13,2.2034,25238.94,15000.64
600746.SH,20240708,6.05,6.09,5.88,5.9,6.1,-0.2,-3.2787,24596.94,14661.144
600746.SH,20240705,6.03,6.1,5.95,6.1,6.02,0.08,1.3289,20056.1,12107.298
600746.SH,20240704,6.1,6.12,5.95,6.02,6.09,-0.07,-1.1494,33765.88,20362.912
600746.SH,20240703,6.08,6.16,6.05,6.09,6.08,0.01,0.1645,23065.73,14097.589
600746.SH,20240702,6.07,6.12,6.04,6.08,6.06,0.02,0.33,23776.37,14462.522
600746.SH,20240701,5.92,6.06,5.86,6.06,5.89,0.17,2.8862,27514.0,16435.448
600746.SH,20240628,5.95,6.01,5.88,5.89,5.9,-0.01,-0.1695,25270.0,15016.725
600746.SH,20240627,6.03,6.11,5.9,5.9,6.06,-0.16,-2.6403,28840.53,17307.322
600746.SH,20240626,5.91,6.07,5.82,6.06,5.84,0.22,3.7671,33222.49,19775.31
600746.SH,20240625,5.82,5.89,5.76,5.84,5.82,0.02,0.3436,33518.37,19563.509
600746.SH,20240624,6.04,6.04,5.76,5.82,6.05,-0.23,-3.8017,42291.41,24771.15
600746.SH,20240621,6.0,6.09,5.97,6.05,6.02,0.03,0.4983,19046.01,11525.259
600746.SH,20240620,6.13,6.24,6.01,6.02,6.16,-0.14,-2.2727,28891.45,17618.656
600746.SH,20240619,6.22,6.23,6.14,6.16,6.18,-0.02,-0.3236,23525.02,14528.783
600746.SH,20240618,6.19,6.25,6.17,6.18,6.21,-0.03,-0.4831,29643.43,18384.605
600746.SH,20240617,6.3,6.32,6.2,6.21,6.33,-0.12,-1.8957,27433.01,17145.502
600746.SH,20240614,6.42,6.46,6.28,6.33,6.42,-0.09,-1.4019,28760.01,18238.561
600746.SH,20240613,6.48,6.57,6.38,6.42,6.52,-0.1,-1.5337,28534.5,18398.897
600746.SH,20240612,6.56,6.57,6.39,6.52,6.44,0.08,1.2422,30889.0,20025.055
600746.SH,20240611,6.43,6.47,6.27,6.44,6.44,0.0,0.0,30679.01,19585.845
600746.SH,20240607,6.32,6.44,6.3,6.44,6.24,0.2,3.2051,41633.65,26618.954
600746.SH,20240606,6.45,6.54,6.18,6.24,6.46,-0.22,-3.4056,61827.28,38784.321
600746.SH,20240605,6.55,6.58,6.44,6.46,6.59,-0.13,-1.9727,28769.0,18710.571
600746.SH,20240604,6.7,6.7,6.5,6.59,6.66,-0.07,-1.0511,35602.0,23374.377
600746.SH,20240603,6.75,6.78,6.58,6.66,6.75,-0.09,-1.3333,39981.71,26626.152
600746.SH,20240531,6.86,6.86,6.72,6.75,6.81,-0.06,-0.8811,33421.0,22620.142
600746.SH,20240530,6.81,6.99,6.79,6.81,6.88,-0.07,-1.0174,37856.0,25995.077
600746.SH,20240529,6.81,6.93,6.76,6.88,6.81,0.07,1.0279,35171.31,24160.324
600746.SH,20240528,6.93,7.0,6.8,6.81,6.95,-0.14,-2.0144,41186.88,28414.715
600746.SH,20240527,6.79,6.95,6.72,6.95,6.79,0.16,2.3564,43692.0,29814.257
600746.SH,20240524,6.84,6.87,6.75,6.79,6.8,-0.01,-0.1471,38064.51,25901.734
600746.SH,20240523,6.96,6.96,6.78,6.8,6.96,-0.16,-2.2989,51699.0,35296.331
600746.SH,20240522,7.12,7.14,6.94,6.96,7.13,-0.17,-2.3843,67258.82,47168.443
600746.SH,20240521,7.23,7.25,7.09,7.13,7.25,-0.12,-1.6552,60742.53,43346.657
600746.SH,20240520,7.26,7.31,7.18,7.25,7.23,0.02,0.2766,52278.0,37836.268
600746.SH,20240517,7.06,7.24,7.06,7.23,7.14,0.09,1.2605,66223.31,47598.957
600746.SH,20240516,7.22,7.35,7.09,7.14,7.18,-0.04,-0.5571,73116.0,52643.743
600746.SH,20240515,7.21,7.28,7.03,7.18,7.15,0.03,0.4196,76096.0,54302.788
600746.SH,20240514,7.17,7.34,7.14,7.15,7.13,0.02,0.2805,75617.0,54521.089
600746.SH,20240513,7.26,7.3,7.07,7.13,7.33,-0.2,-2.7285,97825.5,69861.504
600746.SH,20240510,7.6,7.78,7.25,7.33,7.44,-0.11,-1.4785,141854.08,105998.34
600746.SH,20240509,7.41,7.71,7.41,7.44,7.47,-0.03,-0.4016,171556.87,129135.421
600746.SH,20240508,7.78,7.85,7.41,7.47,7.74,-0.27,-3.4884,218659.02,166092.91
600746.SH,20240507,7.7,7.97,7.32,7.74,7.3,0.44,6.0274,320636.84,244105.92
600746.SH,20240506,6.9,7.35,6.79,7.3,6.83,0.47,6.8814,155655.71,110856.88
600746.SH,20240430,6.7,6.98,6.61,6.83,6.73,0.1,1.4859,70385.0,48097.546
600746.SH,20240429,6.43,6.76,6.36,6.73,6.43,0.3,4.6656,79888.53,52653.235
600746.SH,20240426,6.62,6.62,6.38,6.43,6.62,-0.19,-2.8701,73630.58,47504.331
600746.SH,20240425,6.38,6.76,6.3,6.62,6.38,0.24,3.7618,73309.46,48479.762
600746.SH,20240424,6.32,6.54,6.3,6.38,6.38,0.0,0.0,51406.0,32797.796
600746.SH,20240423,6.47,6.54,6.25,6.38,6.56,-0.18,-2.7439,61867.0,39519.867
600746.SH,20240422,6.98,6.98,6.51,6.56,6.88,-0.32,-4.6512,105689.6,71228.493
600746.SH,20240419,6.79,6.93,6.64,6.88,6.81,0.07,1.0279,88279.0,60161.714
600746.SH,20240418,6.42,7.08,6.34,6.81,6.49,0.32,4.9307,172598.79,117769.029
600746.SH,20240417,6.0,6.52,6.0,6.49,6.0,0.49,8.1667,93593.24,59672.394
600746.SH,20240416,6.4,6.54,6.0,6.0,6.66,-0.66,-9.9099,123664.68,77169.844
600746.SH,20240415,6.93,7.11,6.5,6.66,7.09,-0.43,-6.0649,165863.65,111616.976
600746.SH,20240412,6.76,7.46,6.74,7.09,6.86,0.23,3.3528,191795.29,135536.575
600746.SH,20240411,6.81,7.11,6.75,6.86,6.66,0.2,3.003,108662.01,75245.365
600746.SH,20240410,6.68,6.73,6.61,6.66,6.69,-0.03,-0.4484,35502.01,23657.942
600746.SH,20240409,6.56,6.72,6.56,6.69,6.62,0.07,1.0574,28296.16,18876.682
600746.SH,20240408,6.72,6.84,6.6,6.62,6.77,-0.15,-2.2157,38560.83,25848.952
600746.SH,20240403,6.65,6.8,6.61,6.77,6.63,0.14,2.1116,49331.62,33265.326
600746.SH,20240402,6.62,6.65,6.52,6.63,6.55,0.08,1.2214,45491.71,30059.132
600746.SH,20240401,6.36,6.58,6.32,6.55,6.3,0.25,3.9683,46873.77,30423.692
600746.SH,20240329,6.15,6.32,6.15,6.3,6.17,0.13,2.107,32572.0,20440.412
600746.SH,20240328,6.11,6.26,6.08,6.17,6.1,0.07,1.1475,22511.0,13909.771
600746.SH,20240327,6.22,6.29,6.1,6.1,6.23,-0.13,-2.0867,26190.4,16248.703
600746.SH,20240326,6.26,6.3,6.16,6.23,6.26,-0.03,-0.4792,28460.0,17696.8
600746.SH,20240325,6.23,6.44,6.22,6.26,6.26,0.0,0.0,49924.1,31619.5
600746.SH,20240322,6.35,6.37,6.2,6.26,6.35,-0.09,-1.4173,29302.42,18407.764
600746.SH,20240321,6.4,6.4,6.29,6.35,6.35,0.0,0.0,25957.1,16473.589
600746.SH,20240320,6.32,6.39,6.29,6.35,6.32,0.03,0.4747,22318.09,14163.814
600746.SH,20240319,6.24,6.38,6.22,6.32,6.26,0.06,0.9585,37143.5,23488.877
600746.SH,20240318,6.23,6.26,6.16,6.26,6.2,0.06,0.9677,30797.51,19123.308
600746.SH,20240315,6.03,6.21,5.97,6.2,6.01,0.19,3.1614,56617.0,34609.058
600746.SH,20240314,6.07,6.12,5.96,6.01,6.07,-0.06,-0.9885,35972.0,21720.11
600746.SH,20240313,6.09,6.1,6.0,6.07,6.1,-0.03,-0.4918,32013.5,19348.561
600746.SH,20240312,6.06,6.11,6.02,6.1,6.06,0.04,0.6601,29342.0,17812.016
600746.SH,20240311,5.97,6.06,5.96,6.06,5.99,0.07,1.1686,27944.54,16825.669
600746.SH,20240308,6.09,6.09,5.92,5.99,6.09,-0.1,-1.642,31575.73,18911.857
600746.SH,20240307,6.06,6.14,6.01,6.09,6.0,0.09,1.5,38066.5,23074.555
600746.SH,20240306,6.01,6.06,5.94,6.0,6.01,-0.01,-0.1664,20675.86,12409.34
600746.SH,20240305,6.16,6.16,5.99,6.01,6.15,-0.14,-2.2764,26799.67,16178.062
600746.SH,20240304,6.15,6.19,6.03,6.15,6.16,-0.01,-0.1623,36883.0,22514.186
600746.SH,20240301,6.2,6.2,6.02,6.16,6.1,0.06,0.9836,36516.13,22365.875
600746.SH,20240229,5.8,6.1,5.8,6.1,5.91,0.19,3.2149,48737.13,29154.882
600746.SH,20240228,6.19,6.35,5.91,5.91,6.18,-0.27,-4.3689,55867.0,34371.344
600746.SH,20240227,6.04,6.2,6.04,6.18,6.09,0.09,1.4778,39777.16,24441.409
600746.SH,20240226,6.01,6.18,5.99,6.09,6.03,0.06,0.995,46166.53,28043.199
600746.SH,20240223,5.94,6.06,5.93,6.03,5.95,0.08,1.3445,44420.54,26691.88
600746.SH,20240222,5.89,6.0,5.88,5.95,5.95,0.0,0.0,45270.86,26911.017
600746.SH,20240221,5.97,6.13,5.89,5.95,6.08,-0.13,-2.1382,64582.45,38976.285
600746.SH,20240220,5.67,6.18,5.65,6.08,5.75,0.33,5.7391,77629.87,45683.793
600746.SH,20240219,5.68,5.83,5.6,5.75,5.68,0.07,1.2324,119679.74,68114.239
600746.SH,20240208,5.48,5.78,5.11,5.68,5.36,0.32,5.9701,221198.73,121292.117
600746.SH,20240207,4.98,5.36,4.68,5.36,4.87,0.49,10.0616,171436.64,85141.56
600746.SH,20240206,4.75,4.98,4.56,4.87,5.0,-0.13,-2.6,124937.28,59074.936
600746.SH,20240205,5.49,5.53,5.0,5.0,5.55,-0.55,-9.9099,95777.82,48893.986
600746.SH,20240202,5.9,5.99,5.35,5.55,5.94,-0.39,-6.5657,71078.0,40377.472
600746.SH,20240201,6.09,6.13,5.82,5.94,6.18,-0.24,-3.8835,65757.27,39283.28
600746.SH,20240131,6.3,6.48,6.13,6.18,6.41,-0.23,-3.5881,66545.95,41850.732
600746.SH,20240130,6.65,6.68,6.4,6.41,6.57,-0.16,-2.4353,53816.79,35285.404
600746.SH,20240129,6.71,6.87,6.54,6.57,6.75,-0.18,-2.6667,42221.0,28074.18
600746.SH,20240126,6.6,6.9,6.6,6.75,6.66,0.09,1.3514,42211.0,28691.075
600746.SH,20240125,6.3,6.66,6.3,6.66,6.26,0.4,6.3898,49183.64,31962.532
600746.SH,20240124,6.22,6.31,6.02,6.26,6.2,0.06,0.9677,49562.5,30696.285
600746.SH,20240123,6.14,6.25,5.98,6.2,6.18,0.02,0.3236,50584.71,31029.301
600746.SH,20240122,6.59,6.72,6.1,6.18,6.6,-0.42,-6.3636,48157.62,30779.068
600746.SH,20240119,6.63,6.75,6.59,6.6,6.64,-0.04,-0.6024,38986.5,25940.374
600746.SH,20240118,6.79,6.87,6.44,6.64,6.82,-0.18,-2.6393,48331.0,31963.128
600746.SH,20240117,6.91,6.98,6.81,6.82,6.97,-0.15,-2.1521,32481.61,22486.573
600746.SH,20240116,7.06,7.06,6.88,6.97,7.06,-0.09,-1.2748,38057.1,26480.72
600746.SH,20240115,6.97,7.09,6.96,7.06,7.05,0.01,0.1418,38200.0,26875.631
600746.SH,20240112,7.23,7.23,6.91,7.05,7.16,-0.11,-1.5363,53551.66,37689.714
600746.SH,20240111,7.07,7.18,7.0,7.16,7.05,0.11,1.5603,41693.0,29613.014
600746.SH,20240110,7.11,7.19,7.0,7.05,7.11,-0.06,-0.8439,29209.46,20730.799
600746.SH,20240109,7.17,7.21,7.04,7.11,7.1,0.01,0.1408,32623.0,23217.781
600746.SH,20240108,7.32,7.37,7.09,7.1,7.3,-0.2,-2.7397,36525.0,26229.509
600746.SH,20240105,7.38,7.45,7.23,7.3,7.39,-0.09,-1.2179,33105.09,24346.292
600746.SH,20240104,7.35,7.49,7.34,7.39,7.41,-0.02,-0.2699,35014.87,25903.233
600746.SH,20240103,7.39,7.47,7.31,7.41,7.41,0.0,0.0,46129.12,34108.414
600746.SH,20240102,7.28,7.45,7.28,7.41,7.32,0.09,1.2295,42783.0,31667.331
600746.SH,20231229,7.22,7.34,7.19,7.32,7.24,0.08,1.105,33988.02,24680.219
600746.SH,20231228,7.05,7.25,6.91,7.24,6.97,0.27,3.8737,39279.71,28124.625
600746.SH,20231227,7.04,7.04,6.89,6.97,6.99,-0.02,-0.2861,24066.54,16723.043
600746.SH,20231226,7.02,7.12,6.97,6.99,7.03,-0.04,-0.569,22808.0,16043.312
600746.SH,20231225,7.0,7.05,6.89,7.03,7.06,-0.03,-0.4249,27376.01,19096.899
600746.SH,20231222,7.11,7.13,6.99,7.06,7.07,-0.01,-0.1414,31646.2,22299.89
600746.SH,20231221,7.02,7.12,6.92,7.07,7.04,0.03,0.4261,23983.3,16808.133
600746.SH,20231220,7.01,7.15,7.01,7.04,7.04,0.0,0.0,23428.0,16606.287
600746.SH,20231219,7.05,7.1,7.01,7.04,7.05,-0.01,-0.1418,25589.0,18041.191
600746.SH,20231218,7.15,7.17,7.04,7.05,7.16,-0.11,-1.5363,32682.0,23177.969
600746.SH,20231215,7.22,7.25,7.15,7.16,7.17,-0.01,-0.1395,25417.0,18284.341
600746.SH,20231214,7.2,7.26,7.15,7.17,7.18,-0.01,-0.1393,26536.32,19133.024
600746.SH,20231213,7.19,7.29,7.1,7.18,7.17,0.01,0.1395,36128.49,26103.037
600746.SH,20231212,7.24,7.28,7.07,7.17,7.28,-0.11,-1.511,42478.18,30352.113
600746.SH,20231211,7.2,7.31,7.06,7.28,7.12,0.16,2.2472,62246.0,44796.159
600746.SH,20231208,7.28,7.32,7.12,7.12,7.27,-0.15,-2.0633,64396.12,46387.415
600746.SH,20231207,7.29,7.36,7.21,7.27,7.34,-0.07,-0.9537,45956.4,33378.695
600746.SH,20231206,7.17,7.43,7.15,7.34,7.19,0.15,2.0862,52964.36,39010.841
600746.SH,20231205,7.32,7.32,7.17,7.19,7.3,-0.11,-1.5068,28626.0,20745.362
600746.SH,20231204,7.31,7.39,7.27,7.3,7.31,-0.01,-0.1368,41808.5,30589.177
600746.SH,20231201,7.26,7.33,7.24,7.31,7.24,0.07,0.9669,42451.82,30941.39
600746.SH,20231130,7.35,7.36,7.21,7.24,7.34,-0.1,-1.3624,37260.49,27107.736
600746.SH,20231129,7.38,7.4,7.33,7.34,7.39,-0.05,-0.6766,26979.0,19850.562
600746.SH,20231128,7.31,7.39,7.26,7.39,7.31,0.08,1.0944,31340.87,23003.649
600746.SH,20231127,7.35,7.37,7.27,7.31,7.35,-0.04,-0.5442,45543.0,33286.7
600746.SH,20231124,7.42,7.47,7.35,7.35,7.43,-0.08,-1.0767,29338.1,21649.216
600746.SH,20231123,7.33,7.45,7.29,7.43,7.32,0.11,1.5027,29301.83,21627.755
600746.SH,20231122,7.37,7.47,7.32,7.32,7.37,-0.05,-0.6784,39492.0,29177.532
600746.SH,20231121,7.4,7.47,7.37,7.37,7.36,0.01,0.1359,34019.01,25251.209
600746.SH,20231120,7.39,7.41,7.3,7.36,7.38,-0.02,-0.271,35322.0,25947.378
600746.SH,20231117,7.3,7.41,7.29,7.38,7.32,0.06,0.8197,32276.0,23804.359
600746.SH,20231116,7.43,7.46,7.32,7.32,7.42,-0.1,-1.3477,27759.59,20391.806
600746.SH,20231115,7.38,7.44,7.35,7.42,7.33,0.09,1.2278,37570.01,27803.768
600746.SH,20231114,7.36,7.39,7.32,7.33,7.37,-0.04,-0.5427,25583.0,18796.341
600746.SH,20231113,7.37,7.43,7.28,7.37,7.35,0.02,0.2721,36444.0,26719.949
600746.SH,20231110,7.28,7.38,7.27,7.35,7.32,0.03,0.4098,27676.66,20321.539
600746.SH,20231109,7.28,7.4,7.28,7.32,7.28,0.04,0.5495,38564.8,28328.521
600746.SH,20231108,7.38,7.4,7.26,7.28,7.38,-0.1,-1.355,30252.4,22120.073
600746.SH,20231107,7.36,7.42,7.26,7.38,7.4,-0.02,-0.2703,42373.29,31115.817
600746.SH,20231106,7.36,7.42,7.32,7.4,7.32,0.08,1.0929,54560.0,40254.719
600746.SH,20231103,7.35,7.42,7.32,7.32,7.38,-0.06,-0.813,45326.23,33354.323
600746.SH,20231102,7.41,7.45,7.32,7.38,7.45,-0.07,-0.9396,50526.34,37280.34
600746.SH,20231101,7.37,7.45,7.31,7.45,7.37,0.08,1.0855,46903.71,34723.67
600746.SH,20231031,7.43,7.44,7.35,7.37,7.43,-0.06,-0.8075,55249.1,40806.343
600746.SH,20231030,7.23,7.47,7.18,7.43,7.25,0.18,2.4828,59772.81,44240.54
600746.SH,20231027,7.18,7.27,7.06,7.25,7.13,0.12,1.683,62631.16,45122.714
600746.SH,20231026,7.02,7.15,6.9,7.13,6.94,0.19,2.7378,88487.0,62376.055
600746.SH,20231025,6.8,7.0,6.79,6.94,6.78,0.16,2.3599,40869.0,28370.772
600746.SH,20231024,6.62,6.83,6.61,6.78,6.6,0.18,2.7273,39047.0,26310.802
600746.SH,20231023,6.77,6.79,6.57,6.6,6.8,-0.2,-2.9412,29466.19,19694.888
600746.SH,20231020,6.81,6.9,6.75,6.8,6.82,-0.02,-0.2933,27126.82,18492.775
600746.SH,20231019,6.85,6.91,6.76,6.82,6.88,-0.06,-0.8721,38934.0,26656.551
600746.SH,20231018,7.03,7.04,6.86,6.88,7.03,-0.15,-2.1337,28488.0,19688.165
600746.SH,20231017,7.02,7.07,6.97,7.03,7.0,0.03,0.4286,24046.0,16877.918
600746.SH,20231016,7.07,7.08,6.91,7.0,7.05,-0.05,-0.7092,36828.23,25702.388
600746.SH,20231013,7.09,7.09,7.0,7.05,7.1,-0.05,-0.7042,38623.0,27197.073
600746.SH,20231012,6.97,7.17,6.95,7.1,6.94,0.16,2.3055,46760.0,33049.258
600746.SH,20231011,6.98,7.05,6.88,6.94,6.93,0.01,0.1443,27768.0,19370.962
600746.SH,20231010,6.97,7.05,6.92,6.93,6.98,-0.05,-0.7163,36386.3,25365.688
600746.SH,20231009,7.15,7.15,6.93,6.98,7.15,-0.17,-2.3776,55727.14,39081.86
600746.SH,20230928,7.18,7.25,7.14,7.15,7.16,-0.01,-0.1397,42378.24,30413.194
600746.SH,20230927,7.16,7.32,7.12,7.16,7.11,0.05,0.7032,69623.24,50122.903
600746.SH,20230926,7.24,7.25,7.1,7.11,7.24,-0.13,-1.7956,30773.0,21972.64
600746.SH,20230925,7.21,7.28,7.17,7.24,7.22,0.02,0.277,30644.01,22155.041
600746.SH,20230922,7.21,7.25,7.17,7.22,7.25,-0.03,-0.4138,42768.02,30788.392
600746.SH,20230921,7.3,7.37,7.23,7.25,7.28,-0.03,-0.4121,28402.87,20663.539
600746.SH,20230920,7.28,7.43,7.22,7.28,7.31,-0.03,-0.4104,36108.86,26450.089
600746.SH,20230919,7.36,7.38,7.26,7.31,7.32,-0.01,-0.1366,38610.12,28244.211
600746.SH,20230918,7.4,7.46,7.28,7.32,7.41,-0.09,-1.2146,49571.87,36338.832
600746.SH,20230915,7.4,7.51,7.37,7.41,7.37,0.04,0.5427,53171.2,39569.321
600746.SH,20230914,7.49,7.5,7.31,7.37,7.44,-0.07,-0.9409,59231.12,43586.923
600746.SH,20230913,7.5,7.59,7.4,7.44,7.48,-0.04,-0.5348,78744.82,58848.505
600746.SH,20230912,7.37,7.51,7.36,7.48,7.37,0.11,1.4925,66216.53,49353.237
600746.SH,20230911,7.22,7.41,7.22,7.37,7.21,0.16,2.2191,73107.84,53534.545
600746.SH,20230908,7.12,7.28,7.05,7.21,7.07,0.14,1.9802,50261.94,36051.058
600746.SH,20230907,7.15,7.16,7.07,7.07,7.14,-0.07,-0.9804,50056.01,35577.8
600746.SH,20230906,6.96,7.15,6.93,7.14,7.01,0.13,1.8545,59539.35,42132.852
600746.SH,20230905,6.95,7.08,6.86,7.01,6.94,0.07,1.0086,49393.6,34451.72
600746.SH,20230904,6.65,6.96,6.63,6.94,6.61,0.33,4.9924,43285.07,29641.246
600746.SH,20230901,6.6,6.66,6.55,6.61,6.59,0.02,0.3035,16750.0,11082.489
600746.SH,20230831,6.66,6.69,6.55,6.59,6.66,-0.07,-1.0511,14369.0,9471.7
600746.SH,20230830,6.69,6.76,6.63,6.66,6.69,-0.03,-0.4484,18073.0,12096.753
600746.SH,20230829,6.55,6.7,6.55,6.69,6.55,0.14,2.1374,31338.76,20773.371
600746.SH,20230828,6.65,6.78,6.54,6.55,6.42,0.13,2.0249,46112.0,30776.897
600746.SH,20230825,6.46,6.6,6.38,6.42,6.47,-0.05,-0.7728,29259.0,18994.155
600746.SH,20230824,6.53,6.62,6.47,6.47,6.53,-0.06,-0.9188,26533.0,17331.287
600746.SH,20230823,6.55,6.63,6.46,6.53,6.55,-0.02,-0.3053,23498.0,15367.539
600746.SH,20230822,6.74,6.8,6.45,6.55,6.74,-0.19,-2.819,39259.87,25790.185
600746.SH,20230821,6.95,7.0,6.73,6.74,6.95,-0.21,-3.0216,22845.44,15632.763
600746.SH,20230818,7.0,7.08,6.94,6.95,6.99,-0.04,-0.5722,30755.44,21553.24
600746.SH,20230817,6.82,7.0,6.77,6.99,6.83,0.16,2.3426,24547.01,16959.018
600746.SH,20230816,6.82,6.91,6.79,6.83,6.84,-0.01,-0.1462,15081.01,10349.757
600746.SH,20230815,6.88,6.92,6.81,6.84,6.88,-0.04,-0.5814,16351.5,11194.072
600746.SH,20230814,6.86,6.9,6.79,6.88,6.91,-0.03,-0.4342,15300.45,10469.924
600746.SH,20230811,7.02,7.03,6.91,6.91,7.02,-0.11,-1.567,12123.47,8436.698
600746.SH,20230810,6.99,7.07,6.95,7.02,6.99,0.03,0.4292,14072.1,9897.571
600746.SH,20230809,6.98,7.0,6.92,6.99,6.99,0.0,0.0,15329.0,10689.89
600746.SH,20230808,7.03,7.03,6.88,6.99,7.01,-0.02,-0.2853,21396.82,14837.404
600746.SH,20230807,7.08,7.1,6.99,7.01,7.08,-0.07,-0.9887,22985.61,16156.492
600746.SH,20230804,7.13,7.15,7.08,7.08,7.09,-0.01,-0.141,16582.48,11781.867
600746.SH,20230803,7.11,7.12,7.04,7.09,7.1,-0.01,-0.1408,15644.17,11075.496
600746.SH,20230802,7.07,7.15,7.07,7.1,7.07,0.03,0.4243,19985.77,14206.902
600746.SH,20230801,7.07,7.12,7.05,7.07,7.07,0.0,0.0,15704.57,11125.499
600746.SH,20230731,7.08,7.16,7.04,7.07,7.11,-0.04,-0.5626,25228.0,17882.215
600746.SH,20230728,6.97,7.2,6.96,7.11,7.01,0.1,1.4265,23892.01,16899.285
600746.SH,20230727,7.0,7.11,6.96,7.01,7.06,-0.05,-0.7082,29284.77,20591.906
600746.SH,20230726,6.96,7.15,6.95,7.06,6.96,0.1,1.4368,48036.18,33945.186
600746.SH,20230725,6.87,7.0,6.84,6.96,6.87,0.09,1.31,21801.48,15164.907
600746.SH,20230724,6.89,6.94,6.84,6.87,6.9,-0.03,-0.4348,20828.0,14326.029
600746.SH,20230721,6.87,6.95,6.77,6.9,6.9,0.0,0.0,27986.0,19262.918
600746.SH,20230720,6.91,7.08,6.85,6.9,6.88,0.02,0.2907,37817.0,26272.47
600746.SH,20230719,6.85,6.9,6.81,6.88,6.88,0.0,0.0,14317.21,9813.54
600746.SH,20230718,6.75,6.9,6.75,6.88,6.81,0.07,1.0279,22359.82,15301.955
600746.SH,20230717,6.7,6.83,6.64,6.81,6.81,0.0,0.0,26885.0,18176.526
600746.SH,20230714,6.85,6.85,6.75,6.81,6.81,0.0,0.0,18885.28,12870.594
600746.SH,20230713,6.75,6.84,6.7,6.81,6.76,0.05,0.7396,20823.0,14159.287
600746.SH,20230712,6.79,6.81,6.73,6.76,6.78,-0.02,-0.295,17615.0,11917.402
600746.SH,20230711,6.73,6.78,6.69,6.78,6.69,0.09,1.3453,26404.0,17821.818
600746.SH,20230710,6.69,6.75,6.66,6.69,6.65,0.04,0.6015,19040.0,12737.161
600746.SH,20230707,6.7,6.72,6.6,6.65,6.68,-0.03,-0.4491,18301.01,12170.573
600746.SH,20230706,6.7,6.74,6.65,6.68,6.7,-0.02,-0.2985,15699.0,10488.838
600746.SH,20230705,6.68,6.72,6.63,6.7,6.66,0.04,0.6006,20813.0,13904.285
600746.SH,20230704,6.66,6.7,6.61,6.66,6.62,0.04,0.6042,25047.9,16681.672
600746.SH,20230703,6.56,6.68,6.56,6.62,6.53,0.09,1.3783,21949.0,14542.29
600746.SH,20230630,6.44,6.58,6.44,6.53,6.44,0.09,1.3975,23579.0,15380.535
600746.SH,20230629,6.46,6.56,6.44,6.44,6.47,-0.03,-0.4637,18476.64,11990.789
600746.SH,20230628,6.42,6.49,6.39,6.47,6.44,0.03,0.4658,14127.01,9098.263
600746.SH,20230627,6.28,6.46,6.27,6.44,6.32,0.12,1.8987,24966.13,16006.45
600746.SH,20230626,6.3,6.4,6.27,6.32,6.28,0.04,0.6369,25077.6,15840.157
600746.SH,20230621,6.32,6.4,6.28,6.28,6.37,-0.09,-1.4129,21739.0,13767.997
600746.SH,20230620,6.51,6.52,6.3,6.37,6.43,-0.06,-0.9331,30237.12,19241.224
600746.SH,20230619,6.7,6.72,6.63,6.63,6.7,-0.07,-1.0448,23277.0,15487.488
600746.SH,20230616,6.7,6.75,6.68,6.7,6.72,-0.02,-0.2976,17741.01,11893.273
600746.SH,20230615,6.69,6.73,6.63,6.72,6.66,0.06,0.9009,17038.81,11388.649
600746.SH,20230614,6.68,6.69,6.6,6.66,6.61,0.05,0.7564,17463.19,11618.904
600746.SH,20230613,6.67,6.69,6.61,6.61,6.67,-0.06,-0.8996,16888.24,11216.713
600746.SH,20230612,6.57,6.7,6.51,6.67,6.57,0.1,1.5221,23746.05,15719.419
600746.SH,20230609,6.67,6.7,6.54,6.57,6.65,-0.08,-1.203,21227.01,13992.345
600746.SH,20230608,6.68,6.72,6.61,6.65,6.68,-0.03,-0.4491,16888.0,11254.519
600746.SH,20230607,6.8,6.83,6.65,6.68,6.8,-0.12,-1.7647,17407.04,11695.474
600746.SH,20230606,6.95,6.97,6.78,6.8,6.95,-0.15,-2.1583,18389.0,12621.144
600746.SH,20230605,6.93,7.06,6.91,6.95,6.93,0.02,0.2886,18129.0,12606.024
600746.SH,20230602,6.8,6.96,6.78,6.93,6.78,0.15,2.2124,20058.29,13855.21
600746.SH,20230601,6.65,6.84,6.65,6.78,6.68,0.1,1.497,15971.9,10792.393
600746.SH,20230531,6.74,6.79,6.65,6.68,6.77,-0.09,-1.3294,17828.0,11928.569
600746.SH,20230530,6.8,6.84,6.65,6.77,6.8,-0.03,-0.4412,19971.0,13458.983
600746.SH,20230529,6.92,6.96,6.75,6.8,6.88,-0.08,-1.1628,21514.2,14686.94
600746.SH,20230526,6.9,6.93,6.8,6.88,6.92,-0.04,-0.578,17700.0,12126.33
600746.SH,20230525,7.1,7.1,6.88,6.92,7.07,-0.15,-2.1216,28761.0,20000.13
600746.SH,20230524,6.99,7.12,6.98,7.07,7.01,0.06,0.8559,20614.6,14556.922
600746.SH,20230523,7.06,7.12,7.0,7.01,7.04,-0.03,-0.4261,17071.0,12050.905
600746.SH,20230522,7.03,7.06,6.93,7.04,7.0,0.04,0.5714,16280.34,11412.818
600746.SH,20230519,6.99,7.03,6.95,7.0,6.99,0.01,0.1431,19168.01,13418.187
600746.SH,20230518,7.09,7.09,6.95,6.99,7.05,-0.06,-0.8511,16559.0,11585.764
600746.SH,20230517,7.0,7.07,6.94,7.05,7.01,0.04,0.5706,17184.01,12068.576
600746.SH,20230516,7.1,7.11,6.99,7.01,7.1,-0.09,-1.2676,18376.0,12907.385
600746.SH,20230515,7.0,7.1,6.98,7.1,7.02,0.08,1.1396,19406.67,13683.405
600746.SH,20230512,7.08,7.12,6.99,7.02,7.09,-0.07,-0.9873,17667.01,12418.204
600746.SH,20230511,7.13,7.15,7.05,7.09,7.09,0.0,0.0,13240.0,9373.534
600746.SH,20230510,7.02,7.14,7.02,7.09,7.05,0.04,0.5674,19657.0,13933.989
600746.SH,20230509,7.02,7.19,7.02,7.05,7.07,-0.02,-0.2829,25349.0,17963.332
600746.SH,20230508,6.96,7.1,6.95,7.07,6.94,0.13,1.8732,22972.0,16173.895
600746.SH,20230505,7.03,7.12,6.92,6.94,7.04,-0.1,-1.4205,21193.6,14841.932
600746.SH,20230504,6.93,7.06,6.92,7.04,6.95,0.09,1.295,27815.34,19454.326
600746.SH,20230428,6.82,6.95,6.82,6.95,6.82,0.13,1.9062,22888.6,15842.618
600746.SH,20230427,6.78,6.84,6.72,6.82,6.77,0.05,0.7386,29430.43,19966.802
600746.SH,20230426,6.6,6.81,6.57,6.77,6.65,0.12,1.8045,27928.33,18798.039
600746.SH,20230425,6.79,6.79,6.53,6.65,6.77,-0.12,-1.7725,43045.93,28567.036
600746.SH,20230424,6.81,6.83,6.54,6.77,6.98,-0.21,-3.0086,75263.93,50169.074
600746.SH,20230421,7.61,7.62,6.98,6.98,7.76,-0.78,-10.0515,120579.74,85095.341
600746.SH,20230420,7.96,7.96,7.72,7.76,7.94,-0.18,-2.267,29512.01,22946.672
600746.SH,20230419,8.1,8.1,7.92,7.94,8.1,-0.16,-1.9753,25622.5,20423.089
600746.SH,20230418,8.04,8.11,8.01,8.1,8.02,0.08,0.9975,20421.0,16499.537
600746.SH,20230417,8.05,8.05,8.0,8.02,8.06,-0.04,-0.4963,21727.34,17417.67
600746.SH,20230414,8.05,8.08,8.01,8.06,8.05,0.01,0.1242,19562.0,15753.344
600746.SH,20230413,7.99,8.06,7.91,8.05,7.97,0.08,1.0038,27262.0,21752.514
600746.SH,20230412,7.93,7.99,7.91,7.97,7.93,0.04,0.5044,17843.0,14217.431
600746.SH,20230411,7.92,7.94,7.87,7.93,7.94,-0.01,-0.1259,19385.0,15323.777
600746.SH,20230410,7.93,8.01,7.9,7.94,7.96,-0.02,-0.2513,30006.01,23828.996
600746.SH,20230407,7.92,7.97,7.9,7.96,7.93,0.03,0.3783,17652.0,14031.283
600746.SH,20230406,8.05,8.07,7.92,7.93,8.05,-0.12,-1.4907,31539.8,25088.659
600746.SH,20230404,8.23,8.23,8.02,8.05,8.23,-0.18,-2.1871,35517.28,28767.372
600746.SH,20230403,8.17,8.26,8.16,8.23,8.19,0.04,0.4884,22000.0,18050.325
600746.SH,20230331,8.16,8.23,8.15,8.19,8.18,0.01,0.1222,19046.0,15600.562
600746.SH,20230330,8.13,8.2,8.1,8.18,8.2,-0.02,-0.2439,21598.0,17585.513
600746.SH,20230329,8.3,8.3,8.17,8.2,8.26,-0.06,-0.7264,20361.0,16717.147
600746.SH,20230328,8.35,8.41,8.26,8.26,8.32,-0.06,-0.7212,20264.0,16847.175
600746.SH,20230327,8.37,8.4,8.3,8.32,8.36,-0.04,-0.4785,17609.0,14678.563
600746.SH,20230324,8.41,8.41,8.34,8.36,8.38,-0.02,-0.2387,13493.0,11286.201
600746.SH,20230323,8.38,8.41,8.32,8.38,8.37,0.01,0.1195,19366.77,16227.838
600746.SH,20230322,8.36,8.4,8.31,8.37,8.3,0.07,0.8434,14301.0,11942.173
600746.SH,20230321,8.21,8.31,8.21,8.3,8.22,0.08,0.9732,14213.0,11772.966
600746.SH,20230320,8.33,8.34,8.21,8.22,8.33,-0.11,-1.3205,18018.11,14874.18
600746.SH,20230317,8.29,8.37,8.25,8.33,8.25,0.08,0.9697,14748.78,12288.164
600746.SH,20230316,8.3,8.37,8.23,8.25,8.35,-0.1,-1.1976,20235.0,16783.918
600746.SH,20230315,8.25,8.37,8.24,8.35,8.21,0.14,1.7052,22465.67,18708.747
600746.SH,20230314,8.3,8.31,8.12,8.21,8.3,-0.09,-1.0843,24313.43,19959.323
600746.SH,20230313,8.35,8.39,8.25,8.3,8.36,-0.06,-0.7177,23057.0,19150.157
600746.SH,20230310,8.46,8.47,8.36,8.36,8.46,-0.1,-1.182,20477.32,17191.363
600746.SH,20230309,8.52,8.55,8.45,8.46,8.52,-0.06,-0.7042,19717.23,16752.377
600746.SH,20230308,8.5,8.52,8.43,8.52,8.5,0.02,0.2353,25228.0,21360.615
600746.SH,20230307,8.67,8.68,8.5,8.5,8.65,-0.15,-1.7341,33036.73,28301.273
600746.SH,20230306,8.71,8.73,8.62,8.65,8.71,-0.06,-0.6889,24025.0,20792.469
600746.SH,20230303,8.7,8.73,8.66,8.71,8.68,0.03,0.3456,26248.2,22832.795
600746.SH,20230302,8.76,8.77,8.66,8.68,8.76,-0.08,-0.9132,26497.0,23093.597
600746.SH,20230301,8.75,8.76,8.69,8.76,8.75,0.01,0.1143,20633.29,18015.173
600746.SH,20230228,8.73,8.75,8.61,8.75,8.67,0.08,0.9227,24639.89,21407.591
600746.SH,20230227,8.72,8.77,8.66,8.67,8.78,-0.11,-1.2528,24021.29,20907.529
600746.SH,20230224,8.82,8.82,8.67,8.78,8.8,-0.02,-0.2273,28350.01,24774.61
600746.SH,20230223,8.86,8.89,8.75,8.8,8.86,-0.06,-0.6772,37147.02,32739.141
600746.SH,20230222,8.87,8.92,8.74,8.86,8.85,0.01,0.113,37951.0,33576.11
600746.SH,20230221,8.8,8.96,8.73,8.85,8.78,0.07,0.7973,75586.09,67004.961
600746.SH,20230220,9.11,9.23,8.55,8.78,8.95,-0.17,-1.8994,125625.48,110467.952
600746.SH,20230217,8.78,8.96,8.78,8.95,8.79,0.16,1.8203,82099.89,73181.939
600746.SH,20230216,8.86,8.97,8.71,8.79,8.84,-0.05,-0.5656,62487.35,55424.549
600746.SH,20230215,8.95,8.97,8.82,8.84,8.95,-0.11,-1.2291,28644.69,25405.621
600746.SH,20230214,8.86,8.95,8.8,8.95,8.86,0.09,1.0158,43771.12,38984.147
600746.SH,20230213,8.89,8.89,8.75,8.86,8.8,0.06,0.6818,36077.18,31843.588
600746.SH,20230210,8.76,8.92,8.74,8.8,8.75,0.05,0.5714,35548.33,31359.139
600746.SH,20230209,8.61,8.76,8.57,8.75,8.63,0.12,1.3905,41600.8,36282.507
600746.SH,20230208,8.68,8.7,8.63,8.63,8.68,-0.05,-0.576,21594.8,18707.217
600746.SH,20230207,8.71,8.72,8.6,8.68,8.67,0.01,0.1153,27358.22,23666.215
600746.SH,20230206,8.67,8.72,8.58,8.67,8.73,-0.06,-0.6873,36662.39,31721.735
600746.SH,20230203,8.82,8.82,8.6,8.73,8.82,-0.09,-1.0204,43913.82,38188.828
600746.SH,20230202,8.98,8.99,8.8,8.82,8.95,-0.13,-1.4525,55575.78,49175.506
600746.SH,20230201,8.95,9.02,8.85,8.95,9.0,-0.05,-0.5556,72969.07,65210.3
600746.SH,20230131,8.65,9.05,8.57,9.0,8.65,0.35,4.0462,74968.42,66185.061
600746.SH,20230130,8.53,8.76,8.52,8.65,8.55,0.1,1.1696,50869.0,44013.505
600746.SH,20230120,8.45,8.55,8.43,8.55,8.41,0.14,1.6647,24177.19,20578.202
600746.SH,20230119,8.4,8.42,8.31,8.41,8.39,0.02,0.2384,22405.04,18732.637
600746.SH,20230118,8.4,8.43,8.33,8.39,8.36,0.03,0.3589,19676.0,16491.333
600746.SH,20230117,8.42,8.44,8.33,8.36,8.41,-0.05,-0.5945,21272.06,17792.706
600746.SH,20230116,8.29,8.46,8.29,8.41,8.28,0.13,1.57,49326.94,41423.598
600746.SH,20230113,8.28,8.29,8.23,8.28,8.22,0.06,0.7299,13161.04,10876.76
600746.SH,20230112,8.23,8.29,8.2,8.22,8.24,-0.02,-0.2427,15225.0,12538.64
600746.SH,20230111,8.26,8.31,8.23,8.24,8.3,-0.06,-0.7229,20853.0,17230.894
600746.SH,20230110,8.39,8.41,8.28,8.3,8.35,-0.05,-0.5988,18366.0,15255.92
600746.SH,20230109,8.33,8.42,8.33,8.35,8.34,0.01,0.1199,19927.7,16673.802
600746.SH,20230106,8.32,8.39,8.28,8.34,8.31,0.03,0.361,23922.39,19937.424
600746.SH,20230105,8.26,8.36,8.22,8.31,8.23,0.08,0.9721,33833.7,28085.14
600746.SH,20230104,8.22,8.32,8.2,8.23,8.23,0.0,0.0,26052.5,21543.178
600746.SH,20230103,8.17,8.25,8.1,8.23,8.12,0.11,1.3547,25258.92,20653.341
600746.SH,20221230,8.13,8.21,8.12,8.12,8.14,-0.02,-0.2457,17060.0,13888.158
600746.SH,20221229,8.26,8.26,8.14,8.14,8.24,-0.1,-1.2136,19865.0,16229.742
600746.SH,20221228,8.4,8.4,8.2,8.24,8.38,-0.14,-1.6706,22560.0,18617.95
600746.SH,20221227,8.36,8.43,8.32,8.38,8.35,0.03,0.3593,13289.0,11139.407
600746.SH,20221226,8.28,8.4,8.28,8.35,8.33,0.02,0.2401,15257.14,12747.667
600746.SH,20221223,8.25,8.38,8.25,8.33,8.31,0.02,0.2407,17837.0,14855.25
600746.SH,20221222,8.56,8.61,8.28,8.31,8.56,-0.25,-2.9206,26065.0,21956.177
600746.SH,20221221,8.5,8.63,8.45,8.56,8.5,0.06,0.7059,21662.06,18499.57
600746.SH,20221220,8.57,8.65,8.46,8.5,8.56,-0.06,-0.7009,29435.18,25115.914
600746.SH,20221219,8.85,8.9,8.51,8.56,8.85,-0.29,-3.2768,34182.0,29508.86
600746.SH,20221216,8.93,8.95,8.8,8.85,8.94,-0.09,-1.0067,26101.29,23141.55
600746.SH,20221215,8.99,9.08,8.92,8.94,8.99,-0.05,-0.5562,22861.18,20528.029
600746.SH,20221214,8.96,9.11,8.96,8.99,8.96,0.03,0.3348,23092.74,20858.736
600746.SH,20221213,9.03,9.04,8.93,8.96,9.03,-0.07,-0.7752,23747.65,21294.057
600746.SH,20221212,9.16,9.23,9.01,9.03,9.18,-0.15,-1.634,36996.0,33530.941
600746.SH,20221209,9.16,9.19,9.07,9.18,9.12,0.06,0.6579,29236.52,26693.558
600746.SH,20221208,9.06,9.2,9.02,9.12,9.11,0.01,0.1098,28210.85,25685.301
600746.SH,20221207,9.12,9.16,9.06,9.11,9.11,0.0,0.0,24578.63,22353.297
600746.SH,20221206,9.13,9.15,9.05,9.11,9.1,0.01,0.1099,33747.0,30727.34
600746.SH,20221205,9.16,9.19,9.03,9.1,9.15,-0.05,-0.5464,44368.0,40255.242
600746.SH,20221202,9.0,9.19,8.98,9.15,9.02,0.13,1.4412,38148.41,34748.62
600746.SH,20221201,9.08,9.13,9.01,9.02,9.01,0.01,0.111,22384.0,20280.395
600746.SH,20221130,9.03,9.11,9.0,9.01,9.04,-0.03,-0.3319,28038.01,25400.542
600746.SH,20221129,8.85,9.05,8.85,9.04,8.85,0.19,2.1469,32817.15,29518.975
600746.SH,20221128,8.83,8.94,8.65,8.85,8.89,-0.04,-0.4499,28708.37,25309.211
600746.SH,20221125,8.92,9.01,8.88,8.89,9.02,-0.13,-1.4412,20355.72,18149.933
600746.SH,20221124,8.94,9.04,8.89,9.02,8.91,0.11,1.2346,26878.72,24140.794
600746.SH,20221123,8.94,8.94,8.78,8.91,8.87,0.04,0.451,24509.82,21736.04
600746.SH,20221122,8.98,9.05,8.83,8.87,9.0,-0.13,-1.4444,25006.0,22385.581
600746.SH,20221121,8.91,9.03,8.81,9.0,8.91,0.09,1.0101,32531.1,29088.514
600746.SH,20221118,9.09,9.11,8.91,8.91,9.08,-0.17,-1.8722,26247.67,23563.741
600746.SH,20221117,9.0,9.09,8.9,9.08,9.03,0.05,0.5537,26260.0,23603.544
600746.SH,20221116,9.08,9.14,9.0,9.03,9.06,-0.03,-0.3311,25773.01,23363.362
600746.SH,20221115,8.88,9.08,8.85,9.06,8.87,0.19,2.1421,36931.0,33225.958
600746.SH,20221114,8.94,9.0,8.86,8.87,8.87,0.0,0.0,26095.0,23312.9
600746.SH,20221111,8.94,9.01,8.85,8.87,8.82,0.05,0.5669,26820.0,23901.389
600746.SH,20221110,8.75,8.85,8.7,8.82,8.79,0.03,0.3413,23775.0,20869.39
600746.SH,20221109,8.87,8.89,8.76,8.79,8.86,-0.07,-0.7901,24152.88,21277.653
600746.SH,20221108,8.92,8.93,8.72,8.86,8.85,0.01,0.113,35706.79,31422.696
600746.SH,20221107,8.57,8.9,8.53,8.85,8.64,0.21,2.4306,48070.66,42327.383
600746.SH,20221104,8.42,8.65,8.4,8.64,8.42,0.22,2.6128,36427.2,31196.114
600746.SH,20221103,8.46,8.46,8.3,8.42,8.4,0.02,0.2381,22370.82,18768.029
600746.SH,20221102,8.32,8.45,8.32,8.4,8.36,0.04,0.4785,22984.59,19324.977
600746.SH,20221101,8.11,8.38,8.11,8.36,8.1,0.26,3.2099,36923.09,30535.118
600746.SH,20221031,8.05,8.17,7.9,8.1,8.08,0.02,0.2475,27378.0,22149.294
600746.SH,20221028,8.6,8.6,8.05,8.08,8.61,-0.53,-6.1556,51267.1,42236.025
600746.SH,20221027,8.59,8.7,8.55,8.61,8.61,0.0,0.0,21448.81,18500.866
600746.SH,20221026,8.49,8.78,8.46,8.61,8.61,0.0,0.0,37660.75,32564.602
600746.SH,20221025,8.65,8.75,8.43,8.61,8.69,-0.08,-0.9206,27199.11,23276.552
600746.SH,20221024,8.85,8.99,8.61,8.69,8.81,-0.12,-1.3621,27008.11,23830.991
600746.SH,20221021,8.89,8.97,8.8,8.81,8.9,-0.09,-1.0112,18785.43,16615.336
600746.SH,20221020,8.91,8.98,8.78,8.9,8.94,-0.04,-0.4474,27252.51,24216.061
600746.SH,20221019,9.14,9.14,8.93,8.94,9.14,-0.2,-2.1882,30284.01,27326.57
600746.SH,20221018,9.29,9.3,9.12,9.14,9.24,-0.1,-1.0823,30506.18,27988.666
600746.SH,20221017,8.89,9.36,8.84,9.24,8.89,0.35,3.937,58051.64,52981.066
600746.SH,20221014,8.76,8.94,8.76,8.89,8.72,0.17,1.9495,34151.0,30318.74
600746.SH,20221013,8.62,8.79,8.61,8.72,8.73,-0.01,-0.1145,21693.0,18888.202
600746.SH,20221012,8.58,8.73,8.36,8.73,8.56,0.17,1.986,29926.88,25527.186
600746.SH,20221011,8.56,8.65,8.41,8.56,8.56,0.0,0.0,23405.82,19937.93
600746.SH,20221010,8.69,8.88,8.53,8.56,8.67,-0.11,-1.2687,25968.53,22569.414
600746.SH,20220930,8.64,8.84,8.64,8.67,8.68,-0.01,-0.1152,20257.6,17644.431
600746.SH,20220929,8.84,8.97,8.6,8.68,8.75,-0.07,-0.8,26908.98,23630.115
600746.SH,20220928,9.05,9.07,8.74,8.75,9.05,-0.3,-3.3149,26164.31,23242.16
600746.SH,20220927,8.9,9.05,8.86,9.05,8.88,0.17,1.9144,23007.8,20582.294
600746.SH,20220926,9.17,9.18,8.82,8.88,9.22,-0.34,-3.6876,38024.82,34146.989
600746.SH,20220923,9.4,9.46,9.16,9.22,9.42,-0.2,-2.1231,25490.0,23687.356
600746.SH,20220922,9.42,9.56,9.4,9.42,9.51,-0.09,-0.9464,16360.12,15497.058
600746.SH,20220921,9.4,9.58,9.31,9.51,9.47,0.04,0.4224,24319.0,23017.594
600746.SH,20220920,9.35,9.52,9.33,9.47,9.26,0.21,2.2678,22148.31,20874.606
600746.SH,20220919,9.36,9.46,9.23,9.26,9.43,-0.17,-1.8028,26288.23,24432.613
600746.SH,20220916,9.77,9.84,9.43,9.43,9.78,-0.35,-3.5787,39032.75,37570.838
600746.SH,20220915,10.03,10.07,9.71,9.78,10.01,-0.23,-2.2977,46408.17,45826.767
600746.SH,20220914,10.01,10.09,9.96,10.01,10.15,-0.14,-1.3793,32705.4,32749.337
600746.SH,20220913,10.26,10.29,10.14,10.15,10.24,-0.09,-0.8789,23993.73,24455.808
600746.SH,20220909,10.11,10.27,10.11,10.24,10.11,0.13,1.2859,26934.72,27468.306
600746.SH,20220908,10.24,10.24,10.11,10.11,10.22,-0.11,-1.0763,25015.14,25380.917
600746.SH,20220907,10.3,10.31,10.21,10.22,10.29,-0.07,-0.6803,31094.15,31874.517
600746.SH,20220906,10.09,10.3,10.08,10.29,10.07,0.22,2.1847,42923.38,44015.246
600746.SH,20220905,9.97,10.09,9.95,10.07,10.0,0.07,0.7,23531.48,23600.168
600746.SH,20220902,9.96,10.01,9.94,10.0,9.97,0.03,0.3009,19972.47,19922.809
600746.SH,20220901,9.98,10.03,9.92,9.97,10.0,-0.03,-0.3,20499.63,20460.764
600746.SH,20220831,10.04,10.08,9.92,10.0,10.08,-0.08,-0.7937,34929.74,34906.143
600746.SH,20220830,10.13,10.16,10.03,10.08,10.16,-0.08,-0.7874,27966.88,28197.005
600746.SH,20220829,10.1,10.19,9.96,10.16,10.22,-0.06,-0.5871,37791.86,38091.346
600746.SH,20220826,10.3,10.33,10.2,10.22,10.28,-0.06,-0.5837,30653.51,31460.006
600746.SH,20220825,10.3,10.37,10.11,10.28,10.3,-0.02,-0.1942,38405.4,39317.796
600746.SH,20220824,10.5,10.51,10.28,10.3,10.5,-0.2,-1.9048,52080.75,53878.476
600746.SH,20220823,10.62,10.62,10.47,10.5,10.62,-0.12,-1.1299,40782.81,42867.461
600746.SH,20220822,10.44,10.62,10.3,10.62,10.45,0.17,1.6268,52321.32,54891.374
600746.SH,20220819,10.51,10.57,10.45,10.45,10.51,-0.06,-0.5709,41015.72,43055.512
600746.SH,20220818,10.61,10.61,10.43,10.51,10.63,-0.12,-1.1289,66809.01,70098.541
600746.SH,20220817,10.74,10.78,10.58,10.63,10.73,-0.1,-0.932,53504.18,56807.19
600746.SH,20220816,10.89,10.92,10.71,10.73,10.89,-0.16,-1.4692,60968.03,65701.702
600746.SH,20220815,10.84,10.9,10.73,10.89,10.86,0.03,0.2762,48982.11,53032.397
600746.SH,20220812,10.97,11.04,10.83,10.86,10.97,-0.11,-1.0027,73172.77,80021.11
600746.SH,20220811,10.59,11.14,10.56,10.97,10.53,0.44,4.1785,128241.06,139975.803
600746.SH,20220810,10.69,10.73,10.49,10.53,10.65,-0.12,-1.1268,39823.25,42215.919
600746.SH,20220809,10.58,10.69,10.56,10.65,10.61,0.04,0.377,36052.67,38338.378
600746.SH,20220808,10.5,10.63,10.47,10.61,10.56,0.05,0.4735,36305.76,38341.484
600746.SH,20220805,10.44,10.57,10.35,10.56,10.43,0.13,1.2464,44216.35,46234.972
600746.SH,20220804,10.39,10.48,10.25,10.43,10.34,0.09,0.8704,40440.0,41879.891
600746.SH,20220803,10.31,10.59,10.31,10.34,10.37,-0.03,-0.2893,49936.98,52220.266
600746.SH,20220802,10.95,10.96,10.21,10.37,10.94,-0.57,-5.2102,86701.5,90740.317
600746.SH,20220801,10.69,10.95,10.61,10.94,10.67,0.27,2.5305,64164.22,69585.454
600746.SH,20220729,10.73,10.86,10.66,10.67,10.69,-0.02,-0.1871,58632.2,63036.123
600746.SH,20220728,10.65,10.75,10.62,10.69,10.62,0.07,0.6591,57101.96,61025.828
600746.SH,20220727,10.56,10.64,10.48,10.62,10.58,0.04,0.3781,34043.05,36020.284
600746.SH,20220726,10.38,10.63,10.35,10.58,10.43,0.15,1.4382,40014.62,42082.283
600746.SH,20220725,10.53,10.67,10.38,10.43,10.59,-0.16,-1.5109,46606.7,48995.954
600746.SH,20220722,10.65,10.79,10.45,10.59,10.7,-0.11,-1.028,50213.99,53227.391
600746.SH,20220721,10.9,10.93,10.7,10.7,10.89,-0.19,-1.7447,49011.58,52752.534
600746.SH,20220720,10.89,10.98,10.76,10.89,10.93,-0.04,-0.366,61907.02,67299.22
600746.SH,20220719,10.51,11.06,10.48,10.93,10.5,0.43,4.0952,118510.45,128578.64
600746.SH,20220718,10.27,10.52,10.27,10.5,10.3,0.2,1.9417,47550.12,49768.035
600746.SH,20220715,10.48,10.51,10.25,10.3,10.49,-0.19,-1.8112,52119.93,54148.749
600746.SH,20220714,10.53,10.59,10.45,10.49,10.53,-0.04,-0.3799,49620.8,52167.01
600746.SH,20220713,10.32,10.66,10.25,10.53,10.3,0.23,2.233,74700.05,78127.065
600746.SH,20220712,10.47,10.52,10.29,10.3,10.48,-0.18,-1.7176,62518.39,64877.556
600746.SH,20220711,10.99,10.99,10.4,10.48,11.08,-0.6,-5.4152,123881.1,130079.717
600746.SH,20220708,11.31,11.35,11.05,11.08,11.26,-0.18,-1.5986,72664.08,80993.448
600746.SH,20220707,11.11,11.31,11.09,11.26,11.13,0.13,1.168,62388.52,69951.19
600746.SH,20220706,11.7,11.76,11.04,11.13,11.8,-0.67,-5.678,158717.19,178809.711
600746.SH,20220705,11.58,11.89,11.56,11.8,11.55,0.25,2.1645,159332.92,187307.115
600746.SH,20220704,11.6,11.61,11.48,11.55,11.61,-0.06,-0.5168,61714.8,71083.181
600746.SH,20220701,11.66,11.68,11.53,11.61,11.58,0.03,0.2591,53627.37,62219.707
600746.SH,20220630,11.45,11.69,11.45,11.58,11.51,0.07,0.6082,57746.0,66883.671
600746.SH,20220629,11.71,11.83,11.51,11.51,11.75,-0.24,-2.0426,95185.86,111043.092
600746.SH,20220628,11.77,11.78,11.56,11.75,11.76,-0.01,-0.085,89102.97,103940.471
600746.SH,20220627,11.97,12.02,11.68,11.76,11.99,-0.23,-1.9183,126321.75,149158.611
600746.SH,20220624,11.72,12.11,11.67,11.99,11.67,0.32,2.7421,139161.55,166672.26
600746.SH,20220623,11.57,11.71,11.42,11.67,11.61,0.06,0.5168,80693.99,93702.982
600746.SH,20220622,12.0,12.1,11.6,11.61,11.95,-0.34,-2.8452,89095.78,104898.527
600746.SH,20220621,12.27,12.27,11.84,11.95,12.28,-0.33,-2.6873,131575.01,158501.425
600746.SH,20220620,12.43,12.55,12.25,12.28,12.49,-0.21,-1.6813,111826.24,138005.785
600746.SH,20220617,12.4,12.64,12.35,12.49,12.53,-0.04,-0.3192,96538.4,120629.667
600746.SH,20220616,12.62,12.75,12.5,12.53,12.66,-0.13,-1.0269,105157.58,132433.534
600746.SH,20220615,12.9,12.96,12.64,12.66,12.84,-0.18,-1.4019,118579.81,151375.828
600746.SH,20220614,12.85,12.89,12.36,12.84,12.93,-0.09,-0.6961,156302.0,197857.693
600746.SH,20220613,13.0,13.17,12.77,12.93,13.09,-0.16,-1.2223,184345.08,238952.853
600746.SH,20220610,13.11,13.16,12.81,13.09,13.09,0.0,0.0,181407.21,236375.777
600746.SH,20220609,13.28,13.42,12.98,13.09,13.26,-0.17,-1.2821,182793.1,239396.858
600746.SH,20220608,13.54,13.75,12.91,13.26,13.64,-0.38,-2.7859,252104.0,335094.074
600746.SH,20220607,13.75,13.98,13.37,13.64,13.48,0.16,1.1869,283289.37,386440.154
600746.SH,20220606,13.2,13.62,13.11,13.48,13.1,0.38,2.9008,261512.84,350136.243
600746.SH,20220602,12.79,13.3,12.6,13.1,12.77,0.33,2.5842,267941.45,349270.688
600746.SH,20220601,12.52,13.04,12.4,12.77,12.43,0.34,2.7353,227566.3,290150.259
600746.SH,20220531,12.72,13.1,12.3,12.43,12.11,0.32,2.6424,445284.57,565043.707
600746.SH,20220530,11.3,12.11,11.3,12.11,11.01,1.1,9.9909,299975.01,357922.442
600746.SH,20220527,10.66,11.28,10.64,11.01,10.64,0.37,3.4774,137988.0,151659.62
600746.SH,20220526,10.62,10.74,10.39,10.64,10.54,0.1,0.9488,47777.0,50507.273
600746.SH,20220525,10.4,10.68,10.39,10.54,10.41,0.13,1.2488,48317.0,50743.236
600746.SH,20220524,11.01,11.1,10.4,10.41,11.07,-0.66,-5.9621,88917.0,95665.026
600746.SH,20220523,10.9,11.1,10.85,11.07,10.81,0.26,2.4052,86608.81,95477.765
600746.SH,20220520,10.71,10.85,10.66,10.81,10.69,0.12,1.1225,67975.0,73187.584
600746.SH,20220519,10.46,10.69,10.34,10.69,10.61,0.08,0.754,55837.43,58626.726
600746.SH,20220518,10.67,10.79,10.59,10.61,10.63,-0.02,-0.1881,45812.0,48912.428
600746.SH,20220517,10.65,10.72,10.5,10.63,10.7,-0.07,-0.6542,48085.6,50954.507
600746.SH,20220516,10.8,10.9,10.64,10.7,10.74,-0.04,-0.3724,48427.0,52080.364
600746.SH,20220513,10.84,10.99,10.62,10.74,10.68,0.06,0.5618,68559.71,73931.33
600746.SH,20220512,10.7,11.02,10.57,10.68,10.91,-0.23,-2.1082,87901.87,94299.954
600746.SH,20220511,11.09,11.23,10.69,10.91,11.38,-0.47,-4.1301,145388.26,159920.92
600746.SH,20220510,12.02,12.39,11.95,12.38,12.27,0.11,0.8965,126917.92,154209.54
600746.SH,20220509,11.92,12.33,11.92,12.27,11.88,0.39,3.2828,104757.55,126880.316
600746.SH,20220506,11.65,12.3,11.56,11.88,11.96,-0.08,-0.6689,153223.37,182828.947
600746.SH,20220505,11.25,11.96,11.15,11.96,10.87,1.09,10.0276,130821.68,151347.042
600746.SH,20220429,10.39,10.92,10.39,10.87,10.32,0.55,5.3295,112386.9,120455.228
600746.SH,20220428,10.66,10.74,10.13,10.32,10.89,-0.57,-5.2342,112504.9,117070.026
600746.SH,20220427,10.3,10.99,10.03,10.89,10.84,0.05,0.4613,146366.28,152836.618
600746.SH,20220426,11.66,11.67,10.84,10.84,12.04,-1.2,-9.9668,146376.0,162196.315
600746.SH,20220425,12.83,12.83,12.04,12.04,13.38,-1.34,-10.0149,119058.52,146213.718
600746.SH,20220422,13.1,13.43,12.66,13.38,13.18,0.2,1.5175,115508.52,151200.549
600746.SH,20220421,13.73,13.81,13.1,13.18,13.85,-0.67,-4.8375,143410.21,192060.183
600746.SH,20220420,14.22,14.49,13.82,13.85,14.35,-0.5,-3.4843,167556.86,236699.902
600746.SH,20220419,14.62,15.33,14.33,14.35,14.78,-0.43,-2.9093,253622.57,375198.423
600746.SH,20220418,14.63,14.95,14.5,14.78,14.96,-0.18,-1.2032,208897.71,307725.159
600746.SH,20220415,14.12,14.98,14.12,14.96,14.17,0.79,5.5752,328328.36,481646.589
600746.SH,20220414,14.25,14.38,14.01,14.17,14.2,-0.03,-0.2113,126159.27,178315.178
600746.SH,20220413,13.61,14.32,13.58,14.2,13.71,0.49,3.574,160502.1,225267.454
600746.SH,20220412,13.5,13.77,13.11,13.71,13.58,0.13,0.9573,80313.39,108693.827
600746.SH,20220411,13.93,14.08,13.48,13.58,14.0,-0.42,-3.0,99577.0,136918.12
600746.SH,20220408,14.28,14.36,13.8,14.0,13.97,0.03,0.2147,159031.98,222664.019
600746.SH,20220407,13.49,14.25,13.44,13.97,13.58,0.39,2.8719,222688.12,311551.644
600746.SH,20220406,13.39,13.68,13.32,13.58,13.38,0.2,1.4948,70082.22,94591.365
600746.SH,20220401,13.3,13.44,13.16,13.38,13.34,0.04,0.2999,46871.11,62364.639
600746.SH,20220331,13.28,13.6,13.16,13.34,13.27,0.07,0.5275,78880.22,105447.268
600746.SH,20220330,13.2,13.29,13.15,13.27,13.18,0.09,0.6829,47052.01,62204.282
600746.SH,20220329,13.27,13.3,13.1,13.18,13.23,-0.05,-0.3779,43348.01,57154.452
600746.SH,20220328,13.23,13.38,13.0,13.23,13.36,-0.13,-0.9731,55645.09,73183.317
600746.SH,20220325,13.66,13.69,13.36,13.36,13.61,-0.25,-1.8369,70235.15,94727.446
600746.SH,20220324,13.4,13.7,13.24,13.61,13.45,0.16,1.1896,103274.6,140064.278
600746.SH,20220323,13.22,13.75,13.2,13.45,13.18,0.27,2.0486,104415.11,140947.332
600746.SH,20220322,13.13,13.29,13.01,13.18,13.2,-0.02,-0.1515,47839.44,62883.08
600746.SH,20220321,13.36,13.42,13.13,13.2,13.31,-0.11,-0.8264,70362.08,93408.849
600746.SH,20220318,13.28,13.31,13.13,13.31,13.29,0.02,0.1505,61016.14,80664.782
600746.SH,20220317,13.47,13.67,13.25,13.29,13.26,0.03,0.2262,106617.87,143473.481
600746.SH,20220316,13.48,13.5,12.66,13.26,13.15,0.11,0.8365,101629.63,133070.268
600746.SH,20220315,13.6,13.67,12.98,13.15,13.69,-0.54,-3.9445,109326.74,146143.071
600746.SH,20220314,13.3,13.94,13.26,13.69,13.55,0.14,1.0332,91015.42,124304.137
600746.SH,20220311,13.05,13.58,12.97,13.55,13.18,0.37,2.8073,78502.64,104298.83
600746.SH,20220310,13.2,13.26,12.93,13.18,12.77,0.41,3.2106,73293.21,96341.166
600746.SH,20220309,13.43,13.44,12.17,12.77,13.35,-0.58,-4.3446,98269.62,125772.937
600746.SH,20220308,13.81,13.94,13.2,13.35,13.95,-0.6,-4.3011,77621.87,104781.599
600746.SH,20220307,13.9,14.15,13.78,13.95,13.99,-0.04,-0.2859,66156.0,92235.138
600746.SH,20220304,14.15,14.23,13.97,13.99,14.27,-0.28,-1.9622,78270.63,110109.875
600746.SH,20220303,14.23,14.39,14.17,14.27,14.2,0.07,0.493,88802.0,126804.954
600746.SH,20220302,14.09,14.34,14.06,14.2,14.29,-0.09,-0.6298,55477.05,78728.488
600746.SH,20220301,14.37,14.42,14.19,14.29,14.36,-0.07,-0.4875,78616.85,112247.865
600746.SH,20220228,14.02,14.36,13.73,14.36,14.14,0.22,1.5559,124745.94,175938.058
600746.SH,20220225,14.32,14.45,14.14,14.14,14.32,-0.18,-1.257,137792.01,196507.221
600746.SH,20220224,14.35,15.0,14.0,14.32,13.98,0.34,2.432,319631.43,462210.05
600746.SH,20220223,13.69,14.05,13.67,13.98,13.66,0.32,2.3426,92377.68,128704.246
600746.SH,20220222,13.77,13.78,13.56,13.66,13.82,-0.16,-1.1577,59931.93,81918.077
600746.SH,20220221,13.73,13.84,13.65,13.82,13.72,0.1,0.7289,62101.38,85516.441
600746.SH,20220218,13.59,13.73,13.43,13.72,13.62,0.1,0.7342,55798.1,76026.282
600746.SH,20220217,13.75,13.79,13.56,13.62,13.75,-0.13,-0.9455,63063.28,85877.089
600746.SH,20220216,13.33,13.79,13.33,13.75,13.28,0.47,3.5392,103419.98,140854.848
600746.SH,20220215,13.36,13.41,13.22,13.28,13.33,-0.05,-0.3751,51252.99,68108.429
600746.SH,20220214,13.4,13.58,13.26,13.33,13.47,-0.14,-1.0393,48103.22,64386.038
600746.SH,20220211,13.78,13.8,13.47,13.47,13.83,-0.36,-2.603,72091.92,97784.515
600746.SH,20220210,13.86,13.95,13.74,13.83,13.87,-0.04,-0.2884,50771.71,70233.822
600746.SH,20220209,13.84,13.94,13.74,13.87,13.86,0.01,0.0722,61293.21,84913.168
600746.SH,20220208,13.63,13.86,13.51,13.86,13.63,0.23,1.6875,62510.19,85492.101
600746.SH,20220207,13.49,13.69,13.42,13.63,13.32,0.31,2.3273,63915.0,86666.148
600746.SH,20220128,13.4,13.46,13.02,13.32,13.31,0.01,0.0751,57195.05,76048.934
600746.SH,20220127,13.16,13.53,13.09,13.31,13.21,0.1,0.757,84001.71,112352.179
600746.SH,20220126,13.09,13.28,12.97,13.21,13.15,0.06,0.4563,57871.0,76083.894
600746.SH,20220125,13.7,13.89,13.05,13.15,13.82,-0.67,-4.848,111957.7,149947.475
600746.SH,20220124,13.6,13.83,13.46,13.82,13.7,0.12,0.8759,67714.0,92510.675
600746.SH,20220121,13.87,14.0,13.68,13.7,14.01,-0.31,-2.2127,84577.99,116419.039
600746.SH,20220120,14.64,14.64,14.0,14.01,14.59,-0.58,-3.9753,149907.59,212771.2
600746.SH,20220119,14.86,14.95,14.42,14.59,15.05,-0.46,-3.0565,151457.62,220981.912
600746.SH,20220118,15.15,15.85,15.04,15.05,15.19,-0.14,-0.9217,193045.94,296408.717
600746.SH,20220117,15.3,15.31,14.9,15.19,15.45,-0.26,-1.6828,222524.13,335093.327
600746.SH,20220114,15.01,16.31,15.01,15.45,14.92,0.53,3.5523,426804.95,662140.589
600746.SH,20220113,14.6,14.97,14.49,14.92,14.53,0.39,2.6841,213575.0,315581.867
600746.SH,20220112,14.37,14.59,14.34,14.53,14.44,0.09,0.6233,87666.39,126681.413
600746.SH,20220111,14.62,14.69,14.32,14.44,14.58,-0.14,-0.9602,140169.22,203051.739
600746.SH,20220110,14.01,14.59,13.94,14.58,14.03,0.55,3.9202,171351.76,245875.723
600746.SH,20220107,13.98,14.19,13.92,14.03,14.0,0.03,0.2143,98548.79,138697.164
600746.SH,20220106,13.8,14.08,13.75,14.0,13.72,0.28,2.0408,83728.79,117185.121
600746.SH,20220105,14.03,14.03,13.57,13.72,13.97,-0.25,-1.7895,63501.0,87504.587
600746.SH,20220104,13.85,14.05,13.7,13.97,13.8,0.17,1.2319,64994.78,90420.431
