ts_code,trade_date,open,high,low,close,pre_close,change,pct_chg,vol,amount
600715.SH,20251231,2.18,2.19,2.15,2.18,2.19,-0.01,-0.4566,307740.0,66825.291
600715.SH,20251230,2.17,2.22,2.15,2.19,2.17,0.02,0.9217,371388.0,81300.943
600715.SH,20251229,2.21,2.23,2.16,2.17,2.2,-0.03,-1.3636,309797.0,67689.391
600715.SH,20251226,2.22,2.24,2.2,2.2,2.23,-0.03,-1.3453,290538.0,64352.332
600715.SH,20251225,2.23,2.25,2.23,2.23,2.23,0.0,0.0,211738.0,47365.393
600715.SH,20251224,2.24,2.25,2.22,2.23,2.25,-0.02,-0.8889,198990.0,44457.953
600715.SH,20251223,2.3,2.3,2.24,2.25,2.3,-0.05,-2.1739,253955.0,57473.222
600715.SH,20251222,2.3,2.37,2.29,2.3,2.28,0.02,0.8772,340225.0,78613.891
600715.SH,20251219,2.24,2.29,2.23,2.28,2.25,0.03,1.3333,353300.0,79991.831
600715.SH,20251218,2.19,2.28,2.17,2.25,2.2,0.05,2.2727,412182.0,92650.229
600715.SH,20251217,2.19,2.21,2.13,2.2,2.19,0.01,0.4566,378733.0,82516.403
600715.SH,20251216,2.28,2.3,2.17,2.19,2.32,-0.13,-5.6034,813068.0,178862.619
600715.SH,20251215,2.32,2.35,2.28,2.32,2.34,-0.02,-0.8547,305077.0,70691.914
600715.SH,20251212,2.34,2.36,2.32,2.34,2.34,0.0,0.0,212144.0,49656.685
600715.SH,20251211,2.41,2.44,2.34,2.34,2.41,-0.07,-2.9046,335795.0,79879.9
600715.SH,20251210,2.37,2.42,2.35,2.41,2.38,0.03,1.2605,328958.0,78961.478
600715.SH,20251209,2.41,2.43,2.37,2.38,2.42,-0.04,-1.6529,279635.0,66928.886
600715.SH,20251208,2.41,2.42,2.4,2.42,2.43,-0.01,-0.4115,285923.0,68828.48
600715.SH,20251205,2.43,2.44,2.4,2.43,2.42,0.01,0.4132,213973.0,51770.113
600715.SH,20251204,2.44,2.45,2.41,2.42,2.44,-0.02,-0.8197,225164.0,54605.732
600715.SH,20251203,2.46,2.48,2.43,2.44,2.47,-0.03,-1.2146,262917.23,64289.746
600715.SH,20251202,2.53,2.53,2.46,2.47,2.53,-0.06,-2.3715,418621.0,103693.916
600715.SH,20251201,2.55,2.65,2.53,2.53,2.52,0.01,0.3968,567378.02,146229.612
600715.SH,20251128,2.45,2.53,2.43,2.52,2.46,0.06,2.439,395995.0,98457.423
600715.SH,20251127,2.51,2.53,2.45,2.46,2.52,-0.06,-2.381,560132.0,138758.007
600715.SH,20251126,2.5,2.55,2.47,2.52,2.5,0.02,0.8,465631.21,117174.222
600715.SH,20251125,2.48,2.53,2.47,2.5,2.47,0.03,1.2146,330511.0,82782.3
600715.SH,20251124,2.46,2.49,2.42,2.47,2.44,0.03,1.2295,323271.0,79326.34
600715.SH,20251121,2.49,2.53,2.43,2.44,2.51,-0.07,-2.7888,465189.0,114765.424
600715.SH,20251120,2.55,2.56,2.49,2.51,2.55,-0.04,-1.5686,372086.0,93669.945
600715.SH,20251119,2.6,2.62,2.53,2.55,2.6,-0.05,-1.9231,377591.0,96823.252
600715.SH,20251118,2.66,2.68,2.58,2.6,2.66,-0.06,-2.2556,497609.0,130128.729
600715.SH,20251117,2.61,2.67,2.59,2.66,2.63,0.03,1.1407,434231.0,114297.888
600715.SH,20251114,2.63,2.69,2.61,2.63,2.62,0.01,0.3817,489161.44,129390.855
600715.SH,20251113,2.6,2.63,2.58,2.62,2.61,0.01,0.3831,335444.78,87497.337
600715.SH,20251112,2.65,2.66,2.6,2.61,2.64,-0.03,-1.1364,424612.0,111602.668
600715.SH,20251111,2.62,2.66,2.59,2.64,2.61,0.03,1.1494,546247.0,143841.23
600715.SH,20251110,2.54,2.62,2.52,2.61,2.54,0.07,2.7559,604522.2,156335.818
600715.SH,20251107,2.56,2.6,2.54,2.54,2.58,-0.04,-1.5504,429271.0,109742.675
600715.SH,20251106,2.64,2.65,2.56,2.58,2.65,-0.07,-2.6415,633749.0,163374.268
600715.SH,20251105,2.6,2.71,2.59,2.65,2.63,0.02,0.7605,692678.0,184400.039
600715.SH,20251104,2.62,2.63,2.56,2.63,2.6,0.03,1.1538,715490.0,185502.065
600715.SH,20251103,2.54,2.61,2.5,2.6,2.53,0.07,2.7668,855784.57,221329.867
600715.SH,20251031,2.45,2.62,2.44,2.53,2.45,0.08,3.2653,896538.84,228536.261
600715.SH,20251030,2.52,2.57,2.45,2.45,2.51,-0.06,-2.3904,647449.0,161734.015
600715.SH,20251029,2.48,2.53,2.47,2.51,2.49,0.02,0.8032,337727.0,84394.7
600715.SH,20251028,2.51,2.51,2.48,2.49,2.5,-0.01,-0.4,296476.0,73906.643
600715.SH,20251027,2.53,2.55,2.49,2.5,2.52,-0.02,-0.7937,363038.0,91072.509
600715.SH,20251024,2.57,2.61,2.52,2.52,2.57,-0.05,-1.9455,392309.02,99988.095
600715.SH,20251023,2.57,2.58,2.52,2.57,2.57,0.0,0.0,359909.02,91853.683
600715.SH,20251022,2.56,2.6,2.53,2.57,2.57,0.0,0.0,389685.48,99942.481
600715.SH,20251021,2.49,2.58,2.47,2.57,2.48,0.09,3.629,499081.0,126917.201
600715.SH,20251020,2.47,2.5,2.45,2.48,2.47,0.01,0.4049,405831.84,100521.652
600715.SH,20251017,2.51,2.54,2.46,2.47,2.52,-0.05,-1.9841,495014.0,123563.316
600715.SH,20251016,2.59,2.6,2.51,2.52,2.6,-0.08,-3.0769,490225.46,124748.084
600715.SH,20251015,2.63,2.63,2.58,2.6,2.62,-0.02,-0.7634,522015.46,136044.442
600715.SH,20251014,2.65,2.7,2.6,2.62,2.65,-0.03,-1.1321,637675.0,168899.224
600715.SH,20251013,2.52,2.65,2.44,2.65,2.62,0.03,1.145,791709.0,202020.514
600715.SH,20251010,2.58,2.66,2.58,2.62,2.62,0.0,0.0,503714.02,132504.436
600715.SH,20251009,2.58,2.76,2.57,2.62,2.59,0.03,1.1583,910629.1,240972.179
600715.SH,20250930,2.66,2.67,2.58,2.59,2.65,-0.06,-2.2642,587589.0,153439.629
600715.SH,20250929,2.63,2.66,2.58,2.65,2.64,0.01,0.3788,515620.0,135313.177
600715.SH,20250926,2.72,2.73,2.63,2.64,2.73,-0.09,-3.2967,576898.0,154223.379
600715.SH,20250925,2.73,2.77,2.7,2.73,2.73,0.0,0.0,606855.0,165952.442
600715.SH,20250924,2.67,2.74,2.65,2.73,2.69,0.04,1.487,627871.0,169985.189
600715.SH,20250923,2.73,2.75,2.6,2.69,2.72,-0.03,-1.1029,814821.0,216386.808
600715.SH,20250922,2.74,2.76,2.68,2.72,2.76,-0.04,-1.4493,732360.0,198832.6
600715.SH,20250919,2.83,2.86,2.74,2.76,2.84,-0.08,-2.8169,989930.0,274482.722
600715.SH,20250918,2.92,2.96,2.78,2.84,2.92,-0.08,-2.7397,1349565.29,388532.153
600715.SH,20250917,3.04,3.05,2.89,2.92,3.02,-0.1,-3.3113,1275358.0,373804.402
600715.SH,20250916,3.06,3.08,2.97,3.02,3.07,-0.05,-1.6287,1248987.37,375637.263
600715.SH,20250915,3.09,3.14,3.01,3.07,3.12,-0.05,-1.6026,1515178.0,466414.327
600715.SH,20250912,3.03,3.27,3.03,3.12,3.02,0.1,3.3113,2100045.54,657381.536
600715.SH,20250911,2.99,3.06,2.92,3.02,3.03,-0.01,-0.33,1569069.91,466890.213
600715.SH,20250910,2.99,3.13,2.97,3.03,2.97,0.06,2.0202,2319726.97,706575.575
600715.SH,20250909,2.71,2.97,2.66,2.97,2.7,0.27,10.0,1158134.44,338478.001
600715.SH,20250908,2.69,2.81,2.68,2.7,2.69,0.01,0.3717,1304630.37,355338.988
600715.SH,20250905,2.79,2.84,2.63,2.69,2.91,-0.22,-7.5601,2110741.05,568105.714
600715.SH,20250904,3.2,3.2,2.91,2.91,3.23,-0.32,-9.9071,1920201.0,573845.379
600715.SH,20250903,2.95,3.23,2.9,3.23,2.94,0.29,9.8639,2599708.99,830212.882
600715.SH,20250902,2.98,3.16,2.93,2.94,2.93,0.01,0.3413,2317617.0,700685.306
600715.SH,20250901,2.67,2.93,2.58,2.93,2.66,0.27,10.1504,1942876.36,552514.898
600715.SH,20250829,2.77,2.78,2.65,2.66,2.73,-0.07,-2.5641,1228378.73,331227.017
600715.SH,20250828,2.55,2.8,2.55,2.73,2.59,0.14,5.4054,1992144.0,535026.263
600715.SH,20250827,2.6,2.66,2.54,2.59,2.62,-0.03,-1.145,1773173.81,461972.392
600715.SH,20250826,2.49,2.7,2.49,2.62,2.53,0.09,3.5573,2865161.35,751917.975
600715.SH,20250825,2.31,2.53,2.3,2.53,2.3,0.23,10.0,2379382.62,593487.627
600715.SH,20250822,2.3,2.32,2.29,2.3,2.3,0.0,0.0,390523.0,89836.671
600715.SH,20250821,2.31,2.32,2.29,2.3,2.3,0.0,0.0,422220.0,97253.867
600715.SH,20250820,2.31,2.31,2.28,2.3,2.31,-0.01,-0.4329,316150.0,72548.579
600715.SH,20250819,2.33,2.33,2.3,2.31,2.32,-0.01,-0.431,358514.0,82883.936
600715.SH,20250818,2.3,2.33,2.29,2.32,2.29,0.03,1.31,412592.0,95485.092
600715.SH,20250815,2.28,2.3,2.27,2.29,2.28,0.01,0.4386,289217.0,66064.429
600715.SH,20250814,2.31,2.33,2.27,2.28,2.32,-0.04,-1.7241,397973.0,91445.118
600715.SH,20250813,2.35,2.36,2.31,2.32,2.36,-0.04,-1.6949,409782.0,95500.337
600715.SH,20250812,2.36,2.37,2.33,2.36,2.36,0.0,0.0,355336.0,83406.681
600715.SH,20250811,2.32,2.4,2.31,2.36,2.34,0.02,0.8547,568114.0,133622.013
600715.SH,20250808,2.33,2.34,2.3,2.34,2.33,0.01,0.4292,349068.0,80773.149
600715.SH,20250807,2.35,2.36,2.32,2.33,2.35,-0.02,-0.8511,293896.0,68658.315
600715.SH,20250806,2.32,2.37,2.31,2.35,2.33,0.02,0.8584,285521.0,66689.828
600715.SH,20250805,2.3,2.34,2.29,2.33,2.3,0.03,1.3043,290271.0,67429.024
600715.SH,20250804,2.29,2.32,2.28,2.3,2.29,0.01,0.4367,254699.84,58650.981
600715.SH,20250801,2.31,2.33,2.28,2.29,2.32,-0.03,-1.2931,340720.0,78168.075
600715.SH,20250731,2.4,2.42,2.31,2.32,2.41,-0.09,-3.7344,483937.0,113712.277
600715.SH,20250730,2.36,2.43,2.35,2.41,2.36,0.05,2.1186,696465.86,166817.528
600715.SH,20250729,2.34,2.4,2.32,2.36,2.34,0.02,0.8547,538168.02,126649.86
600715.SH,20250728,2.32,2.36,2.29,2.34,2.33,0.01,0.4292,466884.2,108900.308
600715.SH,20250725,2.28,2.36,2.27,2.33,2.28,0.05,2.193,595839.0,138299.753
600715.SH,20250724,2.27,2.29,2.26,2.28,2.27,0.01,0.4405,309311.59,70403.844
600715.SH,20250723,2.27,2.29,2.26,2.27,2.27,0.0,0.0,280386.02,63731.861
600715.SH,20250722,2.29,2.29,2.26,2.27,2.29,-0.02,-0.8734,249623.0,56665.454
600715.SH,20250721,2.27,2.29,2.25,2.29,2.27,0.02,0.8811,278223.0,63443.415
600715.SH,20250718,2.29,2.3,2.26,2.27,2.29,-0.02,-0.8734,218152.0,49475.736
600715.SH,20250717,2.27,2.3,2.26,2.29,2.27,0.02,0.8811,234858.42,53485.659
600715.SH,20250716,2.26,2.29,2.26,2.27,2.26,0.01,0.4425,181244.0,41211.181
600715.SH,20250715,2.3,2.31,2.25,2.26,2.3,-0.04,-1.7391,333734.99,75697.192
600715.SH,20250714,2.35,2.36,2.29,2.3,2.35,-0.05,-2.1277,393544.0,90795.927
600715.SH,20250711,2.34,2.4,2.33,2.35,2.36,-0.01,-0.4237,376337.0,88475.879
600715.SH,20250710,2.33,2.41,2.33,2.36,2.34,0.02,0.8547,459181.0,108668.454
600715.SH,20250709,2.29,2.37,2.27,2.34,2.29,0.05,2.1834,560738.0,130276.822
600715.SH,20250708,2.27,2.3,2.26,2.29,2.27,0.02,0.8811,247596.0,56494.769
600715.SH,20250707,2.26,2.29,2.25,2.27,2.27,0.0,0.0,197887.0,44940.601
600715.SH,20250704,2.27,2.29,2.25,2.27,2.28,-0.01,-0.4386,224083.0,50819.047
600715.SH,20250703,2.28,2.3,2.27,2.28,2.28,0.0,0.0,178705.0,40774.561
600715.SH,20250702,2.29,2.3,2.27,2.28,2.3,-0.02,-0.8696,196669.0,44871.038
600715.SH,20250701,2.32,2.34,2.28,2.3,2.31,-0.01,-0.4329,284026.0,65384.849
600715.SH,20250630,2.3,2.33,2.28,2.31,2.3,0.01,0.4348,291119.0,67229.945
600715.SH,20250627,2.27,2.33,2.26,2.3,2.27,0.03,1.3216,310106.0,71083.616
600715.SH,20250626,2.31,2.31,2.26,2.27,2.3,-0.03,-1.3043,271263.0,61936.798
600715.SH,20250625,2.32,2.33,2.28,2.3,2.33,-0.03,-1.2876,345753.0,79438.152
600715.SH,20250624,2.29,2.39,2.29,2.33,2.27,0.06,2.6432,376887.0,88017.267
600715.SH,20250623,2.26,2.29,2.24,2.27,2.26,0.01,0.4425,204208.0,46301.909
600715.SH,20250620,2.3,2.33,2.24,2.26,2.28,-0.02,-0.8772,303358.0,68944.057
600715.SH,20250619,2.3,2.34,2.27,2.28,2.32,-0.04,-1.7241,290344.0,66697.482
600715.SH,20250618,2.36,2.38,2.32,2.32,2.38,-0.06,-2.521,327802.0,76792.614
600715.SH,20250617,2.41,2.43,2.36,2.38,2.4,-0.02,-0.8333,320699.02,76520.519
600715.SH,20250616,2.36,2.42,2.36,2.4,2.39,0.01,0.4184,341301.07,81671.985
600715.SH,20250613,2.46,2.46,2.37,2.39,2.46,-0.07,-2.8455,409552.0,98212.277
600715.SH,20250612,2.47,2.5,2.45,2.46,2.47,-0.01,-0.4049,378593.0,93505.499
600715.SH,20250611,2.47,2.54,2.46,2.47,2.49,-0.02,-0.8032,465616.0,115779.594
600715.SH,20250610,2.5,2.53,2.44,2.49,2.5,-0.01,-0.4,716255.02,178062.981
600715.SH,20250609,2.39,2.53,2.36,2.5,2.41,0.09,3.7344,1060901.0,259687.429
600715.SH,20250606,2.33,2.54,2.31,2.41,2.31,0.1,4.329,1257642.26,305781.108
600715.SH,20250605,2.36,2.37,2.3,2.31,2.36,-0.05,-2.1186,334263.0,77788.913
600715.SH,20250604,2.33,2.39,2.33,2.36,2.33,0.03,1.2876,451021.82,106527.805
600715.SH,20250603,2.3,2.38,2.28,2.33,2.31,0.02,0.8658,390999.0,91410.021
600715.SH,20250530,2.31,2.35,2.29,2.31,2.3,0.01,0.4348,312119.0,72314.726
600715.SH,20250529,2.3,2.32,2.27,2.3,2.3,0.0,0.0,171958.0,39579.793
600715.SH,20250528,2.27,2.32,2.24,2.3,2.27,0.03,1.3216,285138.0,65110.663
600715.SH,20250527,2.26,2.27,2.24,2.27,2.27,0.0,0.0,126257.0,28482.088
600715.SH,20250526,2.24,2.28,2.22,2.27,2.22,0.05,2.2523,240681.0,54071.252
600715.SH,20250523,2.25,2.27,2.21,2.22,2.26,-0.04,-1.7699,259045.0,58007.714
600715.SH,20250522,2.3,2.32,2.25,2.26,2.31,-0.05,-2.1645,266675.0,60753.524
600715.SH,20250521,2.34,2.35,2.3,2.31,2.35,-0.04,-1.7021,225115.0,52163.109
600715.SH,20250520,2.3,2.37,2.29,2.35,2.32,0.03,1.2931,407375.22,95028.394
600715.SH,20250519,2.28,2.39,2.27,2.32,2.27,0.05,2.2026,502453.04,117255.782
600715.SH,20250516,2.27,2.31,2.25,2.27,2.27,0.0,0.0,275903.76,62602.612
600715.SH,20250515,2.3,2.31,2.27,2.27,2.31,-0.04,-1.7316,331311.6,75630.684
600715.SH,20250514,2.31,2.33,2.28,2.31,2.32,-0.01,-0.431,350648.0,80879.155
600715.SH,20250513,2.36,2.38,2.32,2.32,2.36,-0.04,-1.6949,470869.98,110616.826
600715.SH,20250512,2.33,2.37,2.32,2.36,2.32,0.04,1.7241,501579.0,117728.789
600715.SH,20250509,2.4,2.42,2.31,2.32,2.39,-0.07,-2.9289,492797.0,115650.707
600715.SH,20250508,2.44,2.45,2.36,2.39,2.44,-0.05,-2.0492,732052.04,174881.952
600715.SH,20250507,2.46,2.56,2.42,2.44,2.5,-0.06,-2.4,1095608.22,271302.056
600715.SH,20250506,2.36,2.6,2.26,2.5,2.36,0.14,5.9322,1858329.86,446286.79
600715.SH,20250429,2.27,2.36,2.26,2.36,2.25,0.11,4.8889,369872.0,86080.872
600715.SH,20250428,2.34,2.35,2.24,2.25,2.35,-0.1,-4.2553,388893.05,88537.446
600715.SH,20250425,2.39,2.44,2.31,2.35,2.39,-0.04,-1.6736,449700.18,107371.121
600715.SH,20250424,2.39,2.42,2.36,2.39,2.36,0.03,1.2712,243710.82,58099.866
600715.SH,20250423,2.38,2.41,2.35,2.36,2.39,-0.03,-1.2552,244413.31,57814.478
600715.SH,20250422,2.34,2.43,2.34,2.39,2.33,0.06,2.5751,406168.42,96419.859
600715.SH,20250421,2.34,2.36,2.3,2.33,2.34,-0.01,-0.4274,266487.0,62123.166
600715.SH,20250418,2.27,2.34,2.24,2.34,2.28,0.06,2.6316,505098.4,115247.767
600715.SH,20250417,2.18,2.28,2.18,2.28,2.17,0.11,5.0691,469232.42,105955.405
600715.SH,20250416,2.17,2.21,2.15,2.17,2.18,-0.01,-0.4587,202061.0,43889.336
600715.SH,20250415,2.11,2.21,2.11,2.18,2.12,0.06,2.8302,304977.68,66029.578
600715.SH,20250414,2.12,2.13,2.09,2.12,2.08,0.04,1.9231,205223.0,43421.241
600715.SH,20250411,2.08,2.13,2.06,2.08,2.05,0.03,1.4634,345110.0,72043.395
600715.SH,20250410,2.05,2.05,2.04,2.05,1.95,0.1,5.1282,81878.0,16784.722
600715.SH,20250409,1.9,1.97,1.84,1.95,1.94,0.01,0.5155,332795.0,63242.116
600715.SH,20250408,1.98,2.01,1.94,1.94,2.04,-0.1,-4.902,346227.0,67815.248
600715.SH,20250407,2.04,2.07,2.04,2.04,2.15,-0.11,-5.1163,215898.0,44091.18
600715.SH,20250403,2.13,2.15,2.11,2.15,2.12,0.03,1.4151,182982.3,39014.095
600715.SH,20250402,2.13,2.14,2.11,2.12,2.13,-0.01,-0.4695,96029.0,20369.444
600715.SH,20250401,2.13,2.15,2.12,2.13,2.13,0.0,0.0,127476.0,27204.348
600715.SH,20250331,2.14,2.16,2.13,2.13,2.15,-0.02,-0.9302,147939.0,31715.56
600715.SH,20250328,2.19,2.2,2.14,2.15,2.2,-0.05,-2.2727,195316.0,42123.52
600715.SH,20250327,2.2,2.23,2.18,2.2,2.2,0.0,0.0,203354.0,44722.011
600715.SH,20250326,2.18,2.25,2.18,2.2,2.15,0.05,2.3256,255241.0,56323.6
600715.SH,20250325,2.12,2.17,2.12,2.15,2.11,0.04,1.8957,215386.15,46229.014
600715.SH,20250324,2.19,2.23,2.09,2.11,2.18,-0.07,-3.211,337666.02,72778.19
600715.SH,20250321,2.14,2.21,2.14,2.18,2.14,0.04,1.8692,239273.02,51973.267
600715.SH,20250320,2.13,2.18,2.13,2.14,2.16,-0.02,-0.9259,218829.0,47066.511
600715.SH,20250319,2.11,2.23,2.11,2.16,2.12,0.04,1.8868,457926.2,100924.482
600715.SH,20250318,2.11,2.13,2.1,2.12,2.09,0.03,1.4354,177310.0,37516.403
600715.SH,20250317,2.08,2.11,2.08,2.09,2.09,0.0,0.0,118064.02,24736.627
600715.SH,20250314,2.07,2.1,2.05,2.09,2.06,0.03,1.4563,129983.02,26998.906
600715.SH,20250313,2.08,2.11,2.05,2.06,2.08,-0.02,-0.9615,161440.02,33544.691
600715.SH,20250312,2.07,2.09,2.06,2.08,2.08,0.0,0.0,146748.0,30450.482
600715.SH,20250311,2.08,2.11,2.05,2.08,2.11,-0.03,-1.4218,281284.0,58464.36
600715.SH,20250310,2.08,2.14,2.06,2.11,2.08,0.03,1.4423,239235.0,50502.319
600715.SH,20250307,2.03,2.09,2.02,2.08,2.03,0.05,2.4631,235525.0,48601.614
600715.SH,20250306,2.03,2.04,2.01,2.03,2.02,0.01,0.495,162618.0,32916.242
600715.SH,20250305,2.02,2.07,2.01,2.02,2.01,0.01,0.4975,195724.13,39834.798
600715.SH,20250304,1.99,2.03,1.99,2.01,2.01,0.0,0.0,170376.0,34312.472
600715.SH,20250303,2.05,2.05,1.98,2.01,2.06,-0.05,-2.4272,331242.58,66676.214
600715.SH,20250228,1.95,2.06,1.95,2.06,1.96,0.1,5.102,458096.58,93495.744
600715.SH,20250227,2.02,2.03,1.93,1.96,2.02,-0.06,-2.9703,355926.0,70149.404
600715.SH,20250226,2.06,2.06,2.01,2.02,2.06,-0.04,-1.9417,265944.2,54108.078
600715.SH,20250225,2.06,2.09,2.05,2.06,2.07,-0.01,-0.4831,168982.02,34939.178
600715.SH,20250224,2.05,2.1,2.03,2.07,2.06,0.01,0.4854,193576.0,40027.67
600715.SH,20250221,2.06,2.08,2.05,2.06,2.06,0.0,0.0,136727.0,28178.077
600715.SH,20250220,2.08,2.09,2.06,2.06,2.09,-0.03,-1.4354,153946.42,31820.22
600715.SH,20250219,2.09,2.1,2.07,2.09,2.1,-0.01,-0.4762,238425.0,49667.314
600715.SH,20250218,2.11,2.14,2.09,2.1,2.11,-0.01,-0.4739,236046.0,49941.122
600715.SH,20250217,2.12,2.14,2.1,2.11,2.1,0.01,0.4762,173888.0,36757.368
600715.SH,20250214,2.11,2.13,2.09,2.1,2.12,-0.02,-0.9434,163792.2,34466.139
600715.SH,20250213,2.13,2.16,2.12,2.12,2.14,-0.02,-0.9346,214101.0,45679.946
600715.SH,20250212,2.11,2.17,2.1,2.14,2.11,0.03,1.4218,265006.0,56718.777
600715.SH,20250211,2.1,2.15,2.09,2.11,2.11,0.0,0.0,225191.0,47659.266
600715.SH,20250210,2.1,2.13,2.09,2.11,2.11,0.0,0.0,193456.0,40934.802
600715.SH,20250207,2.09,2.13,2.08,2.11,2.09,0.02,0.9569,306164.0,64252.466
600715.SH,20250206,2.09,2.1,2.07,2.09,2.08,0.01,0.4808,146505.0,30584.741
600715.SH,20250205,2.12,2.12,2.06,2.08,2.09,-0.01,-0.4785,110725.0,23066.806
600715.SH,20250127,2.07,2.13,2.06,2.09,2.05,0.04,1.9512,179605.0,37659.317
600715.SH,20250124,2.04,2.08,2.03,2.05,2.03,0.02,0.9852,139630.02,28740.826
600715.SH,20250123,2.07,2.07,2.03,2.03,2.05,-0.02,-0.9756,153115.0,31424.982
600715.SH,20250122,2.07,2.08,2.04,2.05,2.07,-0.02,-0.9662,158407.0,32601.037
600715.SH,20250121,2.09,2.12,2.05,2.07,2.08,-0.01,-0.4808,189062.0,39336.862
600715.SH,20250120,2.16,2.17,2.06,2.08,2.17,-0.09,-4.1475,332116.02,69781.892
600715.SH,20250117,2.15,2.17,2.14,2.17,2.16,0.01,0.463,87670.0,18909.371
600715.SH,20250116,2.16,2.18,2.15,2.16,2.16,0.0,0.0,142388.0,30742.278
600715.SH,20250115,2.13,2.17,2.13,2.16,2.14,0.02,0.9346,174456.0,37479.78
600715.SH,20250114,2.09,2.16,2.09,2.14,2.09,0.05,2.3923,201625.0,42891.225
600715.SH,20250113,2.08,2.11,2.04,2.09,2.09,0.0,0.0,157744.0,32788.323
600715.SH,20250110,2.11,2.14,2.09,2.09,2.11,-0.02,-0.9479,115556.0,24347.843
600715.SH,20250109,2.08,2.15,2.08,2.11,2.09,0.02,0.9569,146127.0,30893.025
600715.SH,20250108,2.09,2.11,2.04,2.09,2.08,0.01,0.4808,180888.02,37652.281
600715.SH,20250107,2.02,2.12,2.02,2.08,2.06,0.02,0.9709,172467.0,35801.098
600715.SH,20250106,2.13,2.14,2.06,2.06,2.12,-0.06,-2.8302,202640.0,42521.576
600715.SH,20250103,2.17,2.19,2.11,2.12,2.18,-0.06,-2.7523,234846.0,50183.728
600715.SH,20250102,2.23,2.27,2.16,2.18,2.25,-0.07,-3.1111,259466.22,57465.299
600715.SH,20241231,2.26,2.3,2.23,2.25,2.3,-0.05,-2.1739,252661.0,57081.087
600715.SH,20241230,2.19,2.31,2.15,2.3,2.2,0.1,4.5455,375802.0,84256.844
600715.SH,20241227,2.21,2.23,2.17,2.2,2.2,0.0,0.0,256586.0,56330.395
600715.SH,20241226,2.19,2.23,2.16,2.2,2.2,0.0,0.0,213654.0,46992.071
600715.SH,20241225,2.27,2.28,2.19,2.2,2.3,-0.1,-4.3478,387163.0,86249.293
600715.SH,20241224,2.26,2.3,2.26,2.3,2.19,0.11,5.0228,449464.65,102798.355
600715.SH,20241223,2.29,2.3,2.18,2.19,2.28,-0.09,-3.9474,329008.0,73341.48
600715.SH,20241220,2.4,2.45,2.28,2.28,2.38,-0.1,-4.2017,453218.99,106177.668
600715.SH,20241219,2.45,2.48,2.37,2.38,2.46,-0.08,-3.252,585868.55,141411.838
600715.SH,20241218,2.46,2.46,2.37,2.46,2.34,0.12,5.1282,491102.0,120588.427
600715.SH,20241217,2.34,2.34,2.34,2.34,2.23,0.11,4.9327,3958.0,926.172
600715.SH,20241216,2.23,2.23,2.23,2.23,2.12,0.11,5.1887,9871.0,2201.233
600715.SH,20241212,2.49,2.54,2.4,2.45,2.44,0.01,0.4098,773037.81,190380.562
600715.SH,20241211,2.33,2.44,2.32,2.44,2.32,0.12,5.1724,341841.0,82115.909
600715.SH,20241210,2.41,2.43,2.27,2.32,2.39,-0.07,-2.9289,428366.0,100290.95
600715.SH,20241209,2.34,2.4,2.32,2.39,2.35,0.04,1.7021,295205.0,69756.677
600715.SH,20241206,2.33,2.35,2.27,2.35,2.25,0.1,4.4444,422346.0,97965.566
600715.SH,20241205,2.21,2.26,2.21,2.25,2.22,0.03,1.3514,169929.0,38091.644
600715.SH,20241204,2.24,2.28,2.21,2.22,2.25,-0.03,-1.3333,196436.0,44147.593
600715.SH,20241203,2.3,2.3,2.24,2.25,2.28,-0.03,-1.3158,193921.02,43734.102
600715.SH,20241202,2.19,2.3,2.18,2.28,2.2,0.08,3.6364,279582.02,62961.304
600715.SH,20241129,2.21,2.21,2.15,2.2,2.21,-0.01,-0.4525,216451.0,47317.26
600715.SH,20241128,2.18,2.26,2.16,2.21,2.18,0.03,1.3761,238022.02,52537.58
600715.SH,20241127,2.27,2.28,2.16,2.18,2.27,-0.09,-3.9648,395895.44,85996.875
600715.SH,20241126,2.3,2.35,2.24,2.27,2.24,0.03,1.3393,309750.05,70769.822
600715.SH,20241125,2.31,2.38,2.23,2.24,2.34,-0.1,-4.2735,338902.4,76726.31
600715.SH,20241122,2.41,2.44,2.32,2.34,2.43,-0.09,-3.7037,354745.51,83853.623
600715.SH,20241121,2.33,2.46,2.31,2.43,2.34,0.09,3.8462,341964.22,82485.345
600715.SH,20241120,2.24,2.38,2.24,2.34,2.33,0.01,0.4292,397539.02,91928.829
600715.SH,20241119,2.33,2.34,2.24,2.33,2.34,-0.01,-0.4274,361781.02,82530.484
600715.SH,20241118,2.41,2.5,2.34,2.34,2.46,-0.12,-4.878,409071.0,97159.741
600715.SH,20241115,2.52,2.54,2.46,2.46,2.59,-0.13,-5.0193,618431.02,154002.08
600715.SH,20241114,2.43,2.59,2.41,2.59,2.47,0.12,4.8583,734453.09,185787.72
600715.SH,20241113,2.45,2.54,2.4,2.47,2.42,0.05,2.0661,754984.09,187269.925
600715.SH,20241112,2.32,2.42,2.32,2.42,2.3,0.12,5.2174,533963.98,128067.16
600715.SH,20241111,2.17,2.3,2.17,2.3,2.2,0.1,4.5455,549475.2,124041.585
600715.SH,20241108,2.27,2.28,2.19,2.2,2.3,-0.1,-4.3478,685712.64,152822.647
600715.SH,20241107,2.31,2.36,2.25,2.3,2.29,0.01,0.4367,867134.64,199743.108
600715.SH,20241106,2.3,2.37,2.24,2.29,2.32,-0.03,-1.2931,549362.0,126339.707
600715.SH,20241105,2.27,2.38,2.25,2.32,2.27,0.05,2.2026,658670.42,153602.521
600715.SH,20241104,2.26,2.27,2.17,2.27,2.16,0.11,5.0926,715573.42,160035.363
600715.SH,20241101,2.06,2.16,2.05,2.16,2.06,0.1,4.8544,510543.22,108303.042
600715.SH,20241031,2.0,2.1,1.99,2.06,2.0,0.06,3.0,546194.0,112042.002
600715.SH,20241030,1.95,2.02,1.94,2.0,1.96,0.04,2.0408,401164.0,79364.292
600715.SH,20241029,2.0,2.01,1.96,1.96,2.01,-0.05,-2.4876,402018.62,79466.879
600715.SH,20241028,2.0,2.03,1.98,2.01,1.99,0.02,1.005,404295.0,81110.062
600715.SH,20241025,1.98,2.0,1.95,1.99,1.97,0.02,1.0152,289452.0,57340.571
600715.SH,20241024,1.93,2.02,1.93,1.97,1.96,0.01,0.5102,376730.0,74937.301
600715.SH,20241023,1.99,1.99,1.91,1.96,2.0,-0.04,-2.0,441660.0,86357.126
600715.SH,20241022,2.09,2.09,1.99,2.0,1.99,0.01,0.5025,729458.0,149332.593
600715.SH,20241021,1.97,1.99,1.91,1.99,1.95,0.04,2.0513,296781.0,57656.798
600715.SH,20241018,1.94,1.97,1.92,1.95,1.94,0.01,0.5155,212011.0,41336.866
600715.SH,20241017,1.99,2.0,1.94,1.94,2.0,-0.06,-3.0,244783.0,48032.407
600715.SH,20241016,1.98,2.03,1.97,2.0,1.99,0.01,0.5025,286060.0,57192.691
600715.SH,20241015,1.9,2.0,1.87,1.99,1.91,0.08,4.1885,370325.13,71608.17
600715.SH,20241014,1.87,1.91,1.85,1.91,1.82,0.09,4.9451,424743.0,80247.707
600715.SH,20241011,1.75,1.88,1.75,1.82,1.79,0.03,1.676,345216.0,63424.406
600715.SH,20241010,1.85,1.87,1.79,1.79,1.88,-0.09,-4.7872,454864.56,81873.28
600715.SH,20241009,1.94,1.95,1.88,1.88,1.98,-0.1,-5.0505,344482.0,65109.674
600715.SH,20241008,2.15,2.16,1.97,1.98,2.07,-0.09,-4.3478,945442.0,191872.576
600715.SH,20240930,2.05,2.14,1.95,2.07,2.05,0.02,0.9756,1066362.65,213062.093
600715.SH,20240927,2.09,2.11,2.02,2.05,2.05,0.0,0.0,368373.0,75781.935
600715.SH,20240926,1.97,2.05,1.94,2.05,1.95,0.1,5.1282,287409.0,57987.094
600715.SH,20240925,1.99,2.0,1.93,1.95,1.92,0.03,1.5625,363883.98,71563.331
600715.SH,20240924,1.92,1.92,1.9,1.92,1.83,0.09,4.918,169413.0,32515.416
600715.SH,20240923,1.85,1.86,1.82,1.83,1.85,-0.02,-1.0811,125305.98,22990.105
600715.SH,20240920,1.85,1.89,1.84,1.85,1.87,-0.02,-1.0695,136663.0,25429.398
600715.SH,20240919,1.89,1.89,1.83,1.87,1.93,-0.06,-3.1088,268929.02,50053.061
600715.SH,20240918,1.95,1.95,1.9,1.93,1.88,0.05,2.6596,254054.02,49021.505
600715.SH,20240913,1.88,1.92,1.87,1.88,1.89,-0.01,-0.5291,181124.04,34217.578
600715.SH,20240912,1.89,1.96,1.88,1.89,1.92,-0.03,-1.5625,244145.0,46739.011
600715.SH,20240911,1.91,2.02,1.89,1.92,1.94,-0.02,-1.0309,456530.98,89085.787
600715.SH,20240910,1.9,1.94,1.89,1.94,1.85,0.09,4.8649,411835.04,79279.811
600715.SH,20240909,1.89,1.91,1.82,1.85,1.92,-0.07,-3.6458,331494.0,61265.677
600715.SH,20240906,1.94,1.98,1.91,1.92,1.89,0.03,1.5873,416124.0,81195.339
600715.SH,20240905,1.79,1.89,1.79,1.89,1.8,0.09,5.0,319855.12,59572.682
600715.SH,20240904,1.84,1.86,1.78,1.8,1.84,-0.04,-2.1739,240523.14,43621.675
600715.SH,20240903,1.77,1.84,1.77,1.84,1.78,0.06,3.3708,205764.0,37479.734
600715.SH,20240902,1.73,1.81,1.73,1.78,1.74,0.04,2.2989,193319.02,34397.325
600715.SH,20240830,1.73,1.77,1.73,1.74,1.74,0.0,0.0,166363.02,29087.472
600715.SH,20240829,1.72,1.76,1.71,1.74,1.74,0.0,0.0,88000.02,15255.547
600715.SH,20240828,1.7,1.78,1.7,1.74,1.71,0.03,1.7544,163973.02,28653.646
600715.SH,20240827,1.68,1.73,1.68,1.71,1.68,0.03,1.7857,115661.0,19761.616
600715.SH,20240826,1.71,1.71,1.66,1.68,1.72,-0.04,-2.3256,122631.0,20652.349
600715.SH,20240823,1.69,1.74,1.66,1.72,1.69,0.03,1.7751,177075.0,30045.392
600715.SH,20240822,1.69,1.73,1.68,1.69,1.69,0.0,0.0,153119.0,26127.3
600715.SH,20240821,1.72,1.73,1.66,1.69,1.71,-0.02,-1.1696,152997.0,25833.139
600715.SH,20240820,1.72,1.78,1.67,1.71,1.74,-0.03,-1.7241,201014.0,34523.803
600715.SH,20240819,1.81,1.85,1.73,1.74,1.82,-0.08,-4.3956,260821.0,46334.702
600715.SH,20240816,1.85,1.89,1.81,1.82,1.85,-0.03,-1.6216,178298.0,32802.882
600715.SH,20240815,1.78,1.86,1.75,1.85,1.79,0.06,3.352,228150.0,41417.777
600715.SH,20240814,1.8,1.88,1.75,1.79,1.8,-0.01,-0.5556,332886.0,60340.472
600715.SH,20240813,1.69,1.8,1.69,1.8,1.71,0.09,5.2632,341428.0,60922.5
600715.SH,20240812,1.73,1.74,1.67,1.71,1.74,-0.03,-1.7241,287916.0,48991.416
600715.SH,20240809,1.65,1.74,1.64,1.74,1.66,0.08,4.8193,374379.0,64555.024
600715.SH,20240808,1.6,1.67,1.58,1.66,1.59,0.07,4.4025,306192.02,50387.042
600715.SH,20240807,1.56,1.62,1.56,1.59,1.56,0.03,1.9231,164500.29,26179.417
600715.SH,20240806,1.55,1.58,1.53,1.56,1.55,0.01,0.6452,144674.0,22514.93
600715.SH,20240805,1.57,1.63,1.55,1.55,1.61,-0.06,-3.7267,320052.0,50521.492
600715.SH,20240802,1.55,1.62,1.55,1.61,1.54,0.07,4.5455,358652.29,57709.277
600715.SH,20240801,1.53,1.56,1.52,1.54,1.54,0.0,0.0,141016.0,21738.727
600715.SH,20240731,1.51,1.54,1.51,1.54,1.52,0.02,1.3158,119573.0,18269.045
600715.SH,20240730,1.52,1.53,1.5,1.52,1.53,-0.01,-0.6536,102669.0,15559.487
600715.SH,20240729,1.55,1.56,1.51,1.53,1.56,-0.03,-1.9231,158350.0,24141.591
600715.SH,20240726,1.51,1.57,1.51,1.56,1.52,0.04,2.6316,171857.0,26439.995
600715.SH,20240725,1.48,1.55,1.47,1.52,1.5,0.02,1.3333,141639.0,21503.029
600715.SH,20240724,1.56,1.57,1.5,1.5,1.58,-0.08,-5.0633,248268.29,37919.801
600715.SH,20240723,1.5,1.59,1.5,1.58,1.51,0.07,4.6358,376882.0,59360.096
600715.SH,20240722,1.47,1.54,1.45,1.51,1.48,0.03,2.027,225261.0,33926.764
600715.SH,20240719,1.43,1.5,1.43,1.48,1.44,0.04,2.7778,197274.4,29164.287
600715.SH,20240718,1.43,1.45,1.4,1.44,1.44,0.0,0.0,137972.75,19616.902
600715.SH,20240717,1.46,1.47,1.42,1.44,1.46,-0.02,-1.3699,156278.75,22611.423
600715.SH,20240716,1.44,1.48,1.43,1.46,1.45,0.01,0.6897,136110.75,19876.337
600715.SH,20240715,1.49,1.5,1.44,1.45,1.49,-0.04,-2.6846,191956.75,28056.705
600715.SH,20240712,1.41,1.49,1.4,1.49,1.42,0.07,4.9296,302100.47,43821.425
600715.SH,20240711,1.43,1.44,1.39,1.42,1.41,0.01,0.7092,126319.2,17879.423
600715.SH,20240710,1.36,1.45,1.36,1.41,1.39,0.02,1.4388,163757.0,23091.528
600715.SH,20240709,1.41,1.43,1.37,1.39,1.43,-0.04,-2.7972,182004.0,25410.994
600715.SH,20240708,1.45,1.48,1.43,1.43,1.5,-0.07,-4.6667,196944.27,28414.272
600715.SH,20240705,1.5,1.51,1.47,1.5,1.47,0.03,2.0408,116152.0,17348.279
600715.SH,20240704,1.54,1.55,1.47,1.47,1.55,-0.08,-5.1613,234314.0,35061.872
600715.SH,20240703,1.53,1.57,1.51,1.55,1.53,0.02,1.3072,168015.0,25986.368
600715.SH,20240702,1.51,1.56,1.5,1.53,1.52,0.01,0.6579,155109.55,23742.321
600715.SH,20240701,1.49,1.54,1.47,1.52,1.49,0.03,2.0134,159814.2,23931.331
600715.SH,20240628,1.5,1.53,1.46,1.49,1.52,-0.03,-1.9737,222496.4,33279.152
600715.SH,20240627,1.48,1.52,1.45,1.52,1.45,0.07,4.8276,298934.2,44815.225
600715.SH,20240626,1.4,1.49,1.39,1.45,1.46,-0.01,-0.6849,346932.2,49168.588
600715.SH,20240625,1.53,1.56,1.46,1.46,1.53,-0.07,-4.5752,230427.0,34773.094
600715.SH,20240624,1.57,1.58,1.53,1.53,1.61,-0.08,-4.9689,241341.0,37438.163
600715.SH,20240621,1.66,1.68,1.61,1.61,1.67,-0.06,-3.5928,214034.39,35072.403
600715.SH,20240620,1.73,1.75,1.66,1.67,1.75,-0.08,-4.5714,290615.0,49473.184
600715.SH,20240619,1.69,1.77,1.67,1.75,1.69,0.06,3.5503,329329.2,56743.761
600715.SH,20240618,1.68,1.71,1.68,1.69,1.68,0.01,0.5952,131832.0,22240.741
600715.SH,20240617,1.7,1.73,1.67,1.68,1.71,-0.03,-1.7544,187569.0,31883.041
600715.SH,20240614,1.67,1.72,1.67,1.71,1.69,0.02,1.1834,226124.0,38396.508
600715.SH,20240613,1.7,1.73,1.63,1.69,1.69,0.0,0.0,296457.02,49807.624
600715.SH,20240612,1.62,1.69,1.6,1.69,1.61,0.08,4.9689,346542.02,58016.376
600715.SH,20240611,1.56,1.63,1.52,1.61,1.58,0.03,1.8987,272720.0,42854.378
600715.SH,20240607,1.63,1.65,1.53,1.58,1.6,-0.02,-1.25,334164.0,52826.42
600715.SH,20240606,1.65,1.68,1.6,1.6,1.68,-0.08,-4.7619,349966.0,56593.557
600715.SH,20240605,1.66,1.72,1.65,1.68,1.68,0.0,0.0,251222.73,42358.952
600715.SH,20240604,1.68,1.71,1.65,1.68,1.69,-0.01,-0.5917,202431.7,34040.755
600715.SH,20240603,1.75,1.75,1.69,1.69,1.78,-0.09,-5.0562,353375.0,60346.272
600715.SH,20240531,1.76,1.81,1.7,1.78,1.72,0.06,3.4884,369954.07,65038.784
600715.SH,20240530,1.71,1.75,1.63,1.72,1.7,0.02,1.1765,342136.0,57893.319
600715.SH,20240529,1.76,1.8,1.7,1.7,1.79,-0.09,-5.0279,445371.67,77150.262
600715.SH,20240528,1.83,1.86,1.76,1.79,1.81,-0.02,-1.105,300635.0,54285.169
600715.SH,20240527,1.86,1.88,1.78,1.81,1.86,-0.05,-2.6882,320682.0,58186.309
600715.SH,20240524,1.84,1.92,1.81,1.86,1.86,0.0,0.0,325620.84,60795.147
600715.SH,20240523,1.91,1.92,1.85,1.86,1.93,-0.07,-3.6269,550869.0,103354.0
600715.SH,20240522,1.82,1.93,1.82,1.93,1.84,0.09,4.8913,772024.06,147071.714
600715.SH,20240521,1.85,1.88,1.77,1.84,1.86,-0.02,-1.0753,832657.0,150163.93
600715.SH,20240520,1.9,1.94,1.82,1.86,1.85,0.01,0.5405,1230461.03,234507.609
600715.SH,20240517,1.85,1.85,1.85,1.85,1.76,0.09,5.1136,71794.0,13281.89
600715.SH,20240516,1.75,1.76,1.71,1.76,1.68,0.08,4.7619,674618.43,118042.226
600715.SH,20240515,1.68,1.68,1.68,1.68,1.6,0.08,5.0,358878.4,60291.571
600715.SH,20240514,1.6,1.6,1.6,1.6,1.52,0.08,5.2632,107538.4,17206.144
600715.SH,20240513,1.54,1.56,1.52,1.52,1.6,-0.08,-5.0,727195.99,110842.689
600715.SH,20240510,1.6,1.65,1.6,1.6,1.68,-0.08,-4.7619,1031955.38,165853.688
600715.SH,20240509,1.7,1.73,1.65,1.68,1.73,-0.05,-2.8902,780214.57,131412.617
600715.SH,20240508,1.67,1.76,1.63,1.73,1.68,0.05,2.9762,966426.36,166562.017
600715.SH,20240507,1.7,1.77,1.62,1.68,1.71,-0.03,-1.7544,1560376.57,262777.761
600715.SH,20240506,1.55,1.71,1.55,1.71,1.63,0.08,4.908,1386600.93,216717.883
600715.SH,20240430,1.63,1.63,1.63,1.63,1.72,-0.09,-5.2326,32186.0,5246.318
600715.SH,20240429,1.72,1.72,1.72,1.72,1.81,-0.09,-4.9724,21754.0,3741.688
600715.SH,20240425,1.86,1.87,1.77,1.81,1.89,-0.08,-4.2328,999416.12,181743.284
600715.SH,20240424,1.85,1.96,1.81,1.89,1.87,0.02,1.0695,845632.0,159278.227
600715.SH,20240423,1.92,1.99,1.86,1.87,1.95,-0.08,-4.1026,942434.99,180095.805
600715.SH,20240422,2.1,2.12,1.92,1.95,2.13,-0.18,-8.4507,1186969.0,237173.984
600715.SH,20240419,2.19,2.23,2.12,2.13,2.22,-0.09,-4.0541,704614.34,152105.953
600715.SH,20240418,2.22,2.31,2.03,2.22,2.21,0.01,0.4525,1109981.13,241884.828
600715.SH,20240417,2.08,2.27,2.08,2.21,2.11,0.1,4.7393,983263.82,217261.702
600715.SH,20240416,2.28,2.3,2.11,2.11,2.34,-0.23,-9.8291,1097436.57,235424.567
600715.SH,20240415,2.3,2.45,2.23,2.34,2.32,0.02,0.8621,1214346.98,284818.184
600715.SH,20240412,2.46,2.52,2.31,2.32,2.46,-0.14,-5.6911,1566586.0,373798.353
600715.SH,20240411,2.14,2.46,2.14,2.46,2.24,0.22,9.8214,1644584.98,394260.93
600715.SH,20240410,2.37,2.45,2.24,2.24,2.49,-0.25,-10.0402,1641126.0,379165.532
600715.SH,20240409,2.54,2.6,2.46,2.49,2.58,-0.09,-3.4884,878488.44,220582.903
600715.SH,20240408,2.61,2.72,2.5,2.58,2.69,-0.11,-4.0892,1275662.9,329523.07
600715.SH,20240403,2.81,2.88,2.64,2.69,2.92,-0.23,-7.8767,1386019.12,380272.911
600715.SH,20240402,3.06,3.06,2.92,2.92,3.02,-0.1,-3.3113,934330.0,276371.712
600715.SH,20240401,2.93,3.1,2.91,3.02,3.0,0.02,0.6667,1263002.44,378090.027
600715.SH,20240329,3.06,3.14,2.97,3.0,3.15,-0.15,-4.7619,1329416.0,405218.825
600715.SH,20240328,3.1,3.25,2.92,3.15,3.01,0.14,4.6512,2382156.34,730113.575
600715.SH,20240327,2.74,3.01,2.71,3.01,2.74,0.27,9.854,1859700.82,540247.77
600715.SH,20240326,2.82,2.94,2.68,2.74,2.88,-0.14,-4.8611,1343041.0,372182.418
600715.SH,20240325,3.01,3.15,2.87,2.88,3.1,-0.22,-7.0968,1604419.0,482499.722
600715.SH,20240322,2.98,3.25,2.82,3.1,3.0,0.1,3.3333,2709765.44,821940.49
600715.SH,20240321,2.79,3.02,2.72,3.0,2.79,0.21,7.5269,2476827.44,717805.307
600715.SH,20240320,2.74,2.83,2.65,2.79,2.62,0.17,6.4885,2369992.1,652118.151
600715.SH,20240319,2.75,2.85,2.6,2.62,2.59,0.03,1.1583,2760956.89,753558.834
600715.SH,20240318,2.38,2.59,2.37,2.59,2.35,0.24,10.2128,1570147.77,390580.973
600715.SH,20240315,2.41,2.43,2.32,2.35,2.42,-0.07,-2.8926,1044189.38,245893.449
600715.SH,20240314,2.46,2.56,2.35,2.42,2.52,-0.1,-3.9683,1592006.0,389606.521
600715.SH,20240313,2.47,2.6,2.43,2.52,2.53,-0.01,-0.3953,1811216.91,457031.45
600715.SH,20240312,2.61,2.78,2.52,2.53,2.71,-0.18,-6.6421,2253757.02,592123.953
600715.SH,20240311,2.31,2.78,2.3,2.71,2.55,0.16,6.2745,3343165.86,815055.99
600715.SH,20240308,2.67,2.94,2.55,2.55,2.83,-0.28,-9.894,2831340.87,748831.052
600715.SH,20240307,2.58,2.83,2.58,2.83,2.57,0.26,10.1167,3680975.64,1013920.784
600715.SH,20240306,2.35,2.57,2.27,2.57,2.34,0.23,9.8291,3174954.99,793481.867
600715.SH,20240305,2.34,2.34,2.13,2.34,2.13,0.21,9.8592,3006430.84,683066.167
600715.SH,20240304,2.13,2.13,2.13,2.13,1.94,0.19,9.7938,195015.0,41538.195
600715.SH,20240301,1.94,1.94,1.94,1.94,1.76,0.18,10.2273,693660.81,134570.197
600715.SH,20240229,1.6,1.8,1.6,1.76,1.75,0.01,0.5714,1638846.76,283197.566
600715.SH,20240228,1.9,1.98,1.75,1.75,1.94,-0.19,-9.7938,2245480.69,418971.465
600715.SH,20240227,2.0,2.03,1.8,1.94,2.0,-0.06,-3.0,2308373.68,446480.39
600715.SH,20240226,1.98,2.0,1.83,2.0,1.82,0.18,9.8901,2674002.78,522712.318
600715.SH,20240223,1.7,1.82,1.63,1.82,1.65,0.17,10.303,1871408.57,330642.028
600715.SH,20240222,1.48,1.65,1.43,1.65,1.5,0.15,10.0,1997506.05,304833.969
600715.SH,20240221,1.36,1.54,1.35,1.5,1.4,0.1,7.1429,1920702.01,279349.633
600715.SH,20240220,1.31,1.48,1.28,1.4,1.36,0.04,2.9412,1762893.0,245467.357
600715.SH,20240219,1.26,1.4,1.14,1.36,1.27,0.09,7.0866,2117492.46,274398.09
600715.SH,20240208,1.08,1.28,1.04,1.27,1.16,0.11,9.4828,2498022.89,279675.105
600715.SH,20240207,1.25,1.26,1.16,1.16,1.29,-0.13,-10.0775,1509004.17,177488.927
600715.SH,20240206,1.28,1.38,1.28,1.29,1.42,-0.13,-9.1549,1737243.0,225025.112
600715.SH,20240205,1.42,1.42,1.42,1.42,1.58,-0.16,-10.1266,71343.0,10130.706
600715.SH,20240202,1.58,1.58,1.58,1.58,1.76,-0.18,-10.2273,90318.0,14270.244
600715.SH,20240201,1.76,1.76,1.76,1.76,1.96,-0.2,-10.2041,88038.0,15494.688
600715.SH,20240131,1.96,1.96,1.96,1.96,2.18,-0.22,-10.0917,172783.0,33865.468
600715.SH,20240130,2.28,2.29,2.17,2.18,2.28,-0.1,-4.386,400688.0,88882.41
600715.SH,20240129,2.38,2.39,2.27,2.28,2.39,-0.11,-4.6025,487313.0,112704.939
600715.SH,20240126,2.35,2.44,2.32,2.39,2.37,0.02,0.8439,849275.0,202994.615
600715.SH,20240125,2.23,2.37,2.19,2.37,2.23,0.14,6.278,742074.0,171767.211
600715.SH,20240124,2.2,2.24,2.16,2.23,2.2,0.03,1.3636,490099.45,108064.605
600715.SH,20240123,2.17,2.22,2.14,2.2,2.17,0.03,1.3825,468987.0,102383.695
600715.SH,20240122,2.31,2.33,2.15,2.17,2.31,-0.14,-6.0606,519377.0,116253.569
600715.SH,20240119,2.3,2.37,2.29,2.31,2.31,0.0,0.0,568903.0,132875.645
600715.SH,20240118,2.33,2.35,2.24,2.31,2.34,-0.03,-1.2821,608922.0,139090.582
600715.SH,20240117,2.41,2.43,2.33,2.34,2.41,-0.07,-2.9046,464052.66,110166.888
600715.SH,20240116,2.45,2.46,2.37,2.41,2.45,-0.04,-1.6327,615715.0,147483.262
600715.SH,20240115,2.44,2.49,2.42,2.45,2.47,-0.02,-0.8097,826475.0,203415.476
600715.SH,20240112,2.51,2.54,2.44,2.47,2.55,-0.08,-3.1373,805544.0,199509.662
600715.SH,20240111,2.49,2.56,2.48,2.55,2.51,0.04,1.5936,629136.0,159469.263
600715.SH,20240110,2.57,2.57,2.49,2.51,2.59,-0.08,-3.0888,713047.02,179314.351
600715.SH,20240109,2.58,2.66,2.54,2.59,2.58,0.01,0.3876,727986.0,189006.066
600715.SH,20240108,2.58,2.61,2.53,2.58,2.57,0.01,0.3891,647004.0,166370.014
600715.SH,20240105,2.66,2.68,2.55,2.57,2.64,-0.07,-2.6515,811030.55,211586.944
600715.SH,20240104,2.67,2.67,2.6,2.64,2.67,-0.03,-1.1236,872172.45,229387.326
600715.SH,20240103,2.64,2.71,2.6,2.67,2.64,0.03,1.1364,1242950.0,331006.498
600715.SH,20240102,2.66,2.74,2.63,2.64,2.65,-0.01,-0.3774,1022823.52,273130.36
600715.SH,20231229,2.62,2.68,2.59,2.65,2.61,0.04,1.5326,1252475.97,331621.288
600715.SH,20231228,2.64,2.67,2.54,2.61,2.63,-0.02,-0.7605,1137498.14,298342.105
600715.SH,20231227,2.69,2.71,2.57,2.63,2.64,-0.01,-0.3788,1007419.0,264314.977
600715.SH,20231226,2.63,2.72,2.61,2.64,2.61,0.03,1.1494,1521184.23,405278.032
600715.SH,20231225,2.52,2.66,2.47,2.61,2.72,-0.11,-4.0441,2250423.29,578172.821
600715.SH,20231222,3.02,3.12,2.72,2.72,3.02,-0.3,-9.9338,2602035.75,763424.249
600715.SH,20231221,2.96,3.06,2.93,3.02,2.97,0.05,1.6835,1949688.52,583226.944
600715.SH,20231220,3.11,3.13,2.93,2.97,3.08,-0.11,-3.5714,2154209.71,647576.017
600715.SH,20231219,3.21,3.38,3.02,3.08,3.31,-0.23,-6.9486,2837798.71,897630.594
600715.SH,20231218,3.63,3.69,3.22,3.31,3.58,-0.27,-7.5419,3340334.92,1133330.662
600715.SH,20231215,3.54,3.75,3.35,3.58,3.67,-0.09,-2.4523,3921619.31,1401588.325
600715.SH,20231214,3.76,4.2,3.64,3.67,3.99,-0.32,-8.0201,5313801.45,2038066.256
600715.SH,20231213,3.66,3.99,3.63,3.99,3.63,0.36,9.9174,4002114.17,1559461.781
600715.SH,20231212,3.63,3.63,3.63,3.63,3.3,0.33,10.0,232474.0,84388.062
600715.SH,20231211,3.1,3.3,2.93,3.3,3.0,0.3,10.0,2033484.93,636177.982
600715.SH,20231208,3.0,3.0,2.92,3.0,2.73,0.27,9.8901,1505086.32,451269.998
600715.SH,20231207,2.73,2.73,2.73,2.73,2.48,0.25,10.0806,218534.0,59659.782
600715.SH,20231206,2.25,2.48,2.21,2.48,2.25,0.23,10.2222,1014614.4,243636.717
600715.SH,20231205,2.29,2.29,2.24,2.25,2.29,-0.04,-1.7467,268589.0,60786.709
600715.SH,20231204,2.26,2.32,2.25,2.29,2.29,0.0,0.0,396103.87,90690.164
600715.SH,20231201,2.14,2.3,2.14,2.29,2.15,0.14,6.5116,569065.89,127246.546
600715.SH,20231130,2.13,2.17,2.13,2.15,2.14,0.01,0.4673,167087.0,35864.433
600715.SH,20231129,2.18,2.18,2.13,2.14,2.18,-0.04,-1.8349,220574.0,47512.52
600715.SH,20231128,2.2,2.2,2.17,2.18,2.2,-0.02,-0.9091,206752.0,45087.39
600715.SH,20231127,2.24,2.24,2.19,2.2,2.25,-0.05,-2.2222,267883.13,59024.672
600715.SH,20231124,2.25,2.32,2.24,2.25,2.24,0.01,0.4464,354447.0,80475.381
600715.SH,20231123,2.28,2.29,2.23,2.24,2.29,-0.05,-2.1834,311785.57,70112.804
600715.SH,20231122,2.26,2.31,2.24,2.29,2.24,0.05,2.2321,483767.0,110421.523
600715.SH,20231121,2.24,2.28,2.23,2.24,2.23,0.01,0.4484,320409.0,72328.363
600715.SH,20231120,2.22,2.24,2.2,2.23,2.23,0.0,0.0,251608.02,55958.719
600715.SH,20231117,2.2,2.24,2.19,2.23,2.2,0.03,1.3636,327607.0,72729.763
600715.SH,20231116,2.18,2.22,2.16,2.2,2.18,0.02,0.9174,312067.02,68577.954
600715.SH,20231115,2.21,2.22,2.16,2.18,2.21,-0.03,-1.3575,286513.0,62494.973
600715.SH,20231114,2.19,2.21,2.17,2.21,2.2,0.01,0.4545,277296.0,60771.694
600715.SH,20231113,2.21,2.24,2.18,2.2,2.2,0.0,0.0,284636.0,62747.105
600715.SH,20231110,2.23,2.25,2.18,2.2,2.22,-0.02,-0.9009,378069.0,83258.455
600715.SH,20231109,2.29,2.3,2.2,2.22,2.3,-0.08,-3.4783,524024.0,116929.185
600715.SH,20231108,2.24,2.31,2.23,2.3,2.24,0.06,2.6786,662892.0,151222.924
600715.SH,20231107,2.22,2.3,2.21,2.24,2.24,0.0,0.0,565215.87,126713.26
600715.SH,20231106,2.14,2.3,2.13,2.24,2.14,0.1,4.6729,844704.47,188426.761
600715.SH,20231103,2.12,2.19,2.1,2.14,2.19,-0.05,-2.2831,933661.39,200194.455
600715.SH,20231102,2.12,2.32,2.11,2.19,2.11,0.08,3.7915,1588902.51,356662.331
600715.SH,20231101,2.07,2.14,2.06,2.11,2.07,0.04,1.9324,325880.39,68941.957
600715.SH,20231031,2.06,2.11,2.05,2.07,2.07,0.0,0.0,207567.38,43023.253
600715.SH,20231030,2.03,2.08,2.01,2.07,2.03,0.04,1.9704,232764.17,47628.535
600715.SH,20231027,2.02,2.04,2.0,2.03,2.02,0.01,0.495,148341.71,29955.983
600715.SH,20231026,2.05,2.05,2.0,2.02,2.05,-0.03,-1.4634,179097.01,36138.594
600715.SH,20231025,2.04,2.07,2.03,2.05,2.03,0.02,0.9852,242649.0,49710.547
600715.SH,20231024,2.0,2.04,1.99,2.03,1.99,0.04,2.0101,125298.52,25305.286
600715.SH,20231023,2.07,2.07,1.98,1.99,2.07,-0.08,-3.8647,205904.52,41482.984
600715.SH,20231020,2.11,2.12,2.05,2.07,2.12,-0.05,-2.3585,184228.0,38249.743
600715.SH,20231019,2.06,2.18,2.04,2.12,2.06,0.06,2.9126,410899.01,87119.645
600715.SH,20231018,2.07,2.08,2.04,2.06,2.07,-0.01,-0.4831,137686.67,28327.836
600715.SH,20231017,2.04,2.07,2.02,2.07,2.03,0.04,1.9704,148939.0,30553.995
600715.SH,20231016,2.04,2.04,2.01,2.03,2.04,-0.01,-0.4902,120980.0,24500.436
600715.SH,20231013,2.06,2.07,2.02,2.04,2.07,-0.03,-1.4493,155552.01,31775.767
600715.SH,20231012,2.09,2.1,2.06,2.07,2.09,-0.02,-0.9569,123307.0,25559.211
600715.SH,20231011,2.12,2.12,2.09,2.09,2.11,-0.02,-0.9479,127449.0,26775.31
600715.SH,20231010,2.11,2.12,2.1,2.11,2.1,0.01,0.4762,94689.0,19973.934
600715.SH,20231009,2.13,2.14,2.09,2.1,2.14,-0.04,-1.8692,170552.0,35936.145
600715.SH,20230928,2.12,2.14,2.11,2.14,2.12,0.02,0.9434,118792.67,25284.63
600715.SH,20230927,2.13,2.14,2.11,2.12,2.12,0.0,0.0,101644.13,21591.981
600715.SH,20230926,2.12,2.13,2.11,2.12,2.12,0.0,0.0,68186.0,14470.265
600715.SH,20230925,2.13,2.14,2.11,2.12,2.14,-0.02,-0.9346,111933.0,23756.55
600715.SH,20230922,2.1,2.14,2.1,2.14,2.11,0.03,1.4218,108165.0,23023.63
600715.SH,20230921,2.11,2.13,2.1,2.11,2.12,-0.01,-0.4717,92145.0,19476.689
600715.SH,20230920,2.14,2.15,2.12,2.12,2.14,-0.02,-0.9346,87542.0,18660.47
600715.SH,20230919,2.14,2.18,2.13,2.14,2.14,0.0,0.0,138755.0,29826.411
600715.SH,20230918,2.11,2.15,2.11,2.14,2.12,0.02,0.9434,141494.4,30184.084
600715.SH,20230915,2.11,2.13,2.1,2.12,2.11,0.01,0.4739,105448.02,22316.878
600715.SH,20230914,2.14,2.14,2.1,2.11,2.14,-0.03,-1.4019,169954.0,35921.313
600715.SH,20230913,2.15,2.16,2.13,2.14,2.15,-0.01,-0.4651,128630.0,27547.264
600715.SH,20230912,2.15,2.16,2.13,2.15,2.15,0.0,0.0,98469.0,21147.953
600715.SH,20230911,2.13,2.16,2.12,2.15,2.13,0.02,0.939,144225.19,30887.361
600715.SH,20230908,2.17,2.17,2.12,2.13,2.17,-0.04,-1.8433,235250.0,50238.326
600715.SH,20230907,2.19,2.22,2.17,2.17,2.19,-0.02,-0.9132,180528.0,39634.277
600715.SH,20230906,2.18,2.2,2.16,2.19,2.18,0.01,0.4587,103441.0,22570.066
600715.SH,20230905,2.2,2.2,2.18,2.18,2.22,-0.04,-1.8018,168507.0,36851.678
600715.SH,20230904,2.19,2.22,2.18,2.22,2.19,0.03,1.3699,121449.0,26793.317
600715.SH,20230901,2.19,2.2,2.17,2.19,2.19,0.0,0.0,133795.0,29195.704
600715.SH,20230831,2.21,2.22,2.17,2.19,2.22,-0.03,-1.3514,190783.0,41687.801
600715.SH,20230830,2.23,2.24,2.2,2.22,2.24,-0.02,-0.8929,200927.0,44632.03
600715.SH,20230829,2.2,2.24,2.19,2.24,2.21,0.03,1.3575,206898.0,46070.4
600715.SH,20230828,2.28,2.28,2.21,2.21,2.17,0.04,1.8433,274127.0,61233.098
600715.SH,20230825,2.22,2.23,2.16,2.17,2.24,-0.07,-3.125,280013.0,61323.018
600715.SH,20230824,2.19,2.26,2.18,2.24,2.18,0.06,2.7523,269510.0,59978.696
600715.SH,20230823,2.2,2.22,2.17,2.18,2.22,-0.04,-1.8018,173088.0,38001.541
600715.SH,20230822,2.2,2.22,2.16,2.22,2.2,0.02,0.9091,212629.0,46598.094
600715.SH,20230821,2.19,2.23,2.18,2.2,2.2,0.0,0.0,155864.0,34418.015
600715.SH,20230818,2.24,2.27,2.2,2.2,2.24,-0.04,-1.7857,215479.0,47967.25
600715.SH,20230817,2.23,2.25,2.2,2.24,2.23,0.01,0.4484,143354.0,31999.302
600715.SH,20230816,2.26,2.28,2.22,2.23,2.27,-0.04,-1.7621,203871.0,45736.919
600715.SH,20230815,2.32,2.33,2.25,2.27,2.33,-0.06,-2.5751,209917.0,47873.003
600715.SH,20230814,2.25,2.34,2.23,2.33,2.27,0.06,2.6432,271317.0,62147.484
600715.SH,20230811,2.32,2.34,2.26,2.27,2.31,-0.04,-1.7316,245715.0,56373.452
600715.SH,20230810,2.34,2.35,2.3,2.31,2.34,-0.03,-1.2821,292848.0,67870.043
600715.SH,20230809,2.39,2.44,2.33,2.34,2.41,-0.07,-2.9046,517986.0,123186.959
600715.SH,20230808,2.36,2.47,2.34,2.41,2.36,0.05,2.1186,768248.82,185806.616
600715.SH,20230807,2.33,2.38,2.33,2.36,2.33,0.03,1.2876,357617.0,84253.956
600715.SH,20230804,2.33,2.37,2.32,2.33,2.33,0.0,0.0,291274.68,68254.828
600715.SH,20230803,2.32,2.34,2.3,2.33,2.33,0.0,0.0,235956.0,54736.25
600715.SH,20230802,2.35,2.35,2.31,2.33,2.35,-0.02,-0.8511,258078.0,60042.202
600715.SH,20230801,2.38,2.38,2.34,2.35,2.39,-0.04,-1.6736,345214.5,81427.67
600715.SH,20230731,2.28,2.41,2.27,2.39,2.28,0.11,4.8246,713864.26,167903.306
600715.SH,20230728,2.25,2.28,2.23,2.28,2.27,0.01,0.4405,258318.0,58344.376
600715.SH,20230727,2.3,2.3,2.26,2.27,2.31,-0.04,-1.7316,337086.0,76861.288
600715.SH,20230726,2.29,2.36,2.25,2.31,2.29,0.02,0.8734,496198.0,114248.898
600715.SH,20230725,2.26,2.3,2.24,2.29,2.25,0.04,1.7778,431262.0,98041.851
600715.SH,20230724,2.25,2.32,2.23,2.25,2.26,-0.01,-0.4425,391545.0,88627.467
600715.SH,20230721,2.2,2.32,2.18,2.26,2.2,0.06,2.7273,644667.27,144814.59
600715.SH,20230720,2.19,2.23,2.17,2.2,2.19,0.01,0.4566,288276.01,63499.418
600715.SH,20230719,2.18,2.21,2.18,2.19,2.19,0.0,0.0,167079.14,36620.522
600715.SH,20230718,2.22,2.22,2.18,2.19,2.21,-0.02,-0.905,195847.0,42903.846
600715.SH,20230717,2.21,2.26,2.18,2.21,2.23,-0.02,-0.8969,231847.0,51415.785
600715.SH,20230714,2.22,2.24,2.21,2.23,2.22,0.01,0.4505,278278.0,61986.753
600715.SH,20230713,2.17,2.22,2.15,2.22,2.17,0.05,2.3041,344568.0,75438.435
600715.SH,20230712,2.21,2.24,2.16,2.17,2.22,-0.05,-2.2523,293499.0,64305.613
600715.SH,20230711,2.23,2.25,2.2,2.22,2.25,-0.03,-1.3333,295314.0,65551.313
600715.SH,20230710,2.18,2.27,2.17,2.25,2.17,0.08,3.6866,480802.0,107643.799
600715.SH,20230707,2.17,2.19,2.14,2.17,2.18,-0.01,-0.4587,241268.0,52228.728
600715.SH,20230706,2.2,2.22,2.18,2.18,2.2,-0.02,-0.9091,246669.0,54283.32
600715.SH,20230705,2.23,2.23,2.18,2.2,2.22,-0.02,-0.9009,251026.0,55410.484
600715.SH,20230704,2.23,2.25,2.21,2.22,2.24,-0.02,-0.8929,241063.0,53652.187
600715.SH,20230703,2.25,2.26,2.2,2.24,2.26,-0.02,-0.885,367224.0,81799.808
600715.SH,20230630,2.22,2.27,2.2,2.26,2.23,0.03,1.3453,346331.0,77777.919
600715.SH,20230629,2.2,2.32,2.19,2.23,2.22,0.01,0.4505,447321.13,100796.57
600715.SH,20230628,2.25,2.26,2.15,2.22,2.26,-0.04,-1.7699,418842.0,91746.735
600715.SH,20230627,2.2,2.3,2.19,2.26,2.2,0.06,2.7273,355866.0,80013.737
600715.SH,20230626,2.31,2.34,2.19,2.2,2.32,-0.12,-5.1724,397721.0,89153.707
600715.SH,20230621,2.41,2.43,2.31,2.32,2.42,-0.1,-4.1322,395469.68,93121.197
600715.SH,20230620,2.45,2.5,2.39,2.42,2.45,-0.03,-1.2245,321054.0,78610.634
600715.SH,20230619,2.5,2.51,2.43,2.45,2.5,-0.05,-2.0,303993.0,74718.487
600715.SH,20230616,2.49,2.55,2.42,2.5,2.49,0.01,0.4016,420114.0,105137.653
600715.SH,20230615,2.53,2.56,2.48,2.49,2.54,-0.05,-1.9685,304665.0,76461.194
600715.SH,20230614,2.53,2.58,2.5,2.54,2.53,0.01,0.3953,342005.0,87129.267
600715.SH,20230613,2.5,2.56,2.48,2.53,2.5,0.03,1.2,355879.0,90176.855
600715.SH,20230612,2.56,2.57,2.5,2.5,2.54,-0.04,-1.5748,416591.48,105001.48
600715.SH,20230609,2.54,2.57,2.49,2.54,2.52,0.02,0.7937,464417.0,117549.737
600715.SH,20230608,2.57,2.57,2.49,2.52,2.57,-0.05,-1.9455,595457.0,150148.471
600715.SH,20230607,2.47,2.62,2.44,2.57,2.46,0.11,4.4715,904228.13,231056.854
600715.SH,20230606,2.5,2.57,2.44,2.46,2.5,-0.04,-1.6,820200.0,205837.36
600715.SH,20230605,2.37,2.58,2.36,2.5,2.46,0.04,1.626,1150710.32,286991.059
600715.SH,20230602,2.37,2.59,2.35,2.46,2.43,0.03,1.2346,1629716.0,397605.075
600715.SH,20230601,2.19,2.43,2.17,2.43,2.21,0.22,9.9548,1219488.32,288561.642
600715.SH,20230531,2.18,2.24,2.17,2.21,2.19,0.02,0.9132,354971.0,78568.273
600715.SH,20230530,2.14,2.19,2.09,2.19,2.15,0.04,1.8605,396917.0,84966.697
600715.SH,20230529,2.17,2.19,2.12,2.15,2.17,-0.02,-0.9217,343804.0,74116.504
600715.SH,20230526,2.16,2.18,2.11,2.17,2.16,0.01,0.463,230505.0,49553.771
600715.SH,20230525,2.2,2.21,2.13,2.16,2.21,-0.05,-2.2624,359285.0,77564.267
600715.SH,20230524,2.19,2.23,2.17,2.21,2.19,0.02,0.9132,310370.0,68434.566
600715.SH,20230523,2.24,2.27,2.18,2.19,2.26,-0.07,-3.0973,336913.0,74744.817
600715.SH,20230522,2.31,2.32,2.22,2.26,2.32,-0.06,-2.5862,378883.0,85404.851
600715.SH,20230519,2.42,2.42,2.32,2.32,2.43,-0.11,-4.5267,452068.0,106280.31
600715.SH,20230518,2.41,2.43,2.37,2.43,2.42,0.01,0.4132,277633.0,67017.258
600715.SH,20230517,2.45,2.5,2.39,2.42,2.48,-0.06,-2.4194,476435.0,115863.164
600715.SH,20230516,2.64,2.71,2.47,2.48,2.66,-0.18,-6.7669,686091.0,175384.317
600715.SH,20230515,2.72,2.74,2.57,2.66,2.71,-0.05,-1.845,736467.26,194819.67
600715.SH,20230512,2.91,2.91,2.68,2.71,2.86,-0.15,-5.2448,1162410.83,320034.122
600715.SH,20230511,2.58,2.86,2.57,2.86,2.6,0.26,10.0,723184.2,200639.32
600715.SH,20230510,2.61,2.67,2.55,2.6,2.6,0.0,0.0,385663.0,100946.233
600715.SH,20230509,2.7,2.72,2.6,2.6,2.7,-0.1,-3.7037,412309.2,108969.565
600715.SH,20230508,2.68,2.74,2.6,2.7,2.67,0.03,1.1236,458258.0,122922.983
600715.SH,20230505,2.72,2.72,2.64,2.67,2.73,-0.06,-2.1978,411108.0,109854.377
600715.SH,20230504,2.58,2.76,2.56,2.73,2.62,0.11,4.1985,733074.0,197445.12
600715.SH,20230428,2.44,2.64,2.44,2.62,2.44,0.18,7.377,572512.1,147371.06
600715.SH,20230427,2.5,2.55,2.41,2.44,2.49,-0.05,-2.008,433275.0,107492.228
600715.SH,20230426,2.54,2.56,2.42,2.49,2.53,-0.04,-1.581,461894.0,114927.462
600715.SH,20230425,2.53,2.59,2.48,2.53,2.55,-0.02,-0.7843,430135.0,108953.026
600715.SH,20230424,2.48,2.6,2.46,2.55,2.54,0.01,0.3937,348548.0,88795.02
600715.SH,20230421,2.64,2.65,2.51,2.54,2.65,-0.11,-4.1509,405249.1,103889.488
600715.SH,20230420,2.66,2.66,2.58,2.65,2.69,-0.04,-1.487,417538.0,109370.554
600715.SH,20230419,2.53,2.73,2.51,2.69,2.53,0.16,6.3241,626900.0,166666.519
600715.SH,20230418,2.59,2.59,2.47,2.53,2.56,-0.03,-1.1719,308320.0,77557.006
600715.SH,20230417,2.64,2.64,2.52,2.56,2.64,-0.08,-3.0303,418461.0,107347.394
600715.SH,20230414,2.65,2.72,2.57,2.64,2.67,-0.03,-1.1236,454678.0,119993.227
600715.SH,20230413,2.67,2.75,2.65,2.67,2.69,-0.02,-0.7435,651146.0,175971.625
600715.SH,20230412,2.51,2.75,2.51,2.69,2.53,0.16,6.3241,850286.0,224719.708
600715.SH,20230411,2.42,2.56,2.4,2.53,2.42,0.11,4.5455,538532.84,134558.668
600715.SH,20230410,2.45,2.6,2.41,2.42,2.47,-0.05,-2.0243,506509.69,126387.379
600715.SH,20230407,2.43,2.5,2.37,2.47,2.4,0.07,2.9167,290366.03,70871.802
600715.SH,20230406,2.46,2.46,2.39,2.4,2.47,-0.07,-2.834,275220.0,66574.928
600715.SH,20230404,2.53,2.56,2.46,2.47,2.54,-0.07,-2.7559,273290.97,68327.639
600715.SH,20230403,2.5,2.54,2.46,2.54,2.51,0.03,1.1952,307089.0,76844.148
600715.SH,20230331,2.44,2.52,2.4,2.51,2.42,0.09,3.719,350715.2,86645.817
600715.SH,20230330,2.52,2.52,2.4,2.42,2.5,-0.08,-3.2,352232.0,86027.963
600715.SH,20230329,2.51,2.55,2.47,2.5,2.51,-0.01,-0.3984,404527.0,101401.468
600715.SH,20230328,2.6,2.6,2.5,2.51,2.57,-0.06,-2.3346,479479.2,121990.048
600715.SH,20230327,2.55,2.63,2.52,2.57,2.56,0.01,0.3906,718565.0,184427.388
600715.SH,20230324,2.51,2.66,2.49,2.56,2.48,0.08,3.2258,1003212.57,257032.241
600715.SH,20230323,2.52,2.56,2.45,2.48,2.56,-0.08,-3.125,1341611.01,334072.425
600715.SH,20230322,2.36,2.56,2.35,2.56,2.33,0.23,9.8712,1356709.94,337527.853
600715.SH,20230321,2.24,2.34,2.23,2.33,2.25,0.08,3.5556,349237.0,80006.887
600715.SH,20230320,2.24,2.28,2.22,2.25,2.21,0.04,1.81,250183.0,56388.133
600715.SH,20230317,2.19,2.23,2.18,2.21,2.17,0.04,1.8433,148427.0,32848.963
600715.SH,20230316,2.19,2.2,2.16,2.17,2.2,-0.03,-1.3636,185385.0,40357.04
600715.SH,20230315,2.22,2.24,2.18,2.2,2.2,0.0,0.0,147115.0,32489.641
600715.SH,20230314,2.27,2.27,2.18,2.2,2.25,-0.05,-2.2222,195665.35,43270.555
600715.SH,20230313,2.28,2.29,2.21,2.25,2.28,-0.03,-1.3158,255452.0,57084.832
600715.SH,20230310,2.29,2.32,2.26,2.28,2.3,-0.02,-0.8696,191164.0,43813.587
600715.SH,20230309,2.29,2.31,2.26,2.3,2.28,0.02,0.8772,141629.4,32393.006
600715.SH,20230308,2.24,2.3,2.23,2.28,2.24,0.04,1.7857,149912.0,33985.448
600715.SH,20230307,2.3,2.3,2.24,2.24,2.3,-0.06,-2.6087,189859.0,43042.615
600715.SH,20230306,2.32,2.35,2.29,2.3,2.31,-0.01,-0.4329,208753.0,48378.052
600715.SH,20230303,2.32,2.33,2.29,2.31,2.31,0.0,0.0,164913.35,38114.074
600715.SH,20230302,2.29,2.32,2.28,2.31,2.29,0.02,0.8734,193286.0,44557.897
600715.SH,20230301,2.27,2.3,2.25,2.29,2.26,0.03,1.3274,203430.0,46487.323
600715.SH,20230228,2.24,2.26,2.23,2.26,2.23,0.03,1.3453,151436.0,34015.088
600715.SH,20230227,2.27,2.28,2.22,2.23,2.27,-0.04,-1.7621,209941.12,47032.324
600715.SH,20230224,2.28,2.29,2.25,2.27,2.28,-0.01,-0.4386,171579.0,38919.007
600715.SH,20230223,2.34,2.35,2.27,2.28,2.34,-0.06,-2.5641,278614.0,64053.051
600715.SH,20230222,2.35,2.35,2.31,2.34,2.36,-0.02,-0.8475,230342.04,53586.302
600715.SH,20230221,2.39,2.4,2.33,2.36,2.39,-0.03,-1.2552,348951.0,82248.65
600715.SH,20230220,2.38,2.41,2.33,2.39,2.37,0.02,0.8439,351048.04,83198.863
600715.SH,20230217,2.4,2.5,2.36,2.37,2.43,-0.06,-2.4691,480653.0,115588.73
600715.SH,20230216,2.39,2.58,2.38,2.43,2.38,0.05,2.1008,836059.0,206899.552
600715.SH,20230215,2.34,2.39,2.31,2.38,2.35,0.03,1.2766,278480.58,65758.939
600715.SH,20230214,2.38,2.39,2.33,2.35,2.37,-0.02,-0.8439,217582.0,51215.56
600715.SH,20230213,2.39,2.4,2.34,2.37,2.38,-0.01,-0.4202,239032.0,56495.144
600715.SH,20230210,2.33,2.41,2.33,2.38,2.34,0.04,1.7094,368100.0,87880.397
600715.SH,20230209,2.32,2.35,2.3,2.34,2.34,0.0,0.0,238245.0,55288.082
600715.SH,20230208,2.37,2.38,2.32,2.34,2.35,-0.01,-0.4255,183528.0,42918.079
600715.SH,20230207,2.36,2.37,2.32,2.35,2.35,0.0,0.0,183696.0,43143.475
600715.SH,20230206,2.33,2.37,2.3,2.35,2.33,0.02,0.8584,196327.0,45914.88
600715.SH,20230203,2.32,2.35,2.29,2.33,2.33,0.0,0.0,177138.0,41156.648
600715.SH,20230202,2.32,2.37,2.3,2.33,2.31,0.02,0.8658,323117.0,75364.472
600715.SH,20230201,2.25,2.32,2.23,2.31,2.25,0.06,2.6667,294011.98,66877.154
600715.SH,20230131,2.24,2.26,2.22,2.25,2.27,-0.02,-0.8811,196549.0,44035.594
600715.SH,20230130,2.31,2.34,2.26,2.27,2.27,0.0,0.0,269480.92,61528.526
600715.SH,20230120,2.24,2.28,2.22,2.27,2.24,0.03,1.3393,196892.26,44332.458
600715.SH,20230119,2.2,2.24,2.19,2.24,2.23,0.01,0.4484,228185.22,50511.103
600715.SH,20230118,2.18,2.3,2.17,2.23,2.16,0.07,3.2407,392391.0,87864.313
600715.SH,20230117,2.21,2.22,2.15,2.16,2.22,-0.06,-2.7027,244134.0,53117.338
600715.SH,20230116,2.23,2.24,2.19,2.22,2.23,-0.01,-0.4484,220837.96,48913.922
600715.SH,20230113,2.23,2.24,2.2,2.23,2.22,0.01,0.4505,177499.0,39428.396
600715.SH,20230112,2.26,2.27,2.21,2.22,2.27,-0.05,-2.2026,225237.45,50364.958
600715.SH,20230111,2.31,2.33,2.25,2.27,2.33,-0.06,-2.5751,245917.0,56240.182
600715.SH,20230110,2.31,2.36,2.28,2.33,2.31,0.02,0.8658,257314.0,59505.845
600715.SH,20230109,2.31,2.35,2.3,2.31,2.31,0.0,0.0,236752.2,55042.157
600715.SH,20230106,2.43,2.43,2.31,2.31,2.41,-0.1,-4.1494,328537.0,77237.331
600715.SH,20230105,2.49,2.49,2.38,2.41,2.5,-0.09,-3.6,360519.0,87718.488
600715.SH,20230104,2.44,2.5,2.42,2.5,2.45,0.05,2.0408,382157.3,94409.53
600715.SH,20230103,2.42,2.46,2.4,2.45,2.42,0.03,1.2397,386797.0,94187.993
600715.SH,20221230,2.31,2.44,2.29,2.42,2.31,0.11,4.7619,608371.0,145100.864
600715.SH,20221229,2.31,2.38,2.3,2.31,2.33,-0.02,-0.8584,278081.02,65098.351
600715.SH,20221228,2.32,2.39,2.28,2.33,2.31,0.02,0.8658,305925.0,71514.395
600715.SH,20221227,2.37,2.38,2.28,2.31,2.37,-0.06,-2.5316,233313.0,53972.628
600715.SH,20221226,2.33,2.4,2.31,2.37,2.33,0.04,1.7167,261407.0,61756.567
600715.SH,20221223,2.29,2.36,2.26,2.33,2.27,0.06,2.6432,240933.0,55952.912
600715.SH,20221222,2.28,2.36,2.27,2.27,2.29,-0.02,-0.8734,195975.0,45213.767
600715.SH,20221221,2.27,2.32,2.24,2.29,2.25,0.04,1.7778,201625.28,46054.306
600715.SH,20221220,2.31,2.33,2.23,2.25,2.3,-0.05,-2.1739,199896.28,45394.31
600715.SH,20221219,2.36,2.38,2.28,2.3,2.38,-0.08,-3.3613,231143.0,53566.528
600715.SH,20221216,2.38,2.4,2.34,2.38,2.39,-0.01,-0.4184,221263.0,52386.514
600715.SH,20221215,2.43,2.44,2.37,2.39,2.44,-0.05,-2.0492,283315.0,67890.19
600715.SH,20221214,2.38,2.46,2.35,2.44,2.42,0.02,0.8264,430918.6,104301.791
600715.SH,20221213,2.3,2.54,2.28,2.42,2.31,0.11,4.7619,671616.0,162245.191
600715.SH,20221212,2.34,2.37,2.29,2.31,2.34,-0.03,-1.2821,240856.44,55921.549
600715.SH,20221209,2.42,2.42,2.34,2.34,2.4,-0.06,-2.5,245998.28,58087.444
600715.SH,20221208,2.41,2.42,2.36,2.4,2.4,0.0,0.0,229637.0,54627.217
600715.SH,20221207,2.37,2.42,2.32,2.4,2.36,0.04,1.6949,355619.0,84507.414
600715.SH,20221206,2.37,2.41,2.34,2.36,2.38,-0.02,-0.8403,254301.81,60320.447
600715.SH,20221205,2.4,2.43,2.36,2.38,2.38,0.0,0.0,265426.0,63170.285
600715.SH,20221202,2.3,2.39,2.3,2.38,2.31,0.07,3.0303,406521.0,96334.026
600715.SH,20221201,2.33,2.37,2.29,2.31,2.29,0.02,0.8734,292301.0,67906.668
600715.SH,20221130,2.32,2.33,2.28,2.29,2.31,-0.02,-0.8658,215493.0,49485.076
600715.SH,20221129,2.22,2.32,2.22,2.31,2.23,0.08,3.5874,363839.0,82953.233
600715.SH,20221128,2.17,2.24,2.14,2.23,2.19,0.04,1.8265,279697.0,61370.713
600715.SH,20221125,2.18,2.22,2.17,2.19,2.18,0.01,0.4587,186992.0,41014.438
600715.SH,20221124,2.21,2.21,2.16,2.18,2.2,-0.02,-0.9091,198003.81,43214.947
600715.SH,20221123,2.23,2.23,2.17,2.2,2.22,-0.02,-0.9009,221034.0,48445.734
600715.SH,20221122,2.25,2.28,2.2,2.22,2.23,-0.01,-0.4484,279050.41,62398.603
600715.SH,20221121,2.3,2.31,2.22,2.23,2.31,-0.08,-3.4632,329736.36,74346.427
600715.SH,20221118,2.35,2.4,2.3,2.31,2.33,-0.02,-0.8584,408092.0,96263.698
600715.SH,20221117,2.37,2.4,2.3,2.33,2.31,0.02,0.8658,338635.0,79091.073
600715.SH,20221116,2.29,2.37,2.28,2.31,2.28,0.03,1.3158,264142.0,61120.759
600715.SH,20221115,2.27,2.29,2.24,2.28,2.25,0.03,1.3333,160413.0,36389.941
600715.SH,20221114,2.25,2.28,2.24,2.25,2.25,0.0,0.0,196411.0,44374.832
600715.SH,20221111,2.3,2.33,2.24,2.25,2.27,-0.02,-0.8811,271478.0,61760.209
600715.SH,20221110,2.21,2.28,2.19,2.27,2.21,0.06,2.7149,271450.26,61214.081
600715.SH,20221109,2.24,2.26,2.21,2.21,2.24,-0.03,-1.3393,192823.0,42941.505
600715.SH,20221108,2.23,2.25,2.2,2.24,2.22,0.02,0.9009,221674.99,49396.311
600715.SH,20221107,2.19,2.23,2.16,2.22,2.18,0.04,1.8349,287069.99,63160.483
600715.SH,20221104,2.12,2.19,2.12,2.18,2.14,0.04,1.8692,233239.57,50550.315
600715.SH,20221103,2.14,2.17,2.12,2.14,2.18,-0.04,-1.8349,218383.0,46711.167
600715.SH,20221102,2.13,2.2,2.13,2.18,2.11,0.07,3.3175,312835.0,67914.523
600715.SH,20221101,2.06,2.11,2.03,2.11,2.05,0.06,2.9268,168676.41,34970.825
600715.SH,20221031,2.01,2.07,2.01,2.05,2.03,0.02,0.9852,120007.0,24480.985
600715.SH,20221028,2.13,2.13,2.01,2.03,2.12,-0.09,-4.2453,200200.28,41200.685
600715.SH,20221027,2.08,2.14,2.07,2.12,2.07,0.05,2.4155,190775.0,40318.092
600715.SH,20221026,2.04,2.1,2.03,2.07,2.04,0.03,1.4706,143370.0,29706.031
600715.SH,20221025,2.05,2.07,2.0,2.04,2.04,0.0,0.0,163470.0,33233.007
600715.SH,20221024,2.12,2.14,2.03,2.04,2.11,-0.07,-3.3175,198213.0,41249.716
600715.SH,20221021,2.16,2.17,2.11,2.11,2.16,-0.05,-2.3148,143708.0,30659.195
600715.SH,20221020,2.12,2.18,2.1,2.16,2.13,0.03,1.4085,136025.0,29123.312
600715.SH,20221019,2.16,2.17,2.13,2.13,2.16,-0.03,-1.3889,112948.0,24239.418
600715.SH,20221018,2.2,2.21,2.16,2.16,2.19,-0.03,-1.3699,146549.0,31901.467
600715.SH,20221017,2.15,2.2,2.13,2.19,2.16,0.03,1.3889,172449.0,37501.345
600715.SH,20221014,2.11,2.17,2.11,2.16,2.11,0.05,2.3697,196354.0,42251.542
600715.SH,20221013,2.1,2.16,2.08,2.11,2.1,0.01,0.4762,166531.0,35172.09
600715.SH,20221012,2.04,2.1,2.01,2.1,2.05,0.05,2.439,167705.0,34472.496
600715.SH,20221011,2.03,2.06,1.98,2.05,2.04,0.01,0.4902,168481.52,34059.388
600715.SH,20221010,2.1,2.11,2.02,2.04,2.09,-0.05,-2.3923,163806.0,33940.155
600715.SH,20220930,2.11,2.13,2.07,2.09,2.11,-0.02,-0.9479,144792.0,30452.897
600715.SH,20220929,2.17,2.19,2.08,2.11,2.16,-0.05,-2.3148,230007.56,48870.636
600715.SH,20220928,2.22,2.22,2.15,2.16,2.22,-0.06,-2.7027,184277.2,40162.075
600715.SH,20220927,2.17,2.22,2.13,2.22,2.15,0.07,3.2558,274161.0,59927.088
600715.SH,20220926,2.2,2.22,2.15,2.15,2.21,-0.06,-2.7149,259312.34,56714.967
600715.SH,20220923,2.31,2.32,2.21,2.21,2.31,-0.1,-4.329,252558.53,56997.24
600715.SH,20220922,2.34,2.34,2.29,2.31,2.34,-0.03,-1.2821,229147.31,53170.886
600715.SH,20220921,2.32,2.35,2.24,2.34,2.31,0.03,1.2987,343385.4,79114.459
600715.SH,20220920,2.28,2.35,2.28,2.31,2.28,0.03,1.3158,256118.0,59206.943
600715.SH,20220919,2.26,2.29,2.23,2.28,2.27,0.01,0.4405,292714.36,66199.945
600715.SH,20220916,2.34,2.38,2.27,2.27,2.35,-0.08,-3.4043,398391.0,92802.503
600715.SH,20220915,2.39,2.41,2.32,2.35,2.37,-0.02,-0.8439,410543.0,97297.964
600715.SH,20220914,2.36,2.42,2.33,2.37,2.38,-0.01,-0.4202,366492.2,87034.915
600715.SH,20220913,2.37,2.41,2.37,2.38,2.38,0.0,0.0,345080.0,82446.008
600715.SH,20220909,2.41,2.42,2.33,2.38,2.4,-0.02,-0.8333,444878.92,105451.485
600715.SH,20220908,2.4,2.49,2.39,2.4,2.4,0.0,0.0,671138.69,163208.705
600715.SH,20220907,2.44,2.44,2.37,2.4,2.44,-0.04,-1.6393,535972.0,128468.896
600715.SH,20220906,2.47,2.48,2.41,2.44,2.47,-0.03,-1.2146,533198.67,129931.691
600715.SH,20220905,2.42,2.49,2.38,2.47,2.47,0.0,0.0,664734.0,161917.76
600715.SH,20220902,2.38,2.52,2.38,2.47,2.37,0.1,4.2194,1116856.32,273361.663
600715.SH,20220901,2.53,2.57,2.36,2.37,2.48,-0.11,-4.4355,1148284.47,280433.319
600715.SH,20220831,2.46,2.65,2.43,2.48,2.57,-0.09,-3.5019,1247672.44,317166.766
600715.SH,20220830,2.75,2.77,2.57,2.57,2.86,-0.29,-10.1399,1549513.3,405873.006
600715.SH,20220829,3.04,3.04,2.76,2.86,3.07,-0.21,-6.8404,2271920.84,641438.035
600715.SH,20220826,2.94,3.07,2.66,3.07,2.79,0.28,10.0358,2586290.25,761763.981
600715.SH,20220825,2.5,2.79,2.5,2.79,2.54,0.25,9.8425,1045204.06,284009.354
600715.SH,20220824,2.48,2.6,2.43,2.54,2.52,0.02,0.7937,972660.16,246554.718
600715.SH,20220823,2.53,2.66,2.43,2.52,2.53,-0.01,-0.3953,1177662.52,294057.285
600715.SH,20220822,2.28,2.53,2.26,2.53,2.3,0.23,10.0,932610.32,228870.687
600715.SH,20220819,2.27,2.32,2.26,2.3,2.27,0.03,1.3216,176551.0,40587.753
600715.SH,20220818,2.33,2.33,2.25,2.27,2.32,-0.05,-2.1552,138510.02,31472.888
600715.SH,20220817,2.29,2.32,2.26,2.32,2.28,0.04,1.7544,167356.75,38454.663
600715.SH,20220816,2.27,2.28,2.24,2.28,2.27,0.01,0.4405,112622.0,25501.808
600715.SH,20220815,2.27,2.3,2.26,2.27,2.27,0.0,0.0,135124.0,30697.835
600715.SH,20220812,2.27,2.3,2.24,2.27,2.24,0.03,1.3393,193512.39,44136.346
600715.SH,20220811,2.17,2.25,2.16,2.24,2.16,0.08,3.7037,211065.64,46760.933
600715.SH,20220810,2.17,2.18,2.15,2.16,2.17,-0.01,-0.4608,93408.0,20212.995
600715.SH,20220809,2.21,2.21,2.16,2.17,2.21,-0.04,-1.81,115096.0,25087.202
600715.SH,20220808,2.2,2.22,2.17,2.21,2.21,0.0,0.0,104090.0,22861.925
600715.SH,20220805,2.2,2.22,2.17,2.21,2.19,0.02,0.9132,127387.28,27938.064
600715.SH,20220804,2.15,2.2,2.13,2.19,2.14,0.05,2.3364,129904.0,28133.647
600715.SH,20220803,2.16,2.22,2.13,2.14,2.17,-0.03,-1.3825,158987.64,34599.298
600715.SH,20220802,2.23,2.23,2.12,2.17,2.25,-0.08,-3.5556,212685.76,45988.475
600715.SH,20220801,2.29,2.29,2.23,2.25,2.3,-0.05,-2.1739,160909.8,36292.683
600715.SH,20220729,2.31,2.38,2.29,2.3,2.3,0.0,0.0,191018.0,44395.605
600715.SH,20220728,2.34,2.34,2.29,2.3,2.32,-0.02,-0.8621,130076.0,30027.209
600715.SH,20220727,2.35,2.38,2.3,2.32,2.35,-0.03,-1.2766,131234.0,30644.624
600715.SH,20220726,2.31,2.35,2.3,2.35,2.29,0.06,2.6201,183471.0,42704.417
600715.SH,20220725,2.34,2.35,2.27,2.29,2.33,-0.04,-1.7167,133521.0,30736.512
600715.SH,20220722,2.31,2.33,2.28,2.33,2.31,0.02,0.8658,166911.0,38524.434
600715.SH,20220721,2.29,2.36,2.28,2.31,2.29,0.02,0.8734,209234.0,48606.021
600715.SH,20220720,2.28,2.3,2.26,2.29,2.27,0.02,0.8811,123293.0,28189.207
600715.SH,20220719,2.19,2.27,2.18,2.27,2.2,0.07,3.1818,195583.0,43898.811
600715.SH,20220718,2.11,2.21,2.08,2.2,2.13,0.07,3.2864,195191.0,42642.608
600715.SH,20220715,2.21,2.22,2.13,2.13,2.24,-0.11,-4.9107,269161.0,58271.213
600715.SH,20220714,2.31,2.31,2.23,2.24,2.3,-0.06,-2.6087,149963.0,33879.016
600715.SH,20220713,2.24,2.33,2.24,2.3,2.25,0.05,2.2222,214203.17,48999.263
600715.SH,20220712,2.26,2.26,2.23,2.25,2.26,-0.01,-0.4425,136950.0,30726.747
600715.SH,20220711,2.29,2.3,2.24,2.26,2.31,-0.05,-2.1645,203444.0,45936.546
600715.SH,20220708,2.28,2.32,2.28,2.31,2.27,0.04,1.7621,206634.0,47537.333
600715.SH,20220707,2.27,2.3,2.25,2.27,2.29,-0.02,-0.8734,232474.0,52921.546
600715.SH,20220706,2.36,2.38,2.28,2.29,2.38,-0.09,-3.7815,380832.0,87854.209
600715.SH,20220705,2.42,2.47,2.35,2.38,2.43,-0.05,-2.0576,503288.2,120181.42
600715.SH,20220704,2.43,2.47,2.34,2.43,2.45,-0.02,-0.8163,567185.51,136283.438
600715.SH,20220701,2.56,2.59,2.41,2.45,2.52,-0.07,-2.7778,1156899.0,287010.976
600715.SH,20220630,2.3,2.52,2.3,2.52,2.29,0.23,10.0437,524931.0,129063.635
600715.SH,20220629,2.35,2.37,2.28,2.29,2.36,-0.07,-2.9661,253320.02,58848.602
600715.SH,20220628,2.28,2.48,2.25,2.36,2.29,0.07,3.0568,415129.05,96904.226
600715.SH,20220627,2.23,2.34,2.23,2.29,2.24,0.05,2.2321,370642.97,85033.38
600715.SH,20220624,2.21,2.25,2.19,2.24,2.21,0.03,1.3575,162067.49,36037.916
600715.SH,20220623,2.2,2.21,2.16,2.21,2.2,0.01,0.4545,193249.0,42267.981
600715.SH,20220622,2.24,2.26,2.19,2.2,2.23,-0.03,-1.3453,254279.0,56638.141
600715.SH,20220621,2.22,2.26,2.21,2.23,2.21,0.02,0.905,221701.0,49475.062
600715.SH,20220620,2.19,2.22,2.18,2.21,2.19,0.02,0.9132,178682.02,39315.748
600715.SH,20220617,2.23,2.26,2.17,2.19,2.24,-0.05,-2.2321,233509.0,51360.138
600715.SH,20220616,2.18,2.26,2.18,2.24,2.2,0.04,1.8182,319223.0,71410.416
600715.SH,20220615,2.21,2.24,2.2,2.2,2.21,-0.01,-0.4525,226689.0,50250.551
600715.SH,20220614,2.22,2.22,2.14,2.21,2.23,-0.02,-0.8969,289953.0,63113.721
600715.SH,20220613,2.21,2.24,2.18,2.23,2.21,0.02,0.905,196109.01,43437.773
600715.SH,20220610,2.2,2.23,2.17,2.21,2.2,0.01,0.4545,154474.0,34121.076
600715.SH,20220609,2.27,2.27,2.2,2.2,2.27,-0.07,-3.0837,221386.32,49225.955
600715.SH,20220608,2.29,2.31,2.22,2.27,2.29,-0.02,-0.8734,248419.74,56161.71
600715.SH,20220607,2.3,2.33,2.26,2.29,2.3,-0.01,-0.4348,223709.3,51052.562
600715.SH,20220606,2.3,2.31,2.25,2.3,2.28,0.02,0.8772,249911.0,56987.091
600715.SH,20220602,2.31,2.32,2.25,2.28,2.33,-0.05,-2.1459,258492.0,58937.155
600715.SH,20220601,2.31,2.4,2.29,2.33,2.34,-0.01,-0.4274,334862.0,78126.16
600715.SH,20220531,2.3,2.35,2.26,2.34,2.28,0.06,2.6316,460222.98,106522.16
600715.SH,20220530,2.29,2.33,2.23,2.28,2.32,-0.04,-1.7241,383631.96,87121.49
600715.SH,20220527,2.39,2.44,2.26,2.32,2.36,-0.04,-1.6949,550496.96,127633.923
600715.SH,20220526,2.5,2.52,2.35,2.36,2.45,-0.09,-3.6735,890011.0,214436.483
600715.SH,20220525,2.24,2.45,2.24,2.45,2.23,0.22,9.8655,314478.02,76007.821
600715.SH,20220524,2.41,2.42,2.22,2.23,2.39,-0.16,-6.6946,755072.78,173721.801
600715.SH,20220523,2.2,2.39,2.2,2.39,2.17,0.22,10.1382,236766.48,55098.66
600715.SH,20220520,2.18,2.19,2.14,2.17,2.16,0.01,0.463,208327.0,45112.536
600715.SH,20220519,2.2,2.21,2.13,2.16,2.23,-0.07,-3.139,315968.0,68416.452
600715.SH,20220518,2.13,2.26,2.13,2.23,2.14,0.09,4.2056,381355.02,84154.39
600715.SH,20220517,2.16,2.18,2.09,2.14,2.16,-0.02,-0.9259,186830.02,39747.341
600715.SH,20220516,2.1,2.18,2.08,2.16,2.09,0.07,3.3493,337796.02,72027.721
600715.SH,20220513,2.07,2.16,2.04,2.09,2.08,0.01,0.4808,279940.0,58703.698
600715.SH,20220512,2.02,2.1,2.01,2.08,2.05,0.03,1.4634,191324.02,39313.363
600715.SH,20220511,2.07,2.11,2.03,2.05,2.08,-0.03,-1.4423,202614.0,42248.345
600715.SH,20220510,2.07,2.09,2.05,2.08,2.08,0.0,0.0,161764.0,33437.767
600715.SH,20220509,2.02,2.1,2.0,2.08,2.02,0.06,2.9703,193838.49,40080.63
600715.SH,20220506,1.98,2.03,1.96,2.02,2.02,0.0,0.0,177069.46,35403.053
600715.SH,20220505,2.01,2.05,1.97,2.02,2.01,0.01,0.4975,195874.97,39531.204
600715.SH,20220429,1.94,2.03,1.92,2.01,1.93,0.08,4.1451,249323.0,49559.201
600715.SH,20220428,1.96,2.0,1.89,1.93,2.01,-0.08,-3.9801,227845.0,44110.089
600715.SH,20220427,1.91,2.01,1.84,2.01,1.96,0.05,2.551,284636.28,54514.958
600715.SH,20220426,2.03,2.07,1.95,1.96,2.06,-0.1,-4.8544,275949.0,55503.751
600715.SH,20220425,2.2,2.21,2.05,2.06,2.28,-0.22,-9.6491,345959.0,73261.427
600715.SH,20220422,2.33,2.33,2.27,2.28,2.35,-0.07,-2.9787,205473.0,47058.732
600715.SH,20220421,2.47,2.47,2.33,2.35,2.43,-0.08,-3.2922,275414.0,66095.904
600715.SH,20220420,2.42,2.49,2.41,2.43,2.42,0.01,0.4132,249663.02,61374.427
600715.SH,20220419,2.39,2.42,2.37,2.42,2.39,0.03,1.2552,164407.02,39377.912
600715.SH,20220418,2.41,2.42,2.31,2.39,2.42,-0.03,-1.2397,224953.0,53265.555
600715.SH,20220415,2.51,2.51,2.41,2.42,2.52,-0.1,-3.9683,288538.0,70605.966
600715.SH,20220414,2.53,2.57,2.49,2.52,2.53,-0.01,-0.3953,245884.02,62102.634
600715.SH,20220413,2.64,2.65,2.53,2.53,2.66,-0.13,-4.8872,308910.69,79135.106
600715.SH,20220412,2.53,2.66,2.51,2.66,2.47,0.19,7.6923,404188.0,104339.007
600715.SH,20220411,2.58,2.58,2.46,2.47,2.59,-0.12,-4.6332,240772.29,60638.887
600715.SH,20220408,2.63,2.65,2.55,2.59,2.65,-0.06,-2.2642,242587.0,62856.21
600715.SH,20220407,2.76,2.77,2.65,2.65,2.77,-0.12,-4.3321,311781.3,84038.062
600715.SH,20220406,2.67,2.81,2.65,2.77,2.68,0.09,3.3582,415943.89,114651.683
600715.SH,20220401,2.56,2.71,2.54,2.68,2.58,0.1,3.876,427612.6,113507.987
600715.SH,20220331,2.58,2.63,2.56,2.58,2.58,0.0,0.0,186995.0,48433.577
600715.SH,20220330,2.56,2.59,2.53,2.58,2.57,0.01,0.3891,163272.0,41939.869
600715.SH,20220329,2.62,2.64,2.56,2.57,2.62,-0.05,-1.9084,206338.0,53468.634
600715.SH,20220328,2.57,2.66,2.53,2.62,2.58,0.04,1.5504,297202.0,77951.06
600715.SH,20220325,2.57,2.63,2.57,2.58,2.56,0.02,0.7813,211690.58,54960.49
600715.SH,20220324,2.63,2.63,2.55,2.56,2.63,-0.07,-2.6616,213087.0,54993.53
600715.SH,20220323,2.66,2.69,2.62,2.63,2.66,-0.03,-1.1278,207536.0,54912.993
600715.SH,20220322,2.62,2.67,2.59,2.66,2.63,0.03,1.1407,239047.0,62944.017
600715.SH,20220321,2.61,2.65,2.57,2.63,2.63,0.0,0.0,267067.04,69657.698
600715.SH,20220318,2.55,2.65,2.53,2.63,2.57,0.06,2.3346,304742.02,79526.556
600715.SH,20220317,2.56,2.62,2.53,2.57,2.54,0.03,1.1811,310507.0,79880.051
600715.SH,20220316,2.44,2.56,2.41,2.54,2.4,0.14,5.8333,470862.13,117043.134
600715.SH,20220315,2.56,2.59,2.4,2.4,2.58,-0.18,-6.9767,374690.02,93340.714
600715.SH,20220314,2.62,2.68,2.58,2.58,2.66,-0.08,-3.0075,246345.0,64880.74
600715.SH,20220311,2.6,2.68,2.53,2.66,2.62,0.04,1.5267,318047.6,82902.669
600715.SH,20220310,2.62,2.66,2.6,2.62,2.59,0.03,1.1583,273937.0,71988.172
600715.SH,20220309,2.69,2.7,2.47,2.59,2.67,-0.08,-2.9963,444688.0,115362.197
600715.SH,20220308,2.83,2.83,2.63,2.67,2.84,-0.17,-5.9859,526729.09,142278.895
600715.SH,20220307,2.92,2.92,2.83,2.84,2.95,-0.11,-3.7288,474899.21,136333.514
600715.SH,20220304,2.86,2.98,2.81,2.95,2.87,0.08,2.7875,737151.87,213493.714
600715.SH,20220303,2.89,2.91,2.85,2.87,2.87,0.0,0.0,326759.77,93896.386
600715.SH,20220302,2.83,2.9,2.82,2.87,2.85,0.02,0.7018,319690.77,91576.096
600715.SH,20220301,2.82,2.88,2.81,2.85,2.81,0.04,1.4235,318751.02,90545.538
600715.SH,20220228,2.83,2.85,2.76,2.81,2.84,-0.03,-1.0563,302125.02,84817.529
600715.SH,20220225,2.84,2.88,2.83,2.84,2.82,0.02,0.7092,378167.56,107651.571
600715.SH,20220224,2.95,2.97,2.77,2.82,2.97,-0.15,-5.0505,723246.77,207146.623
600715.SH,20220223,2.98,3.01,2.96,2.97,2.97,0.0,0.0,438260.0,130614.968
600715.SH,20220222,3.08,3.08,2.95,2.97,3.1,-0.13,-4.1935,679822.29,203662.662
600715.SH,20220221,3.11,3.13,3.06,3.1,3.13,-0.03,-0.9585,602092.0,186385.753
600715.SH,20220218,3.09,3.15,3.06,3.13,3.11,0.02,0.6431,511429.0,159046.922
600715.SH,20220217,3.2,3.22,3.1,3.11,3.26,-0.15,-4.6012,767236.79,241308.065
600715.SH,20220216,3.18,3.26,3.12,3.26,3.26,0.0,0.0,826904.36,263917.542
600715.SH,20220215,3.48,3.58,3.2,3.26,3.46,-0.2,-5.7803,1385380.11,463123.154
600715.SH,20220214,3.39,3.68,3.31,3.46,3.52,-0.06,-1.7045,1447545.0,505715.858
600715.SH,20220211,3.6,3.69,3.51,3.52,3.9,-0.38,-9.7436,2126660.3,756752.541
600715.SH,20220210,4.24,4.24,3.85,3.9,3.85,0.05,1.2987,2957370.06,1200121.472
600715.SH,20220209,3.85,3.85,3.85,3.85,3.5,0.35,10.0,143825.02,55372.633
600715.SH,20220208,3.5,3.5,3.5,3.5,3.18,0.32,10.0629,69576.0,24351.6
600715.SH,20220207,3.18,3.18,3.18,3.18,2.89,0.29,10.0346,62326.0,19819.668
600715.SH,20220128,2.79,2.94,2.76,2.89,2.76,0.13,4.7101,278248.0,79583.524
600715.SH,20220127,2.87,2.88,2.76,2.76,2.89,-0.13,-4.4983,276680.0,77639.759
600715.SH,20220126,2.91,3.02,2.86,2.89,2.92,-0.03,-1.0274,287147.0,83515.913
600715.SH,20220125,3.08,3.09,2.9,2.92,3.11,-0.19,-6.1093,287324.07,85862.283
600715.SH,20220124,3.15,3.15,3.03,3.11,3.14,-0.03,-0.9554,207717.0,64377.424
600715.SH,20220121,3.08,3.2,3.07,3.14,3.09,0.05,1.6181,297703.0,93382.714
600715.SH,20220120,3.29,3.29,3.07,3.09,3.25,-0.16,-4.9231,352259.0,110348.381
600715.SH,20220119,3.19,3.37,3.19,3.25,3.18,0.07,2.2013,382119.18,124661.703
600715.SH,20220118,3.45,3.46,3.16,3.18,3.41,-0.23,-6.7449,487870.02,159144.166
600715.SH,20220117,3.23,3.49,3.21,3.41,3.24,0.17,5.2469,491571.8,165703.34
600715.SH,20220114,3.36,3.4,3.21,3.24,3.35,-0.11,-3.2836,369371.0,121804.97
600715.SH,20220113,3.39,3.47,3.35,3.35,3.45,-0.1,-2.8986,314764.48,106869.279
600715.SH,20220112,3.34,3.48,3.31,3.45,3.33,0.12,3.6036,433173.87,147440.495
600715.SH,20220111,3.43,3.49,3.31,3.33,3.41,-0.08,-2.346,385932.46,130562.638
600715.SH,20220110,3.47,3.48,3.33,3.41,3.53,-0.12,-3.3994,447512.46,152458.425
600715.SH,20220107,3.8,3.85,3.51,3.53,3.78,-0.25,-6.6138,801846.44,291856.303
600715.SH,20220106,3.51,3.88,3.46,3.78,3.53,0.25,7.0822,893937.54,332858.954
600715.SH,20220105,3.45,3.67,3.41,3.53,3.43,0.1,2.9155,691929.3,244156.299
600715.SH,20220104,3.3,3.54,3.26,3.43,3.33,0.1,3.003,565275.0,193651.754
